Fecha,Area_Sanitaria,Pacientes_Sin_Alta,Pacientes_Con_Alta,Exitus
"2020-03-01","A.S. A CORUÑA E CEE","0","0","0"
"2020-03-01","A.S. FERROL","0","0","0"
"2020-03-01","A.S. LUGO, A MARIÑA E MONFORTE","0","0","0"
"2020-03-01","A.S. OURENSE, VERÍN E O BARCO","0","0","0"
"2020-03-01","A.S. PONTEVEDRA E O SALNÉS","0","0","0"
"2020-03-01","A.S. SANTIAGO E BARBANZA","0","0","0"
"2020-03-01","A.S. VIGO","0","0","0"
"2020-03-01","SEN A.S. ASIGNADA","0","0","0"
"2020-03-01","GALICIA","0","0","0"
"2020-03-02","A.S. A CORUÑA E CEE","0","0","0"
"2020-03-02","A.S. FERROL","0","0","0"
"2020-03-02","A.S. LUGO, A MARIÑA E MONFORTE","0","0","0"
"2020-03-02","A.S. OURENSE, VERÍN E O BARCO","0","0","0"
"2020-03-02","A.S. PONTEVEDRA E O SALNÉS","0","0","0"
"2020-03-02","A.S. SANTIAGO E BARBANZA","0","0","0"
"2020-03-02","A.S. VIGO","0","0","0"
"2020-03-02","SEN A.S. ASIGNADA","0","0","0"
"2020-03-02","GALICIA","0","0","0"
"2020-03-03","A.S. A CORUÑA E CEE","0","0","0"
"2020-03-03","A.S. FERROL","0","0","0"
"2020-03-03","A.S. LUGO, A MARIÑA E MONFORTE","0","0","0"
"2020-03-03","A.S. OURENSE, VERÍN E O BARCO","0","0","0"
"2020-03-03","A.S. PONTEVEDRA E O SALNÉS","0","0","0"
"2020-03-03","A.S. SANTIAGO E BARBANZA","0","0","0"
"2020-03-03","A.S. VIGO","0","0","0"
"2020-03-03","SEN A.S. ASIGNADA","0","0","0"
"2020-03-03","GALICIA","0","0","0"
"2020-03-04","A.S. A CORUÑA E CEE","0","0","0"
"2020-03-04","A.S. FERROL","0","0","0"
"2020-03-04","A.S. LUGO, A MARIÑA E MONFORTE","0","0","0"
"2020-03-04","A.S. OURENSE, VERÍN E O BARCO","0","0","0"
"2020-03-04","A.S. PONTEVEDRA E O SALNÉS","0","0","0"
"2020-03-04","A.S. SANTIAGO E BARBANZA","0","0","0"
"2020-03-04","A.S. VIGO","0","0","0"
"2020-03-04","SEN A.S. ASIGNADA","0","0","0"
"2020-03-04","GALICIA","0","0","0"
"2020-03-05","A.S. A CORUÑA E CEE","0","0","0"
"2020-03-05","A.S. FERROL","0","0","0"
"2020-03-05","A.S. LUGO, A MARIÑA E MONFORTE","0","0","0"
"2020-03-05","A.S. OURENSE, VERÍN E O BARCO","0","0","0"
"2020-03-05","A.S. PONTEVEDRA E O SALNÉS","0","0","0"
"2020-03-05","A.S. SANTIAGO E BARBANZA","0","0","0"
"2020-03-05","A.S. VIGO","0","0","0"
"2020-03-05","SEN A.S. ASIGNADA","0","0","0"
"2020-03-05","GALICIA","0","0","0"
"2020-03-06","A.S. A CORUÑA E CEE","0","0","0"
"2020-03-06","A.S. FERROL","0","0","0"
"2020-03-06","A.S. LUGO, A MARIÑA E MONFORTE","0","0","0"
"2020-03-06","A.S. OURENSE, VERÍN E O BARCO","0","0","0"
"2020-03-06","A.S. PONTEVEDRA E O SALNÉS","0","0","0"
"2020-03-06","A.S. SANTIAGO E BARBANZA","0","0","0"
"2020-03-06","A.S. VIGO","4","0","0"
"2020-03-06","SEN A.S. ASIGNADA","0","0","0"
"2020-03-06","GALICIA","4","0","0"
"2020-03-07","A.S. A CORUÑA E CEE","0","0","0"
"2020-03-07","A.S. FERROL","0","0","0"
"2020-03-07","A.S. LUGO, A MARIÑA E MONFORTE","0","0","0"
"2020-03-07","A.S. OURENSE, VERÍN E O BARCO","0","0","0"
"2020-03-07","A.S. PONTEVEDRA E O SALNÉS","0","0","0"
"2020-03-07","A.S. SANTIAGO E BARBANZA","0","0","0"
"2020-03-07","A.S. VIGO","4","0","0"
"2020-03-07","SEN A.S. ASIGNADA","0","0","0"
"2020-03-07","GALICIA","4","0","0"
"2020-03-08","A.S. A CORUÑA E CEE","4","0","0"
"2020-03-08","A.S. FERROL","0","0","0"
"2020-03-08","A.S. LUGO, A MARIÑA E MONFORTE","0","0","0"
"2020-03-08","A.S. OURENSE, VERÍN E O BARCO","0","0","0"
"2020-03-08","A.S. PONTEVEDRA E O SALNÉS","0","0","0"
"2020-03-08","A.S. SANTIAGO E BARBANZA","0","0","0"
"2020-03-08","A.S. VIGO","4","0","0"
"2020-03-08","SEN A.S. ASIGNADA","0","0","0"
"2020-03-08","GALICIA","8","0","0"
"2020-03-09","A.S. A CORUÑA E CEE","4","0","0"
"2020-03-09","A.S. FERROL","1","0","0"
"2020-03-09","A.S. LUGO, A MARIÑA E MONFORTE","0","0","0"
"2020-03-09","A.S. OURENSE, VERÍN E O BARCO","0","0","0"
"2020-03-09","A.S. PONTEVEDRA E O SALNÉS","0","0","0"
"2020-03-09","A.S. SANTIAGO E BARBANZA","0","0","0"
"2020-03-09","A.S. VIGO","4","0","0"
"2020-03-09","SEN A.S. ASIGNADA","0","0","0"
"2020-03-09","GALICIA","9","0","0"
"2020-03-10","A.S. A CORUÑA E CEE","4","0","0"
"2020-03-10","A.S. FERROL","1","0","0"
"2020-03-10","A.S. LUGO, A MARIÑA E MONFORTE","0","0","0"
"2020-03-10","A.S. OURENSE, VERÍN E O BARCO","0","0","0"
"2020-03-10","A.S. PONTEVEDRA E O SALNÉS","1","0","0"
"2020-03-10","A.S. SANTIAGO E BARBANZA","1","0","0"
"2020-03-10","A.S. VIGO","4","0","0"
"2020-03-10","SEN A.S. ASIGNADA","0","0","0"
"2020-03-10","GALICIA","11","0","0"
"2020-03-11","A.S. A CORUÑA E CEE","20","0","0"
"2020-03-11","A.S. FERROL","1","0","0"
"2020-03-11","A.S. LUGO, A MARIÑA E MONFORTE","1","0","0"
"2020-03-11","A.S. OURENSE, VERÍN E O BARCO","0","0","0"
"2020-03-11","A.S. PONTEVEDRA E O SALNÉS","3","0","0"
"2020-03-11","A.S. SANTIAGO E BARBANZA","1","0","0"
"2020-03-11","A.S. VIGO","6","0","0"
"2020-03-11","SEN A.S. ASIGNADA","0","0","0"
"2020-03-11","GALICIA","32","0","0"
"2020-03-12","A.S. A CORUÑA E CEE","21","0","0"
"2020-03-12","A.S. FERROL","1","0","0"
"2020-03-12","A.S. LUGO, A MARIÑA E MONFORTE","3","0","0"
"2020-03-12","A.S. OURENSE, VERÍN E O BARCO","0","0","0"
"2020-03-12","A.S. PONTEVEDRA E O SALNÉS","6","0","0"
"2020-03-12","A.S. SANTIAGO E BARBANZA","2","0","0"
"2020-03-12","A.S. VIGO","9","0","0"
"2020-03-12","SEN A.S. ASIGNADA","0","0","0"
"2020-03-12","GALICIA","42","0","0"
"2020-03-13","A.S. A CORUÑA E CEE","45","0","0"
"2020-03-13","A.S. FERROL","1","0","0"
"2020-03-13","A.S. LUGO, A MARIÑA E MONFORTE","6","0","0"
"2020-03-13","A.S. OURENSE, VERÍN E O BARCO","4","0","0"
"2020-03-13","A.S. PONTEVEDRA E O SALNÉS","10","0","0"
"2020-03-13","A.S. SANTIAGO E BARBANZA","8","0","0"
"2020-03-13","A.S. VIGO","16","0","0"
"2020-03-13","SEN A.S. ASIGNADA","0","0","0"
"2020-03-13","GALICIA","90","0","0"
"2020-03-14","A.S. A CORUÑA E CEE","50","0","0"
"2020-03-14","A.S. FERROL","1","0","0"
"2020-03-14","A.S. LUGO, A MARIÑA E MONFORTE","7","0","0"
"2020-03-14","A.S. OURENSE, VERÍN E O BARCO","11","0","0"
"2020-03-14","A.S. PONTEVEDRA E O SALNÉS","14","0","0"
"2020-03-14","A.S. SANTIAGO E BARBANZA","18","0","0"
"2020-03-14","A.S. VIGO","27","0","1"
"2020-03-14","SEN A.S. ASIGNADA","0","0","0"
"2020-03-14","GALICIA","128","0","1"
"2020-03-15","A.S. A CORUÑA E CEE","65","0","0"
"2020-03-15","A.S. FERROL","2","0","0"
"2020-03-15","A.S. LUGO, A MARIÑA E MONFORTE","11","0","0"
"2020-03-15","A.S. OURENSE, VERÍN E O BARCO","21","0","0"
"2020-03-15","A.S. PONTEVEDRA E O SALNÉS","22","0","1"
"2020-03-15","A.S. SANTIAGO E BARBANZA","28","0","0"
"2020-03-15","A.S. VIGO","33","0","1"
"2020-03-15","SEN A.S. ASIGNADA","0","0","0"
"2020-03-15","GALICIA","182","0","2"
"2020-03-16","A.S. A CORUÑA E CEE","84","0","1"
"2020-03-16","A.S. FERROL","5","0","0"
"2020-03-16","A.S. LUGO, A MARIÑA E MONFORTE","24","0","0"
"2020-03-16","A.S. OURENSE, VERÍN E O BARCO","24","0","0"
"2020-03-16","A.S. PONTEVEDRA E O SALNÉS","30","0","1"
"2020-03-16","A.S. SANTIAGO E BARBANZA","40","0","0"
"2020-03-16","A.S. VIGO","40","0","1"
"2020-03-16","SEN A.S. ASIGNADA","0","0","0"
"2020-03-16","GALICIA","247","0","3"
"2020-03-17","A.S. A CORUÑA E CEE","116","0","2"
"2020-03-17","A.S. FERROL","9","0","0"
"2020-03-17","A.S. LUGO, A MARIÑA E MONFORTE","30","0","0"
"2020-03-17","A.S. OURENSE, VERÍN E O BARCO","33","0","0"
"2020-03-17","A.S. PONTEVEDRA E O SALNÉS","43","0","1"
"2020-03-17","A.S. SANTIAGO E BARBANZA","52","0","0"
"2020-03-17","A.S. VIGO","58","0","2"
"2020-03-17","SEN A.S. ASIGNADA","0","0","0"
"2020-03-17","GALICIA","341","0","5"
"2020-03-18","A.S. A CORUÑA E CEE","133","1","2"
"2020-03-18","A.S. FERROL","18","0","0"
"2020-03-18","A.S. LUGO, A MARIÑA E MONFORTE","40","0","0"
"2020-03-18","A.S. OURENSE, VERÍN E O BARCO","44","0","0"
"2020-03-18","A.S. PONTEVEDRA E O SALNÉS","68","1","1"
"2020-03-18","A.S. SANTIAGO E BARBANZA","77","0","0"
"2020-03-18","A.S. VIGO","87","0","2"
"2020-03-18","SEN A.S. ASIGNADA","0","0","0"
"2020-03-18","GALICIA","467","2","5"
"2020-03-19","A.S. A CORUÑA E CEE","157","1","3"
"2020-03-19","A.S. FERROL","21","0","0"
"2020-03-19","A.S. LUGO, A MARIÑA E MONFORTE","46","0","0"
"2020-03-19","A.S. OURENSE, VERÍN E O BARCO","55","0","0"
"2020-03-19","A.S. PONTEVEDRA E O SALNÉS","90","1","1"
"2020-03-19","A.S. SANTIAGO E BARBANZA","90","0","0"
"2020-03-19","A.S. VIGO","111","1","2"
"2020-03-19","SEN A.S. ASIGNADA","0","0","0"
"2020-03-19","GALICIA","570","3","6"
"2020-03-20","A.S. A CORUÑA E CEE","193","1","6"
"2020-03-20","A.S. FERROL","28","0","0"
"2020-03-20","A.S. LUGO, A MARIÑA E MONFORTE","50","0","1"
"2020-03-20","A.S. OURENSE, VERÍN E O BARCO","78","0","1"
"2020-03-20","A.S. PONTEVEDRA E O SALNÉS","110","2","1"
"2020-03-20","A.S. SANTIAGO E BARBANZA","107","0","0"
"2020-03-20","A.S. VIGO","140","2","2"
"2020-03-20","SEN A.S. ASIGNADA","0","0","0"
"2020-03-20","GALICIA","706","5","11"
"2020-03-21","A.S. A CORUÑA E CEE","219","1","10"
"2020-03-21","A.S. FERROL","35","0","0"
"2020-03-21","A.S. LUGO, A MARIÑA E MONFORTE","51","0","1"
"2020-03-21","A.S. OURENSE, VERÍN E O BARCO","103","0","1"
"2020-03-21","A.S. PONTEVEDRA E O SALNÉS","139","2","1"
"2020-03-21","A.S. SANTIAGO E BARBANZA","164","0","0"
"2020-03-21","A.S. VIGO","177","2","3"
"2020-03-21","SEN A.S. ASIGNADA","0","0","0"
"2020-03-21","GALICIA","888","5","16"
"2020-03-22","A.S. A CORUÑA E CEE","273","1","10"
"2020-03-22","A.S. FERROL","39","0","1"
"2020-03-22","A.S. LUGO, A MARIÑA E MONFORTE","54","0","1"
"2020-03-22","A.S. OURENSE, VERÍN E O BARCO","122","0","2"
"2020-03-22","A.S. PONTEVEDRA E O SALNÉS","146","3","2"
"2020-03-22","A.S. SANTIAGO E BARBANZA","180","0","1"
"2020-03-22","A.S. VIGO","201","2","3"
"2020-03-22","SEN A.S. ASIGNADA","0","0","0"
"2020-03-22","GALICIA","1.015","6","20"
"2020-03-23","A.S. A CORUÑA E CEE","315","2","11"
"2020-03-23","A.S. FERROL","39","0","2"
"2020-03-23","A.S. LUGO, A MARIÑA E MONFORTE","88","0","2"
"2020-03-23","A.S. OURENSE, VERÍN E O BARCO","154","0","2"
"2020-03-23","A.S. PONTEVEDRA E O SALNÉS","160","3","3"
"2020-03-23","A.S. SANTIAGO E BARBANZA","223","0","2"
"2020-03-23","A.S. VIGO","230","2","3"
"2020-03-23","SEN A.S. ASIGNADA","0","0","0"
"2020-03-23","GALICIA","1.209","7","25"
"2020-03-24","A.S. A CORUÑA E CEE","364","2","14"
"2020-03-24","A.S. FERROL","45","0","3"
"2020-03-24","A.S. LUGO, A MARIÑA E MONFORTE","106","0","4"
"2020-03-24","A.S. OURENSE, VERÍN E O BARCO","176","0","3"
"2020-03-24","A.S. PONTEVEDRA E O SALNÉS","180","5","3"
"2020-03-24","A.S. SANTIAGO E BARBANZA","249","0","2"
"2020-03-24","A.S. VIGO","287","2","3"
"2020-03-24","SEN A.S. ASIGNADA","0","0","0"
"2020-03-24","GALICIA","1.407","9","32"
"2020-03-25","A.S. A CORUÑA E CEE","436","3","18"
"2020-03-25","A.S. FERROL","52","0","4"
"2020-03-25","A.S. LUGO, A MARIÑA E MONFORTE","128","1","4"
"2020-03-25","A.S. OURENSE, VERÍN E O BARCO","233","0","4"
"2020-03-25","A.S. PONTEVEDRA E O SALNÉS","208","6","4"
"2020-03-25","A.S. SANTIAGO E BARBANZA","277","0","2"
"2020-03-25","A.S. VIGO","331","3","3"
"2020-03-25","SEN A.S. ASIGNADA","0","0","0"
"2020-03-25","GALICIA","1.665","13","39"
"2020-03-26","A.S. A CORUÑA E CEE","517","9","20"
"2020-03-26","A.S. FERROL","62","0","5"
"2020-03-26","A.S. LUGO, A MARIÑA E MONFORTE","182","1","4"
"2020-03-26","A.S. OURENSE, VERÍN E O BARCO","275","0","5"
"2020-03-26","A.S. PONTEVEDRA E O SALNÉS","236","6","6"
"2020-03-26","A.S. SANTIAGO E BARBANZA","358","0","4"
"2020-03-26","A.S. VIGO","385","4","4"
"2020-03-26","SEN A.S. ASIGNADA","0","0","0"
"2020-03-26","GALICIA","2.015","20","48"
"2020-03-27","A.S. A CORUÑA E CEE","594","13","23"
"2020-03-27","A.S. FERROL","113","1","6"
"2020-03-27","A.S. LUGO, A MARIÑA E MONFORTE","216","3","6"
"2020-03-27","A.S. OURENSE, VERÍN E O BARCO","330","0","6"
"2020-03-27","A.S. PONTEVEDRA E O SALNÉS","273","7","6"
"2020-03-27","A.S. SANTIAGO E BARBANZA","420","2","5"
"2020-03-27","A.S. VIGO","444","7","7"
"2020-03-27","SEN A.S. ASIGNADA","0","0","0"
"2020-03-27","GALICIA","2.390","33","59"
"2020-03-28","A.S. A CORUÑA E CEE","668","24","28"
"2020-03-28","A.S. FERROL","138","1","7"
"2020-03-28","A.S. LUGO, A MARIÑA E MONFORTE","213","7","7"
"2020-03-28","A.S. OURENSE, VERÍN E O BARCO","358","2","10"
"2020-03-28","A.S. PONTEVEDRA E O SALNÉS","296","9","6"
"2020-03-28","A.S. SANTIAGO E BARBANZA","450","7","8"
"2020-03-28","A.S. VIGO","509","11","12"
"2020-03-28","SEN A.S. ASIGNADA","0","0","0"
"2020-03-28","GALICIA","2.632","61","78"
"2020-03-29","A.S. A CORUÑA E CEE","693","30","30"
"2020-03-29","A.S. FERROL","148","2","8"
"2020-03-29","A.S. LUGO, A MARIÑA E MONFORTE","326","8","9"
"2020-03-29","A.S. OURENSE, VERÍN E O BARCO","430","7","11"
"2020-03-29","A.S. PONTEVEDRA E O SALNÉS","325","11","6"
"2020-03-29","A.S. SANTIAGO E BARBANZA","479","13","11"
"2020-03-29","A.S. VIGO","598","20","14"
"2020-03-29","SEN A.S. ASIGNADA","0","0","0"
"2020-03-29","GALICIA","2.999","91","89"
"2020-03-30","A.S. A CORUÑA E CEE","755","35","34"
"2020-03-30","A.S. FERROL","195","6","8"
"2020-03-30","A.S. LUGO, A MARIÑA E MONFORTE","374","12","9"
"2020-03-30","A.S. OURENSE, VERÍN E O BARCO","449","11","18"
"2020-03-30","A.S. PONTEVEDRA E O SALNÉS","328","14","8"
"2020-03-30","A.S. SANTIAGO E BARBANZA","501","18","15"
"2020-03-30","A.S. VIGO","620","25","24"
"2020-03-30","SEN A.S. ASIGNADA","0","0","0"
"2020-03-30","GALICIA","3.222","121","116"
"2020-03-31","A.S. A CORUÑA E CEE","822","45","40"
"2020-03-31","A.S. FERROL","210","9","8"
"2020-03-31","A.S. LUGO, A MARIÑA E MONFORTE","405","20","9"
"2020-03-31","A.S. OURENSE, VERÍN E O BARCO","530","11","22"
"2020-03-31","A.S. PONTEVEDRA E O SALNÉS","336","21","8"
"2020-03-31","A.S. SANTIAGO E BARBANZA","514","31","19"
"2020-03-31","A.S. VIGO","665","31","30"
"2020-03-31","SEN A.S. ASIGNADA","0","0","0"
"2020-03-31","GALICIA","3.482","168","136"
"2020-04-01","A.S. A CORUÑA E CEE","857","63","45"
"2020-04-01","A.S. FERROL","223","11","9"
"2020-04-01","A.S. LUGO, A MARIÑA E MONFORTE","427","28","12"
"2020-04-01","A.S. OURENSE, VERÍN E O BARCO","584","15","27"
"2020-04-01","A.S. PONTEVEDRA E O SALNÉS","353","28","8"
"2020-04-01","A.S. SANTIAGO E BARBANZA","548","35","20"
"2020-04-01","A.S. VIGO","685","46","38"
"2020-04-01","SEN A.S. ASIGNADA","0","0","0"
"2020-04-01","GALICIA","3.677","226","159"
"2020-04-02","A.S. A CORUÑA E CEE","879","76","49"
"2020-04-02","A.S. FERROL","236","15","9"
"2020-04-02","A.S. LUGO, A MARIÑA E MONFORTE","439","32","14"
"2020-04-02","A.S. OURENSE, VERÍN E O BARCO","718","20","31"
"2020-04-02","A.S. PONTEVEDRA E O SALNÉS","369","36","9"
"2020-04-02","A.S. SANTIAGO E BARBANZA","560","51","25"
"2020-04-02","A.S. VIGO","705","54","46"
"2020-04-02","SEN A.S. ASIGNADA","0","0","0"
"2020-04-02","GALICIA","3.906","284","183"
"2020-04-03","A.S. A CORUÑA E CEE","902","92","56"
"2020-04-03","A.S. FERROL","261","18","10"
"2020-04-03","A.S. LUGO, A MARIÑA E MONFORTE","458","32","14"
"2020-04-03","A.S. OURENSE, VERÍN E O BARCO","772","23","41"
"2020-04-03","A.S. PONTEVEDRA E O SALNÉS","374","51","9"
"2020-04-03","A.S. SANTIAGO E BARBANZA","596","60","30"
"2020-04-03","A.S. VIGO","711","68","50"
"2020-04-03","SEN A.S. ASIGNADA","0","0","0"
"2020-04-03","GALICIA","4.074","344","210"
"2020-04-04","A.S. A CORUÑA E CEE","898","121","60"
"2020-04-04","A.S. FERROL","271","18","12"
"2020-04-04","A.S. LUGO, A MARIÑA E MONFORTE","461","33","14"
"2020-04-04","A.S. OURENSE, VERÍN E O BARCO","812","34","45"
"2020-04-04","A.S. PONTEVEDRA E O SALNÉS","386","59","9"
"2020-04-04","A.S. SANTIAGO E BARBANZA","663","68","31"
"2020-04-04","A.S. VIGO","710","80","56"
"2020-04-04","SEN A.S. ASIGNADA","0","0","0"
"2020-04-04","GALICIA","4.201","413","227"
"2020-04-05","A.S. A CORUÑA E CEE","924","130","65"
"2020-04-05","A.S. FERROL","270","19","14"
"2020-04-05","A.S. LUGO, A MARIÑA E MONFORTE","470","33","17"
"2020-04-05","A.S. OURENSE, VERÍN E O BARCO","834","41","51"
"2020-04-05","A.S. PONTEVEDRA E O SALNÉS","385","71","9"
"2020-04-05","A.S. SANTIAGO E BARBANZA","664","96","36"
"2020-04-05","A.S. VIGO","701","104","63"
"2020-04-05","SEN A.S. ASIGNADA","0","0","0"
"2020-04-05","GALICIA","4.248","494","255"
"2020-04-06","A.S. A CORUÑA E CEE","955","159","69"
"2020-04-06","A.S. FERROL","274","21","15"
"2020-04-06","A.S. LUGO, A MARIÑA E MONFORTE","475","41","18"
"2020-04-06","A.S. OURENSE, VERÍN E O BARCO","834","52","53"
"2020-04-06","A.S. PONTEVEDRA E O SALNÉS","385","76","10"
"2020-04-06","A.S. SANTIAGO E BARBANZA","672","104","40"
"2020-04-06","A.S. VIGO","705","119","66"
"2020-04-06","SEN A.S. ASIGNADA","0","0","0"
"2020-04-06","GALICIA","4.300","572","271"
"2020-04-07","A.S. A CORUÑA E CEE","947","187","75"
"2020-04-07","A.S. FERROL","279","23","16"
"2020-04-07","A.S. LUGO, A MARIÑA E MONFORTE","457","68","19"
"2020-04-07","A.S. OURENSE, VERÍN E O BARCO","870","65","60"
"2020-04-07","A.S. PONTEVEDRA E O SALNÉS","382","84","10"
"2020-04-07","A.S. SANTIAGO E BARBANZA","687","141","44"
"2020-04-07","A.S. VIGO","706","130","73"
"2020-04-07","SEN A.S. ASIGNADA","0","0","0"
"2020-04-07","GALICIA","4.328","698","297"
"2020-04-08","A.S. A CORUÑA E CEE","958","218","79"
"2020-04-08","A.S. FERROL","287","26","16"
"2020-04-08","A.S. LUGO, A MARIÑA E MONFORTE","442","88","20"
"2020-04-08","A.S. OURENSE, VERÍN E O BARCO","886","81","61"
"2020-04-08","A.S. PONTEVEDRA E O SALNÉS","387","99","11"
"2020-04-08","A.S. SANTIAGO E BARBANZA","704","157","44"
"2020-04-08","A.S. VIGO","707","156","78"
"2020-04-08","SEN A.S. ASIGNADA","0","0","0"
"2020-04-08","GALICIA","4.371","825","309"
"2020-04-09","A.S. A CORUÑA E CEE","926","267","86"
"2020-04-09","A.S. FERROL","284","31","16"
"2020-04-09","A.S. LUGO, A MARIÑA E MONFORTE","438","103","21"
"2020-04-09","A.S. OURENSE, VERÍN E O BARCO","894","109","67"
"2020-04-09","A.S. PONTEVEDRA E O SALNÉS","391","110","11"
"2020-04-09","A.S. SANTIAGO E BARBANZA","710","169","47"
"2020-04-09","A.S. VIGO","710","181","84"
"2020-04-09","SEN A.S. ASIGNADA","0","0","0"
"2020-04-09","GALICIA","4.353","970","332"
"2020-04-10","A.S. A CORUÑA E CEE","904","321","91"
"2020-04-10","A.S. FERROL","282","39","17"
"2020-04-10","A.S. LUGO, A MARIÑA E MONFORTE","435","128","21"
"2020-04-10","A.S. OURENSE, VERÍN E O BARCO","926","132","77"
"2020-04-10","A.S. PONTEVEDRA E O SALNÉS","386","127","11"
"2020-04-10","A.S. SANTIAGO E BARBANZA","663","217","55"
"2020-04-10","A.S. VIGO","688","220","91"
"2020-04-10","SEN A.S. ASIGNADA","0","0","0"
"2020-04-10","GALICIA","4.284","1.184","363"
"2020-04-11","A.S. A CORUÑA E CEE","892","375","96"
"2020-04-11","A.S. FERROL","236","88","18"
"2020-04-11","A.S. LUGO, A MARIÑA E MONFORTE","415","151","22"
"2020-04-11","A.S. OURENSE, VERÍN E O BARCO","919","162","79"
"2020-04-11","A.S. PONTEVEDRA E O SALNÉS","374","148","11"
"2020-04-11","A.S. SANTIAGO E BARBANZA","619","268","58"
"2020-04-11","A.S. VIGO","687","240","92"
"2020-04-11","SEN A.S. ASIGNADA","0","0","0"
"2020-04-11","GALICIA","4.142","1.432","376"
"2020-04-12","A.S. A CORUÑA E CEE","854","436","97"
"2020-04-12","A.S. FERROL","225","108","21"
"2020-04-12","A.S. LUGO, A MARIÑA E MONFORTE","415","152","23"
"2020-04-12","A.S. OURENSE, VERÍN E O BARCO","940","166","81"
"2020-04-12","A.S. PONTEVEDRA E O SALNÉS","361","169","12"
"2020-04-12","A.S. SANTIAGO E BARBANZA","597","295","60"
"2020-04-12","A.S. VIGO","660","272","96"
"2020-04-12","SEN A.S. ASIGNADA","0","0","0"
"2020-04-12","GALICIA","4.052","1.598","390"
"2020-04-13","A.S. A CORUÑA E CEE","843","461","99"
"2020-04-13","A.S. FERROL","210","125","21"
"2020-04-13","A.S. LUGO, A MARIÑA E MONFORTE","337","233","23"
"2020-04-13","A.S. OURENSE, VERÍN E O BARCO","906","205","83"
"2020-04-13","A.S. PONTEVEDRA E O SALNÉS","342","193","12"
"2020-04-13","A.S. SANTIAGO E BARBANZA","577","327","64"
"2020-04-13","A.S. VIGO","650","298","100"
"2020-04-13","SEN A.S. ASIGNADA","0","0","0"
"2020-04-13","GALICIA","3.865","1.842","402"
"2020-04-14","A.S. A CORUÑA E CEE","800","519","106"
"2020-04-14","A.S. FERROL","185","152","22"
"2020-04-14","A.S. LUGO, A MARIÑA E MONFORTE","315","260","24"
"2020-04-14","A.S. OURENSE, VERÍN E O BARCO","902","218","85"
"2020-04-14","A.S. PONTEVEDRA E O SALNÉS","334","206","12"
"2020-04-14","A.S. SANTIAGO E BARBANZA","553","372","65"
"2020-04-14","A.S. VIGO","633","319","104"
"2020-04-14","SEN A.S. ASIGNADA","0","0","0"
"2020-04-14","GALICIA","3.722","2.046","418"
"2020-04-15","A.S. A CORUÑA E CEE","784","577","113"
"2020-04-15","A.S. FERROL","162","179","22"
"2020-04-15","A.S. LUGO, A MARIÑA E MONFORTE","289","290","25"
"2020-04-15","A.S. OURENSE, VERÍN E O BARCO","848","287","87"
"2020-04-15","A.S. PONTEVEDRA E O SALNÉS","337","215","12"
"2020-04-15","A.S. SANTIAGO E BARBANZA","540","398","66"
"2020-04-15","A.S. VIGO","613","356","105"
"2020-04-15","SEN A.S. ASIGNADA","0","0","0"
"2020-04-15","GALICIA","3.573","2.302","430"
"2020-04-16","A.S. A CORUÑA E CEE","765","627","117"
"2020-04-16","A.S. FERROL","157","188","23"
"2020-04-16","A.S. LUGO, A MARIÑA E MONFORTE","258","321","26"
"2020-04-16","A.S. OURENSE, VERÍN E O BARCO","810","348","87"
"2020-04-16","A.S. PONTEVEDRA E O SALNÉS","324","233","12"
"2020-04-16","A.S. SANTIAGO E BARBANZA","513","443","68"
"2020-04-16","A.S. VIGO","595","384","108"
"2020-04-16","SEN A.S. ASIGNADA","0","0","0"
"2020-04-16","GALICIA","3.422","2.544","441"
"2020-04-17","A.S. A CORUÑA E CEE","729","670","120"
"2020-04-17","A.S. FERROL","141","206","23"
"2020-04-17","A.S. LUGO, A MARIÑA E MONFORTE","244","340","26"
"2020-04-17","A.S. OURENSE, VERÍN E O BARCO","757","413","90"
"2020-04-17","A.S. PONTEVEDRA E O SALNÉS","305","257","13"
"2020-04-17","A.S. SANTIAGO E BARBANZA","493","469","72"
"2020-04-17","A.S. VIGO","574","414","109"
"2020-04-17","SEN A.S. ASIGNADA","0","0","0"
"2020-04-17","GALICIA","3.243","2.769","453"
"2020-04-18","A.S. A CORUÑA E CEE","709","710","125"
"2020-04-18","A.S. FERROL","120","227","24"
"2020-04-18","A.S. LUGO, A MARIÑA E MONFORTE","228","356","26"
"2020-04-18","A.S. OURENSE, VERÍN E O BARCO","743","482","96"
"2020-04-18","A.S. PONTEVEDRA E O SALNÉS","287","276","14"
"2020-04-18","A.S. SANTIAGO E BARBANZA","470","497","75"
"2020-04-18","A.S. VIGO","587","429","112"
"2020-04-18","SEN A.S. ASIGNADA","0","0","0"
"2020-04-18","GALICIA","3.144","2.977","472"
"2020-04-19","A.S. A CORUÑA E CEE","702","730","128"
"2020-04-19","A.S. FERROL","123","233","24"
"2020-04-19","A.S. LUGO, A MARIÑA E MONFORTE","231","362","26"
"2020-04-19","A.S. OURENSE, VERÍN E O BARCO","734","501","96"
"2020-04-19","A.S. PONTEVEDRA E O SALNÉS","269","297","14"
"2020-04-19","A.S. SANTIAGO E BARBANZA","456","533","76"
"2020-04-19","A.S. VIGO","602","441","114"
"2020-04-19","SEN A.S. ASIGNADA","0","0","0"
"2020-04-19","GALICIA","3.117","3.097","478"
"2020-04-20","A.S. A CORUÑA E CEE","706","747","132"
"2020-04-20","A.S. FERROL","127","236","25"
"2020-04-20","A.S. LUGO, A MARIÑA E MONFORTE","209","385","28"
"2020-04-20","A.S. OURENSE, VERÍN E O BARCO","706","536","98"
"2020-04-20","A.S. PONTEVEDRA E O SALNÉS","249","321","14"
"2020-04-20","A.S. SANTIAGO E BARBANZA","441","557","77"
"2020-04-20","A.S. VIGO","607","463","114"
"2020-04-20","SEN A.S. ASIGNADA","0","0","0"
"2020-04-20","GALICIA","3.045","3.245","488"
"2020-04-21","A.S. A CORUÑA E CEE","720","796","135"
"2020-04-21","A.S. FERROL","123","250","25"
"2020-04-21","A.S. LUGO, A MARIÑA E MONFORTE","193","412","28"
"2020-04-21","A.S. OURENSE, VERÍN E O BARCO","678","580","99"
"2020-04-21","A.S. PONTEVEDRA E O SALNÉS","247","332","15"
"2020-04-21","A.S. SANTIAGO E BARBANZA","416","594","83"
"2020-04-21","A.S. VIGO","602","484","117"
"2020-04-21","SEN A.S. ASIGNADA","0","0","0"
"2020-04-21","GALICIA","2.979","3.448","502"
"2020-04-22","A.S. A CORUÑA E CEE","717","831","137"
"2020-04-22","A.S. FERROL","128","259","25"
"2020-04-22","A.S. LUGO, A MARIÑA E MONFORTE","184","436","28"
"2020-04-22","A.S. OURENSE, VERÍN E O BARCO","647","629","101"
"2020-04-22","A.S. PONTEVEDRA E O SALNÉS","241","353","15"
"2020-04-22","A.S. SANTIAGO E BARBANZA","383","642","85"
"2020-04-22","A.S. VIGO","619","502","119"
"2020-04-22","SEN A.S. ASIGNADA","0","0","0"
"2020-04-22","GALICIA","2.919","3.652","510"
"2020-04-23","A.S. A CORUÑA E CEE","661","921","137"
"2020-04-23","A.S. FERROL","118","277","26"
"2020-04-23","A.S. LUGO, A MARIÑA E MONFORTE","182","454","28"
"2020-04-23","A.S. OURENSE, VERÍN E O BARCO","618","666","104"
"2020-04-23","A.S. PONTEVEDRA E O SALNÉS","223","381","15"
"2020-04-23","A.S. SANTIAGO E BARBANZA","359","695","86"
"2020-04-23","A.S. VIGO","610","533","120"
"2020-04-23","SEN A.S. ASIGNADA","0","0","0"
"2020-04-23","GALICIA","2.771","3.927","516"
"2020-04-24","A.S. A CORUÑA E CEE","638","977","143"
"2020-04-24","A.S. FERROL","122","282","26"
"2020-04-24","A.S. LUGO, A MARIÑA E MONFORTE","181","465","28"
"2020-04-24","A.S. OURENSE, VERÍN E O BARCO","569","726","107"
"2020-04-24","A.S. PONTEVEDRA E O SALNÉS","207","408","15"
"2020-04-24","A.S. SANTIAGO E BARBANZA","355","718","88"
"2020-04-24","A.S. VIGO","626","573","122"
"2020-04-24","SEN A.S. ASIGNADA","0","0","0"
"2020-04-24","GALICIA","2.698","4.149","529"
"2020-04-25","A.S. A CORUÑA E CEE","618","1.021","146"
"2020-04-25","A.S. FERROL","117","288","26"
"2020-04-25","A.S. LUGO, A MARIÑA E MONFORTE","172","480","28"
"2020-04-25","A.S. OURENSE, VERÍN E O BARCO","543","763","109"
"2020-04-25","A.S. PONTEVEDRA E O SALNÉS","195","422","15"
"2020-04-25","A.S. SANTIAGO E BARBANZA","351","735","89"
"2020-04-25","A.S. VIGO","605","596","124"
"2020-04-25","SEN A.S. ASIGNADA","0","0","0"
"2020-04-25","GALICIA","2.601","4.305","537"
"2020-04-26","A.S. A CORUÑA E CEE","582","1.069","147"
"2020-04-26","A.S. FERROL","116","289","27"
"2020-04-26","A.S. LUGO, A MARIÑA E MONFORTE","165","487","28"
"2020-04-26","A.S. OURENSE, VERÍN E O BARCO","527","787","110"
"2020-04-26","A.S. PONTEVEDRA E O SALNÉS","185","434","15"
"2020-04-26","A.S. SANTIAGO E BARBANZA","357","740","92"
"2020-04-26","A.S. VIGO","596","620","124"
"2020-04-26","SEN A.S. ASIGNADA","0","0","0"
"2020-04-26","GALICIA","2.528","4.426","543"
"2020-04-27","A.S. A CORUÑA E CEE","563","1.095","149"
"2020-04-27","A.S. FERROL","104","309","27"
"2020-04-27","A.S. LUGO, A MARIÑA E MONFORTE","160","498","28"
"2020-04-27","A.S. OURENSE, VERÍN E O BARCO","510","822","113"
"2020-04-27","A.S. PONTEVEDRA E O SALNÉS","170","462","15"
"2020-04-27","A.S. SANTIAGO E BARBANZA","359","758","96"
"2020-04-27","A.S. VIGO","590","658","124"
"2020-04-27","SEN A.S. ASIGNADA","0","0","0"
"2020-04-27","GALICIA","2.456","4.602","552"
"2020-04-28","A.S. A CORUÑA E CEE","553","1.129","149"
"2020-04-28","A.S. FERROL","103","318","27"
"2020-04-28","A.S. LUGO, A MARIÑA E MONFORTE","155","510","28"
"2020-04-28","A.S. OURENSE, VERÍN E O BARCO","508","845","113"
"2020-04-28","A.S. PONTEVEDRA E O SALNÉS","150","492","15"
"2020-04-28","A.S. SANTIAGO E BARBANZA","345","788","97"
"2020-04-28","A.S. VIGO","611","678","125"
"2020-04-28","SEN A.S. ASIGNADA","0","0","0"
"2020-04-28","GALICIA","2.425","4.760","554"
"2020-04-29","A.S. A CORUÑA E CEE","478","1.219","150"
"2020-04-29","A.S. FERROL","96","329","27"
"2020-04-29","A.S. LUGO, A MARIÑA E MONFORTE","146","529","28"
"2020-04-29","A.S. OURENSE, VERÍN E O BARCO","479","880","114"
"2020-04-29","A.S. PONTEVEDRA E O SALNÉS","145","506","15"
"2020-04-29","A.S. SANTIAGO E BARBANZA","334","828","98"
"2020-04-29","A.S. VIGO","626","703","125"
"2020-04-29","SEN A.S. ASIGNADA","0","0","0"
"2020-04-29","GALICIA","2.304","4.994","557"
"2020-04-30","A.S. A CORUÑA E CEE","451","1.254","152"
"2020-04-30","A.S. FERROL","82","351","27"
"2020-04-30","A.S. LUGO, A MARIÑA E MONFORTE","131","552","28"
"2020-04-30","A.S. OURENSE, VERÍN E O BARCO","452","923","116"
"2020-04-30","A.S. PONTEVEDRA E O SALNÉS","131","528","16"
"2020-04-30","A.S. SANTIAGO E BARBANZA","308","876","100"
"2020-04-30","A.S. VIGO","580","791","126"
"2020-04-30","SEN A.S. ASIGNADA","0","0","0"
"2020-04-30","GALICIA","2.135","5.275","565"
"2020-05-01","A.S. A CORUÑA E CEE","429","1.293","152"
"2020-05-01","A.S. FERROL","77","356","27"
"2020-05-01","A.S. LUGO, A MARIÑA E MONFORTE","128","556","28"
"2020-05-01","A.S. OURENSE, VERÍN E O BARCO","419","966","119"
"2020-05-01","A.S. PONTEVEDRA E O SALNÉS","117","544","16"
"2020-05-01","A.S. SANTIAGO E BARBANZA","292","895","101"
"2020-05-01","A.S. VIGO","572","823","126"
"2020-05-01","SEN A.S. ASIGNADA","0","0","0"
"2020-05-01","GALICIA","2.034","5.433","569"
"2020-05-02","A.S. A CORUÑA E CEE","411","1.318","154"
"2020-05-02","A.S. FERROL","71","361","29"
"2020-05-02","A.S. LUGO, A MARIÑA E MONFORTE","124","565","28"
"2020-05-02","A.S. OURENSE, VERÍN E O BARCO","402","994","120"
"2020-05-02","A.S. PONTEVEDRA E O SALNÉS","106","558","16"
"2020-05-02","A.S. SANTIAGO E BARBANZA","291","904","102"
"2020-05-02","A.S. VIGO","566","856","126"
"2020-05-02","SEN A.S. ASIGNADA","0","0","0"
"2020-05-02","GALICIA","1.971","5.556","575"
"2020-05-03","A.S. A CORUÑA E CEE","387","1.359","157"
"2020-05-03","A.S. FERROL","68","365","31"
"2020-05-03","A.S. LUGO, A MARIÑA E MONFORTE","121","569","28"
"2020-05-03","A.S. OURENSE, VERÍN E O BARCO","382","1.024","121"
"2020-05-03","A.S. PONTEVEDRA E O SALNÉS","102","565","16"
"2020-05-03","A.S. SANTIAGO E BARBANZA","286","912","102"
"2020-05-03","A.S. VIGO","540","897","126"
"2020-05-03","SEN A.S. ASIGNADA","0","0","0"
"2020-05-03","GALICIA","1.886","5.691","581"
"2020-05-04","A.S. A CORUÑA E CEE","370","1.386","159"
"2020-05-04","A.S. FERROL","65","378","31"
"2020-05-04","A.S. LUGO, A MARIÑA E MONFORTE","100","595","28"
"2020-05-04","A.S. OURENSE, VERÍN E O BARCO","341","1.083","122"
"2020-05-04","A.S. PONTEVEDRA E O SALNÉS","90","581","16"
"2020-05-04","A.S. SANTIAGO E BARBANZA","275","952","103"
"2020-05-04","A.S. VIGO","499","977","126"
"2020-05-04","SEN A.S. ASIGNADA","0","0","0"
"2020-05-04","GALICIA","1.740","5.952","585"
"2020-05-05","A.S. A CORUÑA E CEE","360","1.421","160"
"2020-05-05","A.S. FERROL","61","386","31"
"2020-05-05","A.S. LUGO, A MARIÑA E MONFORTE","91","620","28"
"2020-05-05","A.S. OURENSE, VERÍN E O BARCO","312","1.128","123"
"2020-05-05","A.S. PONTEVEDRA E O SALNÉS","82","596","16"
"2020-05-05","A.S. SANTIAGO E BARBANZA","247","988","105"
"2020-05-05","A.S. VIGO","471","1.028","128"
"2020-05-05","SEN A.S. ASIGNADA","0","0","0"
"2020-05-05","GALICIA","1.624","6.167","591"
"2020-05-06","A.S. A CORUÑA E CEE","330","1.466","160"
"2020-05-06","A.S. FERROL","57","396","32"
"2020-05-06","A.S. LUGO, A MARIÑA E MONFORTE","88","633","28"
"2020-05-06","A.S. OURENSE, VERÍN E O BARCO","308","1.154","124"
"2020-05-06","A.S. PONTEVEDRA E O SALNÉS","77","613","16"
"2020-05-06","A.S. SANTIAGO E BARBANZA","225","1.036","105"
"2020-05-06","A.S. VIGO","471","1.092","129"
"2020-05-06","SEN A.S. ASIGNADA","0","0","0"
"2020-05-06","GALICIA","1.556","6.390","594"
"2020-05-07","A.S. A CORUÑA E CEE","333","1.502","160"
"2020-05-07","A.S. FERROL","47","411","32"
"2020-05-07","A.S. LUGO, A MARIÑA E MONFORTE","87","646","28"
"2020-05-07","A.S. OURENSE, VERÍN E O BARCO","292","1.182","124"
"2020-05-07","A.S. PONTEVEDRA E O SALNÉS","80","625","16"
"2020-05-07","A.S. SANTIAGO E BARBANZA","228","1.081","106"
"2020-05-07","A.S. VIGO","487","1.145","129"
"2020-05-07","SEN A.S. ASIGNADA","0","0","0"
"2020-05-07","GALICIA","1.554","6.592","595"
"2020-05-08","A.S. A CORUÑA E CEE","329","1.536","161"
"2020-05-08","A.S. FERROL","42","418","33"
"2020-05-08","A.S. LUGO, A MARIÑA E MONFORTE","76","660","28"
"2020-05-08","A.S. OURENSE, VERÍN E O BARCO","279","1.205","125"
"2020-05-08","A.S. PONTEVEDRA E O SALNÉS","80","631","16"
"2020-05-08","A.S. SANTIAGO E BARBANZA","213","1.138","107"
"2020-05-08","A.S. VIGO","459","1.203","129"
"2020-05-08","SEN A.S. ASIGNADA","0","0","0"
"2020-05-08","GALICIA","1.478","6.791","599"
"2020-05-09","A.S. A CORUÑA E CEE","304","1.573","161"
"2020-05-09","A.S. FERROL","36","427","33"
"2020-05-09","A.S. LUGO, A MARIÑA E MONFORTE","75","663","28"
"2020-05-09","A.S. OURENSE, VERÍN E O BARCO","267","1.224","126"
"2020-05-09","A.S. PONTEVEDRA E O SALNÉS","73","641","16"
"2020-05-09","A.S. SANTIAGO E BARBANZA","207","1.171","107"
"2020-05-09","A.S. VIGO","422","1.248","129"
"2020-05-09","SEN A.S. ASIGNADA","0","0","0"
"2020-05-09","GALICIA","1.384","6.947","600"
"2020-05-10","A.S. A CORUÑA E CEE","270","1.611","161"
"2020-05-10","A.S. FERROL","35","430","33"
"2020-05-10","A.S. LUGO, A MARIÑA E MONFORTE","75","663","28"
"2020-05-10","A.S. OURENSE, VERÍN E O BARCO","261","1.235","126"
"2020-05-10","A.S. PONTEVEDRA E O SALNÉS","73","645","16"
"2020-05-10","A.S. SANTIAGO E BARBANZA","173","1.209","107"
"2020-05-10","A.S. VIGO","401","1.270","129"
"2020-05-10","SEN A.S. ASIGNADA","0","0","0"
"2020-05-10","GALICIA","1.288","7.063","600"
"2020-05-11","A.S. A CORUÑA E CEE","268","1.641","161"
"2020-05-11","A.S. FERROL","34","434","33"
"2020-05-11","A.S. LUGO, A MARIÑA E MONFORTE","69","673","28"
"2020-05-11","A.S. OURENSE, VERÍN E O BARCO","245","1.265","127"
"2020-05-11","A.S. PONTEVEDRA E O SALNÉS","67","654","16"
"2020-05-11","A.S. SANTIAGO E BARBANZA","173","1.222","107"
"2020-05-11","A.S. VIGO","389","1.308","129"
"2020-05-11","SEN A.S. ASIGNADA","0","0","0"
"2020-05-11","GALICIA","1.245","7.197","601"
"2020-05-12","A.S. A CORUÑA E CEE","261","1.669","162"
"2020-05-12","A.S. FERROL","27","441","33"
"2020-05-12","A.S. LUGO, A MARIÑA E MONFORTE","63","681","28"
"2020-05-12","A.S. OURENSE, VERÍN E O BARCO","230","1.290","127"
"2020-05-12","A.S. PONTEVEDRA E O SALNÉS","61","663","16"
"2020-05-12","A.S. SANTIAGO E BARBANZA","156","1.245","107"
"2020-05-12","A.S. VIGO","344","1.383","129"
"2020-05-12","SEN A.S. ASIGNADA","0","0","0"
"2020-05-12","GALICIA","1.142","7.372","602"
"2020-05-13","A.S. A CORUÑA E CEE","243","1.703","163"
"2020-05-13","A.S. FERROL","25","446","33"
"2020-05-13","A.S. LUGO, A MARIÑA E MONFORTE","59","691","28"
"2020-05-13","A.S. OURENSE, VERÍN E O BARCO","217","1.313","129"
"2020-05-13","A.S. PONTEVEDRA E O SALNÉS","55","674","16"
"2020-05-13","A.S. SANTIAGO E BARBANZA","149","1.262","107"
"2020-05-13","A.S. VIGO","305","1.432","129"
"2020-05-13","SEN A.S. ASIGNADA","0","0","0"
"2020-05-13","GALICIA","1.053","7.521","605"
"2020-05-14","A.S. A CORUÑA E CEE","217","1.739","163"
"2020-05-14","A.S. FERROL","23","450","33"
"2020-05-14","A.S. LUGO, A MARIÑA E MONFORTE","60","696","28"
"2020-05-14","A.S. OURENSE, VERÍN E O BARCO","203","1.341","129"
"2020-05-14","A.S. PONTEVEDRA E O SALNÉS","50","686","16"
"2020-05-14","A.S. SANTIAGO E BARBANZA","134","1.283","107"
"2020-05-14","A.S. VIGO","294","1.461","129"
"2020-05-14","SEN A.S. ASIGNADA","0","0","0"
"2020-05-14","GALICIA","981","7.656","605"
"2020-05-15","A.S. A CORUÑA E CEE","194","1.767","163"
"2020-05-15","A.S. FERROL","22","454","33"
"2020-05-15","A.S. LUGO, A MARIÑA E MONFORTE","57","702","28"
"2020-05-15","A.S. OURENSE, VERÍN E O BARCO","173","1.380","130"
"2020-05-15","A.S. PONTEVEDRA E O SALNÉS","46","695","16"
"2020-05-15","A.S. SANTIAGO E BARBANZA","123","1.301","107"
"2020-05-15","A.S. VIGO","278","1.484","129"
"2020-05-15","SEN A.S. ASIGNADA","0","0","0"
"2020-05-15","GALICIA","893","7.783","606"
"2020-05-16","A.S. A CORUÑA E CEE","181","1.782","163"
"2020-05-16","A.S. FERROL","21","455","33"
"2020-05-16","A.S. LUGO, A MARIÑA E MONFORTE","59","704","28"
"2020-05-16","A.S. OURENSE, VERÍN E O BARCO","167","1.390","130"
"2020-05-16","A.S. PONTEVEDRA E O SALNÉS","43","701","16"
"2020-05-16","A.S. SANTIAGO E BARBANZA","121","1.306","108"
"2020-05-16","A.S. VIGO","281","1.500","129"
"2020-05-16","SEN A.S. ASIGNADA","0","0","0"
"2020-05-16","GALICIA","873","7.838","607"
"2020-05-17","A.S. A CORUÑA E CEE","177","1.798","163"
"2020-05-17","A.S. FERROL","21","455","33"
"2020-05-17","A.S. LUGO, A MARIÑA E MONFORTE","56","707","28"
"2020-05-17","A.S. OURENSE, VERÍN E O BARCO","167","1.393","130"
"2020-05-17","A.S. PONTEVEDRA E O SALNÉS","41","704","16"
"2020-05-17","A.S. SANTIAGO E BARBANZA","117","1.311","109"
"2020-05-17","A.S. VIGO","274","1.508","129"
"2020-05-17","SEN A.S. ASIGNADA","0","0","0"
"2020-05-17","GALICIA","853","7.876","608"
"2020-05-18","A.S. A CORUÑA E CEE","171","1.824","163"
"2020-05-18","A.S. FERROL","18","459","33"
"2020-05-18","A.S. LUGO, A MARIÑA E MONFORTE","54","712","28"
"2020-05-18","A.S. OURENSE, VERÍN E O BARCO","138","1.427","130"
"2020-05-18","A.S. PONTEVEDRA E O SALNÉS","40","710","16"
"2020-05-18","A.S. SANTIAGO E BARBANZA","111","1.322","109"
"2020-05-18","A.S. VIGO","250","1.542","129"
"2020-05-18","SEN A.S. ASIGNADA","0","0","0"
"2020-05-18","GALICIA","782","7.996","608"
"2020-05-19","A.S. A CORUÑA E CEE","162","1.854","164"
"2020-05-19","A.S. FERROL","19","463","33"
"2020-05-19","A.S. LUGO, A MARIÑA E MONFORTE","52","717","28"
"2020-05-19","A.S. OURENSE, VERÍN E O BARCO","133","1.440","130"
"2020-05-19","A.S. PONTEVEDRA E O SALNÉS","38","714","16"
"2020-05-19","A.S. SANTIAGO E BARBANZA","108","1.335","109"
"2020-05-19","A.S. VIGO","232","1.565","129"
"2020-05-19","SEN A.S. ASIGNADA","0","0","0"
"2020-05-19","GALICIA","744","8.088","609"
"2020-05-20","A.S. A CORUÑA E CEE","155","1.867","164"
"2020-05-20","A.S. FERROL","18","467","33"
"2020-05-20","A.S. LUGO, A MARIÑA E MONFORTE","49","723","28"
"2020-05-20","A.S. OURENSE, VERÍN E O BARCO","119","1.459","130"
"2020-05-20","A.S. PONTEVEDRA E O SALNÉS","36","720","16"
"2020-05-20","A.S. SANTIAGO E BARBANZA","103","1.344","109"
"2020-05-20","A.S. VIGO","220","1.579","129"
"2020-05-20","SEN A.S. ASIGNADA","0","0","0"
"2020-05-20","GALICIA","700","8.159","609"
"2020-05-21","A.S. A CORUÑA E CEE","143","1.892","164"
"2020-05-21","A.S. FERROL","16","470","33"
"2020-05-21","A.S. LUGO, A MARIÑA E MONFORTE","42","734","28"
"2020-05-21","A.S. OURENSE, VERÍN E O BARCO","104","1.475","130"
"2020-05-21","A.S. PONTEVEDRA E O SALNÉS","25","734","16"
"2020-05-21","A.S. SANTIAGO E BARBANZA","104","1.352","110"
"2020-05-21","A.S. VIGO","211","1.592","130"
"2020-05-21","SEN A.S. ASIGNADA","0","0","0"
"2020-05-21","GALICIA","645","8.249","611"
"2020-05-22","A.S. A CORUÑA E CEE","141","1.921","165"
"2020-05-22","A.S. FERROL","17","471","33"
"2020-05-22","A.S. LUGO, A MARIÑA E MONFORTE","46","740","28"
"2020-05-22","A.S. OURENSE, VERÍN E O BARCO","97","1.489","130"
"2020-05-22","A.S. PONTEVEDRA E O SALNÉS","24","741","16"
"2020-05-22","A.S. SANTIAGO E BARBANZA","93","1.365","110"
"2020-05-22","A.S. VIGO","223","1.598","130"
"2020-05-22","SEN A.S. ASIGNADA","0","0","0"
"2020-05-22","GALICIA","641","8.325","612"
"2020-05-23","A.S. A CORUÑA E CEE","134","1.934","165"
"2020-05-23","A.S. FERROL","16","472","33"
"2020-05-23","A.S. LUGO, A MARIÑA E MONFORTE","44","742","28"
"2020-05-23","A.S. OURENSE, VERÍN E O BARCO","98","1.497","130"
"2020-05-23","A.S. PONTEVEDRA E O SALNÉS","23","743","16"
"2020-05-23","A.S. SANTIAGO E BARBANZA","91","1.371","111"
"2020-05-23","A.S. VIGO","215","1.607","130"
"2020-05-23","SEN A.S. ASIGNADA","0","0","0"
"2020-05-23","GALICIA","621","8.366","613"
"2020-05-24","A.S. A CORUÑA E CEE","128","1.941","165"
"2020-05-24","A.S. FERROL","15","473","33"
"2020-05-24","A.S. LUGO, A MARIÑA E MONFORTE","44","742","28"
"2020-05-24","A.S. OURENSE, VERÍN E O BARCO","96","1.498","131"
"2020-05-24","A.S. PONTEVEDRA E O SALNÉS","23","743","16"
"2020-05-24","A.S. SANTIAGO E BARBANZA","89","1.375","111"
"2020-05-24","A.S. VIGO","212","1.611","130"
"2020-05-24","SEN A.S. ASIGNADA","0","0","0"
"2020-05-24","GALICIA","607","8.383","614"
"2020-05-25","A.S. A CORUÑA E CEE","124","1.952","165"
"2020-05-25","A.S. FERROL","13","475","33"
"2020-05-25","A.S. LUGO, A MARIÑA E MONFORTE","42","746","28"
"2020-05-25","A.S. OURENSE, VERÍN E O BARCO","89","1.508","131"
"2020-05-25","A.S. PONTEVEDRA E O SALNÉS","24","743","16"
"2020-05-25","A.S. SANTIAGO E BARBANZA","93","1.383","111"
"2020-05-25","A.S. VIGO","209","1.617","130"
"2020-05-25","SEN A.S. ASIGNADA","0","0","0"
"2020-05-25","GALICIA","594","8.424","614"
"2020-05-26","A.S. A CORUÑA E CEE","120","1.971","165"
"2020-05-26","A.S. FERROL","11","477","33"
"2020-05-26","A.S. LUGO, A MARIÑA E MONFORTE","40","749","28"
"2020-05-26","A.S. OURENSE, VERÍN E O BARCO","81","1.517","131"
"2020-05-26","A.S. PONTEVEDRA E O SALNÉS","23","744","16"
"2020-05-26","A.S. SANTIAGO E BARBANZA","105","1.393","111"
"2020-05-26","A.S. VIGO","218","1.620","131"
"2020-05-26","SEN A.S. ASIGNADA","0","0","0"
"2020-05-26","GALICIA","598","8.471","615"
"2020-05-27","A.S. A CORUÑA E CEE","113","1.987","165"
"2020-05-27","A.S. FERROL","10","479","33"
"2020-05-27","A.S. LUGO, A MARIÑA E MONFORTE","40","751","28"
"2020-05-27","A.S. OURENSE, VERÍN E O BARCO","72","1.527","131"
"2020-05-27","A.S. PONTEVEDRA E O SALNÉS","20","759","16"
"2020-05-27","A.S. SANTIAGO E BARBANZA","107","1.401","111"
"2020-05-27","A.S. VIGO","227","1.629","131"
"2020-05-27","SEN A.S. ASIGNADA","0","0","0"
"2020-05-27","GALICIA","589","8.533","615"
"2020-05-28","A.S. A CORUÑA E CEE","110","1.996","165"
"2020-05-28","A.S. FERROL","6","484","33"
"2020-05-28","A.S. LUGO, A MARIÑA E MONFORTE","38","753","28"
"2020-05-28","A.S. OURENSE, VERÍN E O BARCO","67","1.536","131"
"2020-05-28","A.S. PONTEVEDRA E O SALNÉS","19","764","16"
"2020-05-28","A.S. SANTIAGO E BARBANZA","102","1.407","111"
"2020-05-28","A.S. VIGO","228","1.641","131"
"2020-05-28","SEN A.S. ASIGNADA","0","0","0"
"2020-05-28","GALICIA","570","8.581","615"
"2020-05-29","A.S. A CORUÑA E CEE","106","2.006","166"
"2020-05-29","A.S. FERROL","6","484","33"
"2020-05-29","A.S. LUGO, A MARIÑA E MONFORTE","32","759","28"
"2020-05-29","A.S. OURENSE, VERÍN E O BARCO","59","1.545","131"
"2020-05-29","A.S. PONTEVEDRA E O SALNÉS","19","767","16"
"2020-05-29","A.S. SANTIAGO E BARBANZA","100","1.410","111"
"2020-05-29","A.S. VIGO","231","1.649","131"
"2020-05-29","SEN A.S. ASIGNADA","0","0","0"
"2020-05-29","GALICIA","553","8.620","616"
"2020-05-30","A.S. A CORUÑA E CEE","103","2.014","166"
"2020-05-30","A.S. FERROL","7","484","33"
"2020-05-30","A.S. LUGO, A MARIÑA E MONFORTE","29","762","28"
"2020-05-30","A.S. OURENSE, VERÍN E O BARCO","56","1.548","131"
"2020-05-30","A.S. PONTEVEDRA E O SALNÉS","19","767","16"
"2020-05-30","A.S. SANTIAGO E BARBANZA","100","1.410","111"
"2020-05-30","A.S. VIGO","230","1.651","131"
"2020-05-30","SEN A.S. ASIGNADA","0","0","0"
"2020-05-30","GALICIA","544","8.636","616"
"2020-05-31","A.S. A CORUÑA E CEE","95","2.022","166"
"2020-05-31","A.S. FERROL","7","484","33"
"2020-05-31","A.S. LUGO, A MARIÑA E MONFORTE","29","762","28"
"2020-05-31","A.S. OURENSE, VERÍN E O BARCO","52","1.552","131"
"2020-05-31","A.S. PONTEVEDRA E O SALNÉS","19","768","16"
"2020-05-31","A.S. SANTIAGO E BARBANZA","100","1.411","111"
"2020-05-31","A.S. VIGO","227","1.654","131"
"2020-05-31","SEN A.S. ASIGNADA","0","0","0"
"2020-05-31","GALICIA","529","8.653","616"
"2020-06-01","A.S. A CORUÑA E CEE","92","2.028","166"
"2020-06-01","A.S. FERROL","6","485","33"
"2020-06-01","A.S. LUGO, A MARIÑA E MONFORTE","32","762","28"
"2020-06-01","A.S. OURENSE, VERÍN E O BARCO","46","1.558","132"
"2020-06-01","A.S. PONTEVEDRA E O SALNÉS","17","771","16"
"2020-06-01","A.S. SANTIAGO E BARBANZA","98","1.414","111"
"2020-06-01","A.S. VIGO","224","1.658","131"
"2020-06-01","SEN A.S. ASIGNADA","0","0","0"
"2020-06-01","GALICIA","515","8.676","617"
"2020-06-02","A.S. A CORUÑA E CEE","88","2.036","166"
"2020-06-02","A.S. FERROL","6","485","33"
"2020-06-02","A.S. LUGO, A MARIÑA E MONFORTE","31","764","29"
"2020-06-02","A.S. OURENSE, VERÍN E O BARCO","40","1.566","132"
"2020-06-02","A.S. PONTEVEDRA E O SALNÉS","11","779","16"
"2020-06-02","A.S. SANTIAGO E BARBANZA","87","1.431","111"
"2020-06-02","A.S. VIGO","171","1.717","131"
"2020-06-02","SEN A.S. ASIGNADA","0","0","0"
"2020-06-02","GALICIA","434","8.778","618"
"2020-06-03","A.S. A CORUÑA E CEE","85","2.050","166"
"2020-06-03","A.S. FERROL","5","486","33"
"2020-06-03","A.S. LUGO, A MARIÑA E MONFORTE","33","766","29"
"2020-06-03","A.S. OURENSE, VERÍN E O BARCO","36","1.570","132"
"2020-06-03","A.S. PONTEVEDRA E O SALNÉS","11","780","16"
"2020-06-03","A.S. SANTIAGO E BARBANZA","83","1.437","111"
"2020-06-03","A.S. VIGO","170","1.723","131"
"2020-06-03","SEN A.S. ASIGNADA","0","0","0"
"2020-06-03","GALICIA","423","8.812","618"
"2020-06-04","A.S. A CORUÑA E CEE","78","2.063","166"
"2020-06-04","A.S. FERROL","3","488","33"
"2020-06-04","A.S. LUGO, A MARIÑA E MONFORTE","29","774","29"
"2020-06-04","A.S. OURENSE, VERÍN E O BARCO","35","1.571","132"
"2020-06-04","A.S. PONTEVEDRA E O SALNÉS","12","783","16"
"2020-06-04","A.S. SANTIAGO E BARBANZA","86","1.443","111"
"2020-06-04","A.S. VIGO","175","1.724","131"
"2020-06-04","SEN A.S. ASIGNADA","0","0","0"
"2020-06-04","GALICIA","418","8.846","618"
"2020-06-05","A.S. A CORUÑA E CEE","76","2.068","166"
"2020-06-05","A.S. FERROL","3","488","33"
"2020-06-05","A.S. LUGO, A MARIÑA E MONFORTE","26","780","29"
"2020-06-05","A.S. OURENSE, VERÍN E O BARCO","28","1.583","132"
"2020-06-05","A.S. PONTEVEDRA E O SALNÉS","11","787","16"
"2020-06-05","A.S. SANTIAGO E BARBANZA","78","1.456","111"
"2020-06-05","A.S. VIGO","174","1.727","131"
"2020-06-05","SEN A.S. ASIGNADA","0","0","0"
"2020-06-05","GALICIA","396","8.889","618"
"2020-06-06","A.S. A CORUÑA E CEE","68","2.076","166"
"2020-06-06","A.S. FERROL","3","488","33"
"2020-06-06","A.S. LUGO, A MARIÑA E MONFORTE","24","783","29"
"2020-06-06","A.S. OURENSE, VERÍN E O BARCO","24","1.587","132"
"2020-06-06","A.S. PONTEVEDRA E O SALNÉS","11","787","16"
"2020-06-06","A.S. SANTIAGO E BARBANZA","78","1.457","111"
"2020-06-06","A.S. VIGO","172","1.730","131"
"2020-06-06","SEN A.S. ASIGNADA","0","0","0"
"2020-06-06","GALICIA","380","8.908","618"
"2020-06-07","A.S. A CORUÑA E CEE","66","2.079","166"
"2020-06-07","A.S. FERROL","2","489","33"
"2020-06-07","A.S. LUGO, A MARIÑA E MONFORTE","24","783","29"
"2020-06-07","A.S. OURENSE, VERÍN E O BARCO","23","1.589","132"
"2020-06-07","A.S. PONTEVEDRA E O SALNÉS","11","787","16"
"2020-06-07","A.S. SANTIAGO E BARBANZA","77","1.459","111"
"2020-06-07","A.S. VIGO","172","1.730","131"
"2020-06-07","SEN A.S. ASIGNADA","0","0","0"
"2020-06-07","GALICIA","375","8.916","618"
"2020-06-08","A.S. A CORUÑA E CEE","68","2.080","166"
"2020-06-08","A.S. FERROL","2","489","33"
"2020-06-08","A.S. LUGO, A MARIÑA E MONFORTE","28","784","29"
"2020-06-08","A.S. OURENSE, VERÍN E O BARCO","22","1.594","132"
"2020-06-08","A.S. PONTEVEDRA E O SALNÉS","10","789","16"
"2020-06-08","A.S. SANTIAGO E BARBANZA","78","1.463","111"
"2020-06-08","A.S. VIGO","177","1.734","131"
"2020-06-08","SEN A.S. ASIGNADA","0","0","0"
"2020-06-08","GALICIA","385","8.933","618"
"2020-06-09","A.S. A CORUÑA E CEE","60","2.098","166"
"2020-06-09","A.S. FERROL","2","489","33"
"2020-06-09","A.S. LUGO, A MARIÑA E MONFORTE","24","790","29"
"2020-06-09","A.S. OURENSE, VERÍN E O BARCO","18","1.599","132"
"2020-06-09","A.S. PONTEVEDRA E O SALNÉS","8","791","16"
"2020-06-09","A.S. SANTIAGO E BARBANZA","71","1.471","111"
"2020-06-09","A.S. VIGO","170","1.748","131"
"2020-06-09","SEN A.S. ASIGNADA","0","0","0"
"2020-06-09","GALICIA","353","8.986","618"
"2020-06-10","A.S. A CORUÑA E CEE","83","2.104","166"
"2020-06-10","A.S. FERROL","2","489","33"
"2020-06-10","A.S. LUGO, A MARIÑA E MONFORTE","22","792","29"
"2020-06-10","A.S. OURENSE, VERÍN E O BARCO","18","1.599","132"
"2020-06-10","A.S. PONTEVEDRA E O SALNÉS","8","791","16"
"2020-06-10","A.S. SANTIAGO E BARBANZA","67","1.476","111"
"2020-06-10","A.S. VIGO","163","1.756","132"
"2020-06-10","SEN A.S. ASIGNADA","0","0","0"
"2020-06-10","GALICIA","363","9.007","619"
"2020-06-11","A.S. A CORUÑA E CEE","75","2.125","166"
"2020-06-11","A.S. FERROL","1","490","33"
"2020-06-11","A.S. LUGO, A MARIÑA E MONFORTE","17","798","29"
"2020-06-11","A.S. OURENSE, VERÍN E O BARCO","16","1.601","132"
"2020-06-11","A.S. PONTEVEDRA E O SALNÉS","5","794","16"
"2020-06-11","A.S. SANTIAGO E BARBANZA","15","1.528","111"
"2020-06-11","A.S. VIGO","136","1.787","132"
"2020-06-11","SEN A.S. ASIGNADA","0","0","0"
"2020-06-11","GALICIA","265","9.123","619"
"2020-06-12","A.S. A CORUÑA E CEE","81","2.129","166"
"2020-06-12","A.S. FERROL","2","490","33"
"2020-06-12","A.S. LUGO, A MARIÑA E MONFORTE","14","801","29"
"2020-06-12","A.S. OURENSE, VERÍN E O BARCO","14","1.603","132"
"2020-06-12","A.S. PONTEVEDRA E O SALNÉS","5","794","16"
"2020-06-12","A.S. SANTIAGO E BARBANZA","16","1.528","111"
"2020-06-12","A.S. VIGO","136","1.790","132"
"2020-06-12","SEN A.S. ASIGNADA","0","0","0"
"2020-06-12","GALICIA","268","9.135","619"
"2020-06-13","A.S. A CORUÑA E CEE","80","2.131","166"
"2020-06-13","A.S. FERROL","2","490","33"
"2020-06-13","A.S. LUGO, A MARIÑA E MONFORTE","14","802","29"
"2020-06-13","A.S. OURENSE, VERÍN E O BARCO","13","1.604","132"
"2020-06-13","A.S. PONTEVEDRA E O SALNÉS","5","794","16"
"2020-06-13","A.S. SANTIAGO E BARBANZA","16","1.528","111"
"2020-06-13","A.S. VIGO","125","1.801","132"
"2020-06-13","SEN A.S. ASIGNADA","0","0","0"
"2020-06-13","GALICIA","255","9.150","619"
"2020-06-14","A.S. A CORUÑA E CEE","79","2.132","166"
"2020-06-14","A.S. FERROL","2","490","33"
"2020-06-14","A.S. LUGO, A MARIÑA E MONFORTE","14","802","29"
"2020-06-14","A.S. OURENSE, VERÍN E O BARCO","13","1.604","132"
"2020-06-14","A.S. PONTEVEDRA E O SALNÉS","5","794","16"
"2020-06-14","A.S. SANTIAGO E BARBANZA","16","1.528","111"
"2020-06-14","A.S. VIGO","126","1.801","132"
"2020-06-14","SEN A.S. ASIGNADA","0","0","0"
"2020-06-14","GALICIA","255","9.151","619"
"2020-06-15","A.S. A CORUÑA E CEE","87","2.134","166"
"2020-06-15","A.S. FERROL","2","490","33"
"2020-06-15","A.S. LUGO, A MARIÑA E MONFORTE","13","803","29"
"2020-06-15","A.S. OURENSE, VERÍN E O BARCO","13","1.605","132"
"2020-06-15","A.S. PONTEVEDRA E O SALNÉS","4","795","16"
"2020-06-15","A.S. SANTIAGO E BARBANZA","15","1.529","111"
"2020-06-15","A.S. VIGO","125","1.803","132"
"2020-06-15","SEN A.S. ASIGNADA","0","0","0"
"2020-06-15","GALICIA","259","9.159","619"
"2020-06-16","A.S. A CORUÑA E CEE","84","2.139","166"
"2020-06-16","A.S. FERROL","2","490","33"
"2020-06-16","A.S. LUGO, A MARIÑA E MONFORTE","12","804","29"
"2020-06-16","A.S. OURENSE, VERÍN E O BARCO","12","1.607","132"
"2020-06-16","A.S. PONTEVEDRA E O SALNÉS","4","795","16"
"2020-06-16","A.S. SANTIAGO E BARBANZA","15","1.529","111"
"2020-06-16","A.S. VIGO","125","1.805","132"
"2020-06-16","SEN A.S. ASIGNADA","0","0","0"
"2020-06-16","GALICIA","254","9.169","619"
"2020-06-17","A.S. A CORUÑA E CEE","82","2.144","166"
"2020-06-17","A.S. FERROL","2","490","33"
"2020-06-17","A.S. LUGO, A MARIÑA E MONFORTE","13","804","29"
"2020-06-17","A.S. OURENSE, VERÍN E O BARCO","10","1.609","132"
"2020-06-17","A.S. PONTEVEDRA E O SALNÉS","5","795","16"
"2020-06-17","A.S. SANTIAGO E BARBANZA","16","1.529","111"
"2020-06-17","A.S. VIGO","124","1.808","132"
"2020-06-17","SEN A.S. ASIGNADA","0","0","0"
"2020-06-17","GALICIA","252","9.179","619"
"2020-06-18","A.S. A CORUÑA E CEE","83","2.149","166"
"2020-06-18","A.S. FERROL","2","490","33"
"2020-06-18","A.S. LUGO, A MARIÑA E MONFORTE","12","806","29"
"2020-06-18","A.S. OURENSE, VERÍN E O BARCO","11","1.609","132"
"2020-06-18","A.S. PONTEVEDRA E O SALNÉS","5","796","16"
"2020-06-18","A.S. SANTIAGO E BARBANZA","14","1.531","111"
"2020-06-18","A.S. VIGO","123","1.815","132"
"2020-06-18","SEN A.S. ASIGNADA","0","0","0"
"2020-06-18","GALICIA","250","9.196","619"
"2020-06-19","A.S. A CORUÑA E CEE","84","2.157","166"
"2020-06-19","A.S. FERROL","2","491","33"
"2020-06-19","A.S. LUGO, A MARIÑA E MONFORTE","12","806","29"
"2020-06-19","A.S. OURENSE, VERÍN E O BARCO","11","1.609","132"
"2020-06-19","A.S. PONTEVEDRA E O SALNÉS","5","796","16"
"2020-06-19","A.S. SANTIAGO E BARBANZA","12","1.534","111"
"2020-06-19","A.S. VIGO","125","1.818","132"
"2020-06-19","SEN A.S. ASIGNADA","0","0","0"
"2020-06-19","GALICIA","251","9.211","619"
"2020-06-20","A.S. A CORUÑA E CEE","83","2.159","166"
"2020-06-20","A.S. FERROL","2","491","33"
"2020-06-20","A.S. LUGO, A MARIÑA E MONFORTE","14","806","29"
"2020-06-20","A.S. OURENSE, VERÍN E O BARCO","10","1.610","132"
"2020-06-20","A.S. PONTEVEDRA E O SALNÉS","5","796","16"
"2020-06-20","A.S. SANTIAGO E BARBANZA","14","1.534","111"
"2020-06-20","A.S. VIGO","125","1.818","132"
"2020-06-20","SEN A.S. ASIGNADA","0","0","0"
"2020-06-20","GALICIA","253","9.214","619"
"2020-06-21","A.S. A CORUÑA E CEE","81","2.161","166"
"2020-06-21","A.S. FERROL","2","491","33"
"2020-06-21","A.S. LUGO, A MARIÑA E MONFORTE","14","806","29"
"2020-06-21","A.S. OURENSE, VERÍN E O BARCO","10","1.610","132"
"2020-06-21","A.S. PONTEVEDRA E O SALNÉS","5","796","16"
"2020-06-21","A.S. SANTIAGO E BARBANZA","18","1.535","111"
"2020-06-21","A.S. VIGO","124","1.820","132"
"2020-06-21","SEN A.S. ASIGNADA","0","0","0"
"2020-06-21","GALICIA","254","9.219","619"
"2020-06-22","A.S. A CORUÑA E CEE","82","2.164","166"
"2020-06-22","A.S. FERROL","2","491","33"
"2020-06-22","A.S. LUGO, A MARIÑA E MONFORTE","13","807","29"
"2020-06-22","A.S. OURENSE, VERÍN E O BARCO","9","1.611","132"
"2020-06-22","A.S. PONTEVEDRA E O SALNÉS","5","796","16"
"2020-06-22","A.S. SANTIAGO E BARBANZA","18","1.535","111"
"2020-06-22","A.S. VIGO","122","1.823","132"
"2020-06-22","SEN A.S. ASIGNADA","0","0","0"
"2020-06-22","GALICIA","251","9.227","619"
"2020-06-23","A.S. A CORUÑA E CEE","83","2.173","166"
"2020-06-23","A.S. FERROL","3","491","33"
"2020-06-23","A.S. LUGO, A MARIÑA E MONFORTE","16","807","29"
"2020-06-23","A.S. OURENSE, VERÍN E O BARCO","10","1.611","132"
"2020-06-23","A.S. PONTEVEDRA E O SALNÉS","5","796","16"
"2020-06-23","A.S. SANTIAGO E BARBANZA","16","1.537","111"
"2020-06-23","A.S. VIGO","121","1.824","132"
"2020-06-23","SEN A.S. ASIGNADA","0","0","0"
"2020-06-23","GALICIA","254","9.239","619"
"2020-06-24","A.S. A CORUÑA E CEE","78","2.178","166"
"2020-06-24","A.S. FERROL","3","491","33"
"2020-06-24","A.S. LUGO, A MARIÑA E MONFORTE","19","807","29"
"2020-06-24","A.S. OURENSE, VERÍN E O BARCO","9","1.612","132"
"2020-06-24","A.S. PONTEVEDRA E O SALNÉS","5","796","16"
"2020-06-24","A.S. SANTIAGO E BARBANZA","15","1.538","111"
"2020-06-24","A.S. VIGO","119","1.826","132"
"2020-06-24","SEN A.S. ASIGNADA","0","0","0"
"2020-06-24","GALICIA","248","9.248","619"
"2020-06-25","A.S. A CORUÑA E CEE","54","2.210","166"
"2020-06-25","A.S. FERROL","3","491","33"
"2020-06-25","A.S. LUGO, A MARIÑA E MONFORTE","24","808","29"
"2020-06-25","A.S. OURENSE, VERÍN E O BARCO","8","1.613","132"
"2020-06-25","A.S. PONTEVEDRA E O SALNÉS","6","796","16"
"2020-06-25","A.S. SANTIAGO E BARBANZA","12","1.541","111"
"2020-06-25","A.S. VIGO","115","1.830","132"
"2020-06-25","SEN A.S. ASIGNADA","0","0","0"
"2020-06-25","GALICIA","222","9.289","619"
"2020-06-26","A.S. A CORUÑA E CEE","40","2.225","166"
"2020-06-26","A.S. FERROL","3","491","33"
"2020-06-26","A.S. LUGO, A MARIÑA E MONFORTE","22","810","29"
"2020-06-26","A.S. OURENSE, VERÍN E O BARCO","8","1.614","132"
"2020-06-26","A.S. PONTEVEDRA E O SALNÉS","6","796","16"
"2020-06-26","A.S. SANTIAGO E BARBANZA","13","1.541","111"
"2020-06-26","A.S. VIGO","115","1.831","132"
"2020-06-26","SEN A.S. ASIGNADA","0","0","0"
"2020-06-26","GALICIA","207","9.308","619"
"2020-06-27","A.S. A CORUÑA E CEE","36","2.229","166"
"2020-06-27","A.S. FERROL","3","491","33"
"2020-06-27","A.S. LUGO, A MARIÑA E MONFORTE","25","810","29"
"2020-06-27","A.S. OURENSE, VERÍN E O BARCO","8","1.614","132"
"2020-06-27","A.S. PONTEVEDRA E O SALNÉS","6","796","16"
"2020-06-27","A.S. SANTIAGO E BARBANZA","12","1.542","111"
"2020-06-27","A.S. VIGO","113","1.834","132"
"2020-06-27","SEN A.S. ASIGNADA","0","0","0"
"2020-06-27","GALICIA","203","9.316","619"
"2020-06-28","A.S. A CORUÑA E CEE","36","2.229","166"
"2020-06-28","A.S. FERROL","3","491","33"
"2020-06-28","A.S. LUGO, A MARIÑA E MONFORTE","27","810","29"
"2020-06-28","A.S. OURENSE, VERÍN E O BARCO","9","1.614","132"
"2020-06-28","A.S. PONTEVEDRA E O SALNÉS","6","796","16"
"2020-06-28","A.S. SANTIAGO E BARBANZA","12","1.543","111"
"2020-06-28","A.S. VIGO","112","1.835","132"
"2020-06-28","SEN A.S. ASIGNADA","0","0","0"
"2020-06-28","GALICIA","205","9.318","619"
"2020-06-29","A.S. A CORUÑA E CEE","36","2.231","166"
"2020-06-29","A.S. FERROL","3","491","33"
"2020-06-29","A.S. LUGO, A MARIÑA E MONFORTE","29","812","29"
"2020-06-29","A.S. OURENSE, VERÍN E O BARCO","9","1.614","132"
"2020-06-29","A.S. PONTEVEDRA E O SALNÉS","6","796","16"
"2020-06-29","A.S. SANTIAGO E BARBANZA","11","1.544","111"
"2020-06-29","A.S. VIGO","111","1.836","132"
"2020-06-29","SEN A.S. ASIGNADA","0","0","0"
"2020-06-29","GALICIA","205","9.324","619"
"2020-06-30","A.S. A CORUÑA E CEE","38","2.232","166"
"2020-06-30","A.S. FERROL","2","492","33"
"2020-06-30","A.S. LUGO, A MARIÑA E MONFORTE","32","813","29"
"2020-06-30","A.S. OURENSE, VERÍN E O BARCO","7","1.616","132"
"2020-06-30","A.S. PONTEVEDRA E O SALNÉS","4","798","16"
"2020-06-30","A.S. SANTIAGO E BARBANZA","9","1.546","111"
"2020-06-30","A.S. VIGO","110","1.837","132"
"2020-06-30","SEN A.S. ASIGNADA","0","0","0"
"2020-06-30","GALICIA","202","9.334","619"
"2020-07-01","A.S. A CORUÑA E CEE","41","2.235","166"
"2020-07-01","A.S. FERROL","3","492","33"
"2020-07-01","A.S. LUGO, A MARIÑA E MONFORTE","41","814","29"
"2020-07-01","A.S. OURENSE, VERÍN E O BARCO","5","1.618","132"
"2020-07-01","A.S. PONTEVEDRA E O SALNÉS","2","800","16"
"2020-07-01","A.S. SANTIAGO E BARBANZA","12","1.546","111"
"2020-07-01","A.S. VIGO","104","1.843","132"
"2020-07-01","SEN A.S. ASIGNADA","0","0","0"
"2020-07-01","GALICIA","208","9.348","619"
"2020-07-02","A.S. A CORUÑA E CEE","29","2.249","166"
"2020-07-02","A.S. FERROL","3","492","33"
"2020-07-02","A.S. LUGO, A MARIÑA E MONFORTE","47","816","29"
"2020-07-02","A.S. OURENSE, VERÍN E O BARCO","5","1.618","132"
"2020-07-02","A.S. PONTEVEDRA E O SALNÉS","2","800","16"
"2020-07-02","A.S. SANTIAGO E BARBANZA","12","1.546","111"
"2020-07-02","A.S. VIGO","101","1.846","132"
"2020-07-02","SEN A.S. ASIGNADA","0","0","0"
"2020-07-02","GALICIA","199","9.367","619"
"2020-07-03","A.S. A CORUÑA E CEE","28","2.254","166"
"2020-07-03","A.S. FERROL","2","493","33"
"2020-07-03","A.S. LUGO, A MARIÑA E MONFORTE","70","816","29"
"2020-07-03","A.S. OURENSE, VERÍN E O BARCO","2","1.621","132"
"2020-07-03","A.S. PONTEVEDRA E O SALNÉS","2","800","16"
"2020-07-03","A.S. SANTIAGO E BARBANZA","12","1.546","111"
"2020-07-03","A.S. VIGO","58","1.889","132"
"2020-07-03","SEN A.S. ASIGNADA","0","0","0"
"2020-07-03","GALICIA","174","9.419","619"
"2020-07-04","A.S. A CORUÑA E CEE","22","2.261","166"
"2020-07-04","A.S. FERROL","2","493","33"
"2020-07-04","A.S. LUGO, A MARIÑA E MONFORTE","89","816","29"
"2020-07-04","A.S. OURENSE, VERÍN E O BARCO","2","1.621","132"
"2020-07-04","A.S. PONTEVEDRA E O SALNÉS","2","800","16"
"2020-07-04","A.S. SANTIAGO E BARBANZA","13","1.547","111"
"2020-07-04","A.S. VIGO","54","1.893","132"
"2020-07-04","SEN A.S. ASIGNADA","0","0","0"
"2020-07-04","GALICIA","184","9.431","619"
"2020-07-05","A.S. A CORUÑA E CEE","21","2.262","166"
"2020-07-05","A.S. FERROL","2","493","33"
"2020-07-05","A.S. LUGO, A MARIÑA E MONFORTE","107","818","29"
"2020-07-05","A.S. OURENSE, VERÍN E O BARCO","2","1.621","132"
"2020-07-05","A.S. PONTEVEDRA E O SALNÉS","2","800","16"
"2020-07-05","A.S. SANTIAGO E BARBANZA","13","1.547","111"
"2020-07-05","A.S. VIGO","55","1.893","132"
"2020-07-05","SEN A.S. ASIGNADA","0","0","0"
"2020-07-05","GALICIA","202","9.434","619"
"2020-07-06","A.S. A CORUÑA E CEE","21","2.262","166"
"2020-07-06","A.S. FERROL","2","493","33"
"2020-07-06","A.S. LUGO, A MARIÑA E MONFORTE","111","818","29"
"2020-07-06","A.S. OURENSE, VERÍN E O BARCO","2","1.621","132"
"2020-07-06","A.S. PONTEVEDRA E O SALNÉS","1","801","16"
"2020-07-06","A.S. SANTIAGO E BARBANZA","12","1.548","111"
"2020-07-06","A.S. VIGO","23","1.927","132"
"2020-07-06","SEN A.S. ASIGNADA","0","0","0"
"2020-07-06","GALICIA","172","9.470","619"
"2020-07-07","A.S. A CORUÑA E CEE","22","2.264","166"
"2020-07-07","A.S. FERROL","2","493","33"
"2020-07-07","A.S. LUGO, A MARIÑA E MONFORTE","140","819","29"
"2020-07-07","A.S. OURENSE, VERÍN E O BARCO","2","1.621","132"
"2020-07-07","A.S. PONTEVEDRA E O SALNÉS","1","801","16"
"2020-07-07","A.S. SANTIAGO E BARBANZA","12","1.549","111"
"2020-07-07","A.S. VIGO","23","1.927","132"
"2020-07-07","SEN A.S. ASIGNADA","0","0","0"
"2020-07-07","GALICIA","202","9.474","619"
"2020-07-08","A.S. A CORUÑA E CEE","19","2.269","166"
"2020-07-08","A.S. FERROL","2","493","33"
"2020-07-08","A.S. LUGO, A MARIÑA E MONFORTE","146","835","29"
"2020-07-08","A.S. OURENSE, VERÍN E O BARCO","2","1.622","132"
"2020-07-08","A.S. PONTEVEDRA E O SALNÉS","3","801","16"
"2020-07-08","A.S. SANTIAGO E BARBANZA","13","1.549","111"
"2020-07-08","A.S. VIGO","23","1.928","132"
"2020-07-08","SEN A.S. ASIGNADA","0","0","0"
"2020-07-08","GALICIA","208","9.497","619"
"2020-07-09","A.S. A CORUÑA E CEE","19","2.272","166"
"2020-07-09","A.S. FERROL","1","494","33"
"2020-07-09","A.S. LUGO, A MARIÑA E MONFORTE","173","839","29"
"2020-07-09","A.S. OURENSE, VERÍN E O BARCO","5","1.622","132"
"2020-07-09","A.S. PONTEVEDRA E O SALNÉS","3","801","16"
"2020-07-09","A.S. SANTIAGO E BARBANZA","13","1.549","111"
"2020-07-09","A.S. VIGO","9","1.943","132"
"2020-07-09","SEN A.S. ASIGNADA","0","0","0"
"2020-07-09","GALICIA","223","9.520","619"
"2020-07-10","A.S. A CORUÑA E CEE","16","2.277","166"
"2020-07-10","A.S. FERROL","2","494","33"
"2020-07-10","A.S. LUGO, A MARIÑA E MONFORTE","165","851","29"
"2020-07-10","A.S. OURENSE, VERÍN E O BARCO","6","1.622","132"
"2020-07-10","A.S. PONTEVEDRA E O SALNÉS","3","801","16"
"2020-07-10","A.S. SANTIAGO E BARBANZA","13","1.549","111"
"2020-07-10","A.S. VIGO","9","1.944","132"
"2020-07-10","SEN A.S. ASIGNADA","0","0","0"
"2020-07-10","GALICIA","214","9.538","619"
"2020-07-11","A.S. A CORUÑA E CEE","17","2.279","166"
"2020-07-11","A.S. FERROL","1","495","33"
"2020-07-11","A.S. LUGO, A MARIÑA E MONFORTE","164","856","29"
"2020-07-11","A.S. OURENSE, VERÍN E O BARCO","5","1.623","132"
"2020-07-11","A.S. PONTEVEDRA E O SALNÉS","4","801","16"
"2020-07-11","A.S. SANTIAGO E BARBANZA","13","1.550","111"
"2020-07-11","A.S. VIGO","10","1.944","132"
"2020-07-11","SEN A.S. ASIGNADA","0","0","0"
"2020-07-11","GALICIA","214","9.548","619"
"2020-07-12","A.S. A CORUÑA E CEE","18","2.279","166"
"2020-07-12","A.S. FERROL","1","495","33"
"2020-07-12","A.S. LUGO, A MARIÑA E MONFORTE","160","862","29"
"2020-07-12","A.S. OURENSE, VERÍN E O BARCO","5","1.623","132"
"2020-07-12","A.S. PONTEVEDRA E O SALNÉS","5","801","16"
"2020-07-12","A.S. SANTIAGO E BARBANZA","15","1.550","111"
"2020-07-12","A.S. VIGO","10","1.944","132"
"2020-07-12","SEN A.S. ASIGNADA","0","0","0"
"2020-07-12","GALICIA","214","9.554","619"
"2020-07-13","A.S. A CORUÑA E CEE","19","2.279","166"
"2020-07-13","A.S. FERROL","1","495","33"
"2020-07-13","A.S. LUGO, A MARIÑA E MONFORTE","154","872","29"
"2020-07-13","A.S. OURENSE, VERÍN E O BARCO","5","1.623","132"
"2020-07-13","A.S. PONTEVEDRA E O SALNÉS","5","801","16"
"2020-07-13","A.S. SANTIAGO E BARBANZA","15","1.550","111"
"2020-07-13","A.S. VIGO","11","1.944","132"
"2020-07-13","SEN A.S. ASIGNADA","0","0","0"
"2020-07-13","GALICIA","210","9.564","619"
"2020-07-14","A.S. A CORUÑA E CEE","21","2.280","166"
"2020-07-14","A.S. FERROL","1","495","33"
"2020-07-14","A.S. LUGO, A MARIÑA E MONFORTE","145","882","29"
"2020-07-14","A.S. OURENSE, VERÍN E O BARCO","5","1.624","132"
"2020-07-14","A.S. PONTEVEDRA E O SALNÉS","5","801","16"
"2020-07-14","A.S. SANTIAGO E BARBANZA","15","1.550","111"
"2020-07-14","A.S. VIGO","14","1.944","132"
"2020-07-14","SEN A.S. ASIGNADA","0","0","0"
"2020-07-14","GALICIA","206","9.576","619"
"2020-07-15","A.S. A CORUÑA E CEE","22","2.291","166"
"2020-07-15","A.S. FERROL","1","495","33"
"2020-07-15","A.S. LUGO, A MARIÑA E MONFORTE","136","899","29"
"2020-07-15","A.S. OURENSE, VERÍN E O BARCO","5","1.628","132"
"2020-07-15","A.S. PONTEVEDRA E O SALNÉS","7","801","16"
"2020-07-15","A.S. SANTIAGO E BARBANZA","12","1.554","111"
"2020-07-15","A.S. VIGO","14","1.944","132"
"2020-07-15","SEN A.S. ASIGNADA","0","0","0"
"2020-07-15","GALICIA","197","9.612","619"
"2020-07-16","A.S. A CORUÑA E CEE","25","2.297","166"
"2020-07-16","A.S. FERROL","1","495","33"
"2020-07-16","A.S. LUGO, A MARIÑA E MONFORTE","134","909","29"
"2020-07-16","A.S. OURENSE, VERÍN E O BARCO","5","1.628","132"
"2020-07-16","A.S. PONTEVEDRA E O SALNÉS","7","801","16"
"2020-07-16","A.S. SANTIAGO E BARBANZA","6","1.561","111"
"2020-07-16","A.S. VIGO","15","1.944","132"
"2020-07-16","SEN A.S. ASIGNADA","0","0","0"
"2020-07-16","GALICIA","193","9.635","619"
"2020-07-17","A.S. A CORUÑA E CEE","24","2.301","166"
"2020-07-17","A.S. FERROL","1","495","33"
"2020-07-17","A.S. LUGO, A MARIÑA E MONFORTE","124","925","29"
"2020-07-17","A.S. OURENSE, VERÍN E O BARCO","6","1.628","132"
"2020-07-17","A.S. PONTEVEDRA E O SALNÉS","8","802","16"
"2020-07-17","A.S. SANTIAGO E BARBANZA","6","1.561","111"
"2020-07-17","A.S. VIGO","15","1.945","132"
"2020-07-17","SEN A.S. ASIGNADA","0","0","0"
"2020-07-17","GALICIA","184","9.657","619"
"2020-07-18","A.S. A CORUÑA E CEE","22","2.304","166"
"2020-07-18","A.S. FERROL","0","496","33"
"2020-07-18","A.S. LUGO, A MARIÑA E MONFORTE","116","933","29"
"2020-07-18","A.S. OURENSE, VERÍN E O BARCO","6","1.628","132"
"2020-07-18","A.S. PONTEVEDRA E O SALNÉS","8","803","16"
"2020-07-18","A.S. SANTIAGO E BARBANZA","6","1.561","111"
"2020-07-18","A.S. VIGO","15","1.945","132"
"2020-07-18","SEN A.S. ASIGNADA","0","0","0"
"2020-07-18","GALICIA","173","9.670","619"
"2020-07-19","A.S. A CORUÑA E CEE","22","2.305","166"
"2020-07-19","A.S. FERROL","0","496","33"
"2020-07-19","A.S. LUGO, A MARIÑA E MONFORTE","117","936","29"
"2020-07-19","A.S. OURENSE, VERÍN E O BARCO","6","1.631","132"
"2020-07-19","A.S. PONTEVEDRA E O SALNÉS","8","803","16"
"2020-07-19","A.S. SANTIAGO E BARBANZA","7","1.561","111"
"2020-07-19","A.S. VIGO","15","1.945","132"
"2020-07-19","SEN A.S. ASIGNADA","0","0","0"
"2020-07-19","GALICIA","175","9.677","619"
"2020-07-20","A.S. A CORUÑA E CEE","25","2.305","166"
"2020-07-20","A.S. FERROL","0","496","33"
"2020-07-20","A.S. LUGO, A MARIÑA E MONFORTE","90","968","29"
"2020-07-20","A.S. OURENSE, VERÍN E O BARCO","6","1.632","132"
"2020-07-20","A.S. PONTEVEDRA E O SALNÉS","8","803","16"
"2020-07-20","A.S. SANTIAGO E BARBANZA","10","1.561","111"
"2020-07-20","A.S. VIGO","15","1.945","132"
"2020-07-20","SEN A.S. ASIGNADA","0","0","0"
"2020-07-20","GALICIA","154","9.710","619"
"2020-07-21","A.S. A CORUÑA E CEE","33","2.307","166"
"2020-07-21","A.S. FERROL","0","496","33"
"2020-07-21","A.S. LUGO, A MARIÑA E MONFORTE","86","978","29"
"2020-07-21","A.S. OURENSE, VERÍN E O BARCO","5","1.633","132"
"2020-07-21","A.S. PONTEVEDRA E O SALNÉS","8","804","16"
"2020-07-21","A.S. SANTIAGO E BARBANZA","9","1.566","111"
"2020-07-21","A.S. VIGO","18","1.946","132"
"2020-07-21","SEN A.S. ASIGNADA","0","0","0"
"2020-07-21","GALICIA","159","9.730","619"
"2020-07-22","A.S. A CORUÑA E CEE","33","2.319","166"
"2020-07-22","A.S. FERROL","0","496","33"
"2020-07-22","A.S. LUGO, A MARIÑA E MONFORTE","66","1.007","29"
"2020-07-22","A.S. OURENSE, VERÍN E O BARCO","5","1.634","132"
"2020-07-22","A.S. PONTEVEDRA E O SALNÉS","7","806","16"
"2020-07-22","A.S. SANTIAGO E BARBANZA","9","1.569","111"
"2020-07-22","A.S. VIGO","20","1.947","132"
"2020-07-22","SEN A.S. ASIGNADA","0","0","0"
"2020-07-22","GALICIA","140","9.778","619"
"2020-07-23","A.S. A CORUÑA E CEE","43","2.320","166"
"2020-07-23","A.S. FERROL","0","496","33"
"2020-07-23","A.S. LUGO, A MARIÑA E MONFORTE","72","1.014","29"
"2020-07-23","A.S. OURENSE, VERÍN E O BARCO","5","1.634","132"
"2020-07-23","A.S. PONTEVEDRA E O SALNÉS","8","807","16"
"2020-07-23","A.S. SANTIAGO E BARBANZA","10","1.572","111"
"2020-07-23","A.S. VIGO","22","1.948","132"
"2020-07-23","SEN A.S. ASIGNADA","0","0","0"
"2020-07-23","GALICIA","160","9.791","619"
"2020-07-24","A.S. A CORUÑA E CEE","49","2.323","166"
"2020-07-24","A.S. FERROL","0","496","33"
"2020-07-24","A.S. LUGO, A MARIÑA E MONFORTE","78","1.021","29"
"2020-07-24","A.S. OURENSE, VERÍN E O BARCO","6","1.634","132"
"2020-07-24","A.S. PONTEVEDRA E O SALNÉS","15","809","16"
"2020-07-24","A.S. SANTIAGO E BARBANZA","11","1.574","111"
"2020-07-24","A.S. VIGO","25","1.948","132"
"2020-07-24","SEN A.S. ASIGNADA","0","0","0"
"2020-07-24","GALICIA","184","9.805","619"
"2020-07-25","A.S. A CORUÑA E CEE","50","2.323","166"
"2020-07-25","A.S. FERROL","0","496","33"
"2020-07-25","A.S. LUGO, A MARIÑA E MONFORTE","80","1.027","29"
"2020-07-25","A.S. OURENSE, VERÍN E O BARCO","6","1.634","132"
"2020-07-25","A.S. PONTEVEDRA E O SALNÉS","15","812","16"
"2020-07-25","A.S. SANTIAGO E BARBANZA","13","1.575","111"
"2020-07-25","A.S. VIGO","34","1.948","132"
"2020-07-25","SEN A.S. ASIGNADA","0","0","0"
"2020-07-25","GALICIA","198","9.815","619"
"2020-07-26","A.S. A CORUÑA E CEE","54","2.325","166"
"2020-07-26","A.S. FERROL","0","497","33"
"2020-07-26","A.S. LUGO, A MARIÑA E MONFORTE","81","1.027","29"
"2020-07-26","A.S. OURENSE, VERÍN E O BARCO","7","1.634","132"
"2020-07-26","A.S. PONTEVEDRA E O SALNÉS","16","813","16"
"2020-07-26","A.S. SANTIAGO E BARBANZA","16","1.576","111"
"2020-07-26","A.S. VIGO","36","1.948","132"
"2020-07-26","SEN A.S. ASIGNADA","0","0","0"
"2020-07-26","GALICIA","210","9.820","619"
"2020-07-27","A.S. A CORUÑA E CEE","55","2.327","166"
"2020-07-27","A.S. FERROL","1","497","33"
"2020-07-27","A.S. LUGO, A MARIÑA E MONFORTE","75","1.034","29"
"2020-07-27","A.S. OURENSE, VERÍN E O BARCO","7","1.634","132"
"2020-07-27","A.S. PONTEVEDRA E O SALNÉS","17","813","16"
"2020-07-27","A.S. SANTIAGO E BARBANZA","17","1.579","111"
"2020-07-27","A.S. VIGO","37","1.949","132"
"2020-07-27","SEN A.S. ASIGNADA","0","0","0"
"2020-07-27","GALICIA","209","9.833","619"
"2020-07-28","A.S. A CORUÑA E CEE","60","2.329","166"
"2020-07-28","A.S. FERROL","1","497","33"
"2020-07-28","A.S. LUGO, A MARIÑA E MONFORTE","72","1.037","29"
"2020-07-28","A.S. OURENSE, VERÍN E O BARCO","7","1.635","132"
"2020-07-28","A.S. PONTEVEDRA E O SALNÉS","17","814","16"
"2020-07-28","A.S. SANTIAGO E BARBANZA","19","1.583","111"
"2020-07-28","A.S. VIGO","39","1.950","132"
"2020-07-28","SEN A.S. ASIGNADA","0","0","0"
"2020-07-28","GALICIA","215","9.845","619"
"2020-07-29","A.S. A CORUÑA E CEE","69","2.333","166"
"2020-07-29","A.S. FERROL","2","497","33"
"2020-07-29","A.S. LUGO, A MARIÑA E MONFORTE","73","1.038","29"
"2020-07-29","A.S. OURENSE, VERÍN E O BARCO","9","1.635","132"
"2020-07-29","A.S. PONTEVEDRA E O SALNÉS","19","815","16"
"2020-07-29","A.S. SANTIAGO E BARBANZA","22","1.585","111"
"2020-07-29","A.S. VIGO","38","1.951","132"
"2020-07-29","SEN A.S. ASIGNADA","0","0","0"
"2020-07-29","GALICIA","232","9.854","619"
"2020-07-30","A.S. A CORUÑA E CEE","78","2.337","166"
"2020-07-30","A.S. FERROL","2","497","33"
"2020-07-30","A.S. LUGO, A MARIÑA E MONFORTE","71","1.042","29"
"2020-07-30","A.S. OURENSE, VERÍN E O BARCO","13","1.637","132"
"2020-07-30","A.S. PONTEVEDRA E O SALNÉS","20","818","16"
"2020-07-30","A.S. SANTIAGO E BARBANZA","22","1.586","111"
"2020-07-30","A.S. VIGO","41","1.952","132"
"2020-07-30","SEN A.S. ASIGNADA","0","0","0"
"2020-07-30","GALICIA","247","9.869","619"
"2020-07-31","A.S. A CORUÑA E CEE","94","2.345","166"
"2020-07-31","A.S. FERROL","2","497","33"
"2020-07-31","A.S. LUGO, A MARIÑA E MONFORTE","68","1.045","29"
"2020-07-31","A.S. OURENSE, VERÍN E O BARCO","15","1.637","132"
"2020-07-31","A.S. PONTEVEDRA E O SALNÉS","20","821","16"
"2020-07-31","A.S. SANTIAGO E BARBANZA","23","1.588","111"
"2020-07-31","A.S. VIGO","49","1.952","132"
"2020-07-31","SEN A.S. ASIGNADA","0","0","0"
"2020-07-31","GALICIA","271","9.885","619"
"2020-08-01","A.S. A CORUÑA E CEE","104","2.346","166"
"2020-08-01","A.S. FERROL","2","497","33"
"2020-08-01","A.S. LUGO, A MARIÑA E MONFORTE","66","1.054","29"
"2020-08-01","A.S. OURENSE, VERÍN E O BARCO","18","1.637","132"
"2020-08-01","A.S. PONTEVEDRA E O SALNÉS","19","822","16"
"2020-08-01","A.S. SANTIAGO E BARBANZA","23","1.589","111"
"2020-08-01","A.S. VIGO","50","1.952","132"
"2020-08-01","SEN A.S. ASIGNADA","0","0","0"
"2020-08-01","GALICIA","282","9.897","619"
"2020-08-02","A.S. A CORUÑA E CEE","117","2.347","166"
"2020-08-02","A.S. FERROL","2","497","33"
"2020-08-02","A.S. LUGO, A MARIÑA E MONFORTE","66","1.055","29"
"2020-08-02","A.S. OURENSE, VERÍN E O BARCO","21","1.637","132"
"2020-08-02","A.S. PONTEVEDRA E O SALNÉS","22","822","16"
"2020-08-02","A.S. SANTIAGO E BARBANZA","23","1.590","111"
"2020-08-02","A.S. VIGO","54","1.952","132"
"2020-08-02","SEN A.S. ASIGNADA","0","0","0"
"2020-08-02","GALICIA","305","9.900","619"
"2020-08-03","A.S. A CORUÑA E CEE","128","2.348","166"
"2020-08-03","A.S. FERROL","3","497","33"
"2020-08-03","A.S. LUGO, A MARIÑA E MONFORTE","66","1.059","29"
"2020-08-03","A.S. OURENSE, VERÍN E O BARCO","21","1.637","132"
"2020-08-03","A.S. PONTEVEDRA E O SALNÉS","23","822","16"
"2020-08-03","A.S. SANTIAGO E BARBANZA","25","1.593","111"
"2020-08-03","A.S. VIGO","59","1.953","132"
"2020-08-03","SEN A.S. ASIGNADA","0","0","0"
"2020-08-03","GALICIA","325","9.909","619"
"2020-08-04","A.S. A CORUÑA E CEE","143","2.351","166"
"2020-08-04","A.S. FERROL","4","497","33"
"2020-08-04","A.S. LUGO, A MARIÑA E MONFORTE","67","1.063","29"
"2020-08-04","A.S. OURENSE, VERÍN E O BARCO","21","1.637","132"
"2020-08-04","A.S. PONTEVEDRA E O SALNÉS","28","823","16"
"2020-08-04","A.S. SANTIAGO E BARBANZA","27","1.596","111"
"2020-08-04","A.S. VIGO","63","1.954","132"
"2020-08-04","SEN A.S. ASIGNADA","0","0","0"
"2020-08-04","GALICIA","353","9.921","619"
"2020-08-05","A.S. A CORUÑA E CEE","135","2.373","166"
"2020-08-05","A.S. FERROL","4","497","33"
"2020-08-05","A.S. LUGO, A MARIÑA E MONFORTE","70","1.065","29"
"2020-08-05","A.S. OURENSE, VERÍN E O BARCO","25","1.637","132"
"2020-08-05","A.S. PONTEVEDRA E O SALNÉS","33","827","16"
"2020-08-05","A.S. SANTIAGO E BARBANZA","31","1.598","111"
"2020-08-05","A.S. VIGO","71","1.957","132"
"2020-08-05","SEN A.S. ASIGNADA","0","0","0"
"2020-08-05","GALICIA","369","9.954","619"
"2020-08-06","A.S. A CORUÑA E CEE","178","2.375","166"
"2020-08-06","A.S. FERROL","5","497","33"
"2020-08-06","A.S. LUGO, A MARIÑA E MONFORTE","69","1.071","29"
"2020-08-06","A.S. OURENSE, VERÍN E O BARCO","28","1.637","132"
"2020-08-06","A.S. PONTEVEDRA E O SALNÉS","34","828","16"
"2020-08-06","A.S. SANTIAGO E BARBANZA","33","1.599","111"
"2020-08-06","A.S. VIGO","73","1.961","132"
"2020-08-06","SEN A.S. ASIGNADA","0","0","0"
"2020-08-06","GALICIA","420","9.968","619"
"2020-08-07","A.S. A CORUÑA E CEE","233","2.377","166"
"2020-08-07","A.S. FERROL","5","497","33"
"2020-08-07","A.S. LUGO, A MARIÑA E MONFORTE","77","1.079","29"
"2020-08-07","A.S. OURENSE, VERÍN E O BARCO","31","1.637","133"
"2020-08-07","A.S. PONTEVEDRA E O SALNÉS","36","829","16"
"2020-08-07","A.S. SANTIAGO E BARBANZA","39","1.602","111"
"2020-08-07","A.S. VIGO","77","1.965","132"
"2020-08-07","SEN A.S. ASIGNADA","0","0","0"
"2020-08-07","GALICIA","498","9.986","620"
"2020-08-08","A.S. A CORUÑA E CEE","271","2.380","166"
"2020-08-08","A.S. FERROL","5","497","33"
"2020-08-08","A.S. LUGO, A MARIÑA E MONFORTE","75","1.093","29"
"2020-08-08","A.S. OURENSE, VERÍN E O BARCO","33","1.638","133"
"2020-08-08","A.S. PONTEVEDRA E O SALNÉS","35","831","16"
"2020-08-08","A.S. SANTIAGO E BARBANZA","39","1.603","111"
"2020-08-08","A.S. VIGO","81","1.968","132"
"2020-08-08","SEN A.S. ASIGNADA","0","0","0"
"2020-08-08","GALICIA","539","10.010","620"
"2020-08-09","A.S. A CORUÑA E CEE","316","2.381","167"
"2020-08-09","A.S. FERROL","7","497","33"
"2020-08-09","A.S. LUGO, A MARIÑA E MONFORTE","71","1.099","30"
"2020-08-09","A.S. OURENSE, VERÍN E O BARCO","38","1.638","133"
"2020-08-09","A.S. PONTEVEDRA E O SALNÉS","34","832","16"
"2020-08-09","A.S. SANTIAGO E BARBANZA","38","1.606","111"
"2020-08-09","A.S. VIGO","82","1.972","132"
"2020-08-09","SEN A.S. ASIGNADA","0","0","0"
"2020-08-09","GALICIA","586","10.025","622"
"2020-08-10","A.S. A CORUÑA E CEE","352","2.381","167"
"2020-08-10","A.S. FERROL","14","497","33"
"2020-08-10","A.S. LUGO, A MARIÑA E MONFORTE","79","1.100","30"
"2020-08-10","A.S. OURENSE, VERÍN E O BARCO","38","1.639","133"
"2020-08-10","A.S. PONTEVEDRA E O SALNÉS","35","834","16"
"2020-08-10","A.S. SANTIAGO E BARBANZA","36","1.610","111"
"2020-08-10","A.S. VIGO","99","1.974","132"
"2020-08-10","SEN A.S. ASIGNADA","0","0","0"
"2020-08-10","GALICIA","653","10.035","622"
"2020-08-11","A.S. A CORUÑA E CEE","407","2.387","167"
"2020-08-11","A.S. FERROL","22","499","33"
"2020-08-11","A.S. LUGO, A MARIÑA E MONFORTE","86","1.107","30"
"2020-08-11","A.S. OURENSE, VERÍN E O BARCO","44","1.640","133"
"2020-08-11","A.S. PONTEVEDRA E O SALNÉS","40","835","16"
"2020-08-11","A.S. SANTIAGO E BARBANZA","39","1.617","111"
"2020-08-11","A.S. VIGO","106","1.976","132"
"2020-08-11","SEN A.S. ASIGNADA","0","0","0"
"2020-08-11","GALICIA","744","10.061","622"
"2020-08-12","A.S. A CORUÑA E CEE","468","2.397","167"
"2020-08-12","A.S. FERROL","26","499","33"
"2020-08-12","A.S. LUGO, A MARIÑA E MONFORTE","90","1.112","30"
"2020-08-12","A.S. OURENSE, VERÍN E O BARCO","51","1.641","133"
"2020-08-12","A.S. PONTEVEDRA E O SALNÉS","42","835","16"
"2020-08-12","A.S. SANTIAGO E BARBANZA","37","1.622","111"
"2020-08-12","A.S. VIGO","111","1.980","132"
"2020-08-12","SEN A.S. ASIGNADA","0","0","0"
"2020-08-12","GALICIA","825","10.086","622"
"2020-08-13","A.S. A CORUÑA E CEE","542","2.409","167"
"2020-08-13","A.S. FERROL","30","500","33"
"2020-08-13","A.S. LUGO, A MARIÑA E MONFORTE","98","1.114","30"
"2020-08-13","A.S. OURENSE, VERÍN E O BARCO","55","1.642","134"
"2020-08-13","A.S. PONTEVEDRA E O SALNÉS","43","838","16"
"2020-08-13","A.S. SANTIAGO E BARBANZA","38","1.625","111"
"2020-08-13","A.S. VIGO","120","1.981","132"
"2020-08-13","SEN A.S. ASIGNADA","0","0","0"
"2020-08-13","GALICIA","926","10.109","623"
"2020-08-14","A.S. A CORUÑA E CEE","617","2.420","167"
"2020-08-14","A.S. FERROL","37","500","33"
"2020-08-14","A.S. LUGO, A MARIÑA E MONFORTE","101","1.116","30"
"2020-08-14","A.S. OURENSE, VERÍN E O BARCO","62","1.645","134"
"2020-08-14","A.S. PONTEVEDRA E O SALNÉS","46","841","16"
"2020-08-14","A.S. SANTIAGO E BARBANZA","46","1.630","111"
"2020-08-14","A.S. VIGO","121","1.988","132"
"2020-08-14","SEN A.S. ASIGNADA","0","0","0"
"2020-08-14","GALICIA","1.030","10.140","623"
"2020-08-15","A.S. A CORUÑA E CEE","691","2.433","168"
"2020-08-15","A.S. FERROL","39","500","33"
"2020-08-15","A.S. LUGO, A MARIÑA E MONFORTE","104","1.118","30"
"2020-08-15","A.S. OURENSE, VERÍN E O BARCO","76","1.647","134"
"2020-08-15","A.S. PONTEVEDRA E O SALNÉS","52","841","17"
"2020-08-15","A.S. SANTIAGO E BARBANZA","52","1.630","111"
"2020-08-15","A.S. VIGO","125","1.993","132"
"2020-08-15","SEN A.S. ASIGNADA","0","0","0"
"2020-08-15","GALICIA","1.139","10.162","625"
"2020-08-16","A.S. A CORUÑA E CEE","744","2.442","168"
"2020-08-16","A.S. FERROL","43","500","33"
"2020-08-16","A.S. LUGO, A MARIÑA E MONFORTE","108","1.123","30"
"2020-08-16","A.S. OURENSE, VERÍN E O BARCO","95","1.647","134"
"2020-08-16","A.S. PONTEVEDRA E O SALNÉS","53","841","17"
"2020-08-16","A.S. SANTIAGO E BARBANZA","56","1.631","111"
"2020-08-16","A.S. VIGO","129","1.993","132"
"2020-08-16","SEN A.S. ASIGNADA","0","0","0"
"2020-08-16","GALICIA","1.228","10.177","625"
"2020-08-17","A.S. A CORUÑA E CEE","794","2.450","168"
"2020-08-17","A.S. FERROL","52","500","33"
"2020-08-17","A.S. LUGO, A MARIÑA E MONFORTE","114","1.127","30"
"2020-08-17","A.S. OURENSE, VERÍN E O BARCO","104","1.650","134"
"2020-08-17","A.S. PONTEVEDRA E O SALNÉS","56","842","17"
"2020-08-17","A.S. SANTIAGO E BARBANZA","59","1.633","111"
"2020-08-17","A.S. VIGO","127","1.998","132"
"2020-08-17","SEN A.S. ASIGNADA","0","0","0"
"2020-08-17","GALICIA","1.306","10.200","625"
"2020-08-18","A.S. A CORUÑA E CEE","834","2.462","168"
"2020-08-18","A.S. FERROL","60","501","33"
"2020-08-18","A.S. LUGO, A MARIÑA E MONFORTE","135","1.129","30"
"2020-08-18","A.S. OURENSE, VERÍN E O BARCO","118","1.650","134"
"2020-08-18","A.S. PONTEVEDRA E O SALNÉS","65","845","17"
"2020-08-18","A.S. SANTIAGO E BARBANZA","82","1.637","111"
"2020-08-18","A.S. VIGO","128","2.004","132"
"2020-08-18","SEN A.S. ASIGNADA","0","0","0"
"2020-08-18","GALICIA","1.422","10.228","625"
"2020-08-19","A.S. A CORUÑA E CEE","900","2.478","169"
"2020-08-19","A.S. FERROL","67","502","33"
"2020-08-19","A.S. LUGO, A MARIÑA E MONFORTE","166","1.133","30"
"2020-08-19","A.S. OURENSE, VERÍN E O BARCO","131","1.650","134"
"2020-08-19","A.S. PONTEVEDRA E O SALNÉS","63","849","17"
"2020-08-19","A.S. SANTIAGO E BARBANZA","101","1.644","111"
"2020-08-19","A.S. VIGO","133","2.009","132"
"2020-08-19","SEN A.S. ASIGNADA","0","0","0"
"2020-08-19","GALICIA","1.561","10.265","626"
"2020-08-20","A.S. A CORUÑA E CEE","968","2.492","169"
"2020-08-20","A.S. FERROL","75","502","33"
"2020-08-20","A.S. LUGO, A MARIÑA E MONFORTE","241","1.138","31"
"2020-08-20","A.S. OURENSE, VERÍN E O BARCO","150","1.652","134"
"2020-08-20","A.S. PONTEVEDRA E O SALNÉS","72","851","17"
"2020-08-20","A.S. SANTIAGO E BARBANZA","121","1.647","111"
"2020-08-20","A.S. VIGO","133","2.022","132"
"2020-08-20","SEN A.S. ASIGNADA","0","0","0"
"2020-08-20","GALICIA","1.760","10.304","627"
"2020-08-21","A.S. A CORUÑA E CEE","1.018","2.532","171"
"2020-08-21","A.S. FERROL","79","504","33"
"2020-08-21","A.S. LUGO, A MARIÑA E MONFORTE","269","1.144","32"
"2020-08-21","A.S. OURENSE, VERÍN E O BARCO","159","1.654","134"
"2020-08-21","A.S. PONTEVEDRA E O SALNÉS","85","853","17"
"2020-08-21","A.S. SANTIAGO E BARBANZA","160","1.650","111"
"2020-08-21","A.S. VIGO","135","2.029","132"
"2020-08-21","SEN A.S. ASIGNADA","0","0","0"
"2020-08-21","GALICIA","1.905","10.366","630"
"2020-08-22","A.S. A CORUÑA E CEE","1.042","2.578","172"
"2020-08-22","A.S. FERROL","87","504","33"
"2020-08-22","A.S. LUGO, A MARIÑA E MONFORTE","289","1.152","33"
"2020-08-22","A.S. OURENSE, VERÍN E O BARCO","168","1.657","134"
"2020-08-22","A.S. PONTEVEDRA E O SALNÉS","108","855","17"
"2020-08-22","A.S. SANTIAGO E BARBANZA","184","1.654","111"
"2020-08-22","A.S. VIGO","144","2.034","132"
"2020-08-22","SEN A.S. ASIGNADA","0","0","0"
"2020-08-22","GALICIA","2.022","10.434","632"
"2020-08-23","A.S. A CORUÑA E CEE","1.065","2.615","173"
"2020-08-23","A.S. FERROL","92","504","33"
"2020-08-23","A.S. LUGO, A MARIÑA E MONFORTE","315","1.161","33"
"2020-08-23","A.S. OURENSE, VERÍN E O BARCO","177","1.661","134"
"2020-08-23","A.S. PONTEVEDRA E O SALNÉS","116","857","17"
"2020-08-23","A.S. SANTIAGO E BARBANZA","238","1.655","111"
"2020-08-23","A.S. VIGO","148","2.040","132"
"2020-08-23","SEN A.S. ASIGNADA","0","0","0"
"2020-08-23","GALICIA","2.151","10.493","633"
"2020-08-24","A.S. A CORUÑA E CEE","1.063","2.654","173"
"2020-08-24","A.S. FERROL","97","506","33"
"2020-08-24","A.S. LUGO, A MARIÑA E MONFORTE","332","1.163","33"
"2020-08-24","A.S. OURENSE, VERÍN E O BARCO","190","1.664","134"
"2020-08-24","A.S. PONTEVEDRA E O SALNÉS","124","860","17"
"2020-08-24","A.S. SANTIAGO E BARBANZA","291","1.657","111"
"2020-08-24","A.S. VIGO","155","2.048","132"
"2020-08-24","SEN A.S. ASIGNADA","0","0","0"
"2020-08-24","GALICIA","2.252","10.552","633"
"2020-08-25","A.S. A CORUÑA E CEE","1.103","2.683","173"
"2020-08-25","A.S. FERROL","95","512","33"
"2020-08-25","A.S. LUGO, A MARIÑA E MONFORTE","421","1.170","33"
"2020-08-25","A.S. OURENSE, VERÍN E O BARCO","210","1.668","134"
"2020-08-25","A.S. PONTEVEDRA E O SALNÉS","129","862","17"
"2020-08-25","A.S. SANTIAGO E BARBANZA","342","1.661","111"
"2020-08-25","A.S. VIGO","166","2.058","132"
"2020-08-25","SEN A.S. ASIGNADA","0","0","0"
"2020-08-25","GALICIA","2.466","10.614","633"
"2020-08-26","A.S. A CORUÑA E CEE","1.117","2.734","174"
"2020-08-26","A.S. FERROL","97","522","33"
"2020-08-26","A.S. LUGO, A MARIÑA E MONFORTE","463","1.186","34"
"2020-08-26","A.S. OURENSE, VERÍN E O BARCO","230","1.675","134"
"2020-08-26","A.S. PONTEVEDRA E O SALNÉS","132","866","17"
"2020-08-26","A.S. SANTIAGO E BARBANZA","374","1.667","111"
"2020-08-26","A.S. VIGO","168","2.064","132"
"2020-08-26","SEN A.S. ASIGNADA","0","0","0"
"2020-08-26","GALICIA","2.581","10.714","635"
"2020-08-27","A.S. A CORUÑA E CEE","1.158","2.794","174"
"2020-08-27","A.S. FERROL","98","526","33"
"2020-08-27","A.S. LUGO, A MARIÑA E MONFORTE","509","1.194","34"
"2020-08-27","A.S. OURENSE, VERÍN E O BARCO","249","1.683","134"
"2020-08-27","A.S. PONTEVEDRA E O SALNÉS","134","872","17"
"2020-08-27","A.S. SANTIAGO E BARBANZA","393","1.672","111"
"2020-08-27","A.S. VIGO","182","2.073","132"
"2020-08-27","SEN A.S. ASIGNADA","0","0","0"
"2020-08-27","GALICIA","2.723","10.814","635"
"2020-08-28","A.S. A CORUÑA E CEE","1.173","2.883","175"
"2020-08-28","A.S. FERROL","103","532","33"
"2020-08-28","A.S. LUGO, A MARIÑA E MONFORTE","578","1.202","35"
"2020-08-28","A.S. OURENSE, VERÍN E O BARCO","266","1.693","135"
"2020-08-28","A.S. PONTEVEDRA E O SALNÉS","147","876","17"
"2020-08-28","A.S. SANTIAGO E BARBANZA","422","1.680","111"
"2020-08-28","A.S. VIGO","196","2.080","132"
"2020-08-28","SEN A.S. ASIGNADA","0","0","0"
"2020-08-28","GALICIA","2.885","10.946","638"
"2020-08-29","A.S. A CORUÑA E CEE","1.164","2.958","177"
"2020-08-29","A.S. FERROL","102","538","33"
"2020-08-29","A.S. LUGO, A MARIÑA E MONFORTE","637","1.210","36"
"2020-08-29","A.S. OURENSE, VERÍN E O BARCO","281","1.700","135"
"2020-08-29","A.S. PONTEVEDRA E O SALNÉS","154","883","17"
"2020-08-29","A.S. SANTIAGO E BARBANZA","476","1.689","111"
"2020-08-29","A.S. VIGO","207","2.082","132"
"2020-08-29","SEN A.S. ASIGNADA","0","0","0"
"2020-08-29","GALICIA","3.021","11.060","641"
"2020-08-30","A.S. A CORUÑA E CEE","1.173","3.025","178"
"2020-08-30","A.S. FERROL","108","541","33"
"2020-08-30","A.S. LUGO, A MARIÑA E MONFORTE","685","1.214","37"
"2020-08-30","A.S. OURENSE, VERÍN E O BARCO","294","1.706","135"
"2020-08-30","A.S. PONTEVEDRA E O SALNÉS","161","886","17"
"2020-08-30","A.S. SANTIAGO E BARBANZA","514","1.699","111"
"2020-08-30","A.S. VIGO","228","2.089","132"
"2020-08-30","SEN A.S. ASIGNADA","0","0","0"
"2020-08-30","GALICIA","3.163","11.160","643"
"2020-08-31","A.S. A CORUÑA E CEE","1.183","3.069","178"
"2020-08-31","A.S. FERROL","115","545","33"
"2020-08-31","A.S. LUGO, A MARIÑA E MONFORTE","693","1.223","39"
"2020-08-31","A.S. OURENSE, VERÍN E O BARCO","303","1.719","135"
"2020-08-31","A.S. PONTEVEDRA E O SALNÉS","167","890","17"
"2020-08-31","A.S. SANTIAGO E BARBANZA","545","1.707","111"
"2020-08-31","A.S. VIGO","230","2.094","132"
"2020-08-31","SEN A.S. ASIGNADA","0","0","0"
"2020-08-31","GALICIA","3.236","11.247","645"
"2020-09-01","A.S. A CORUÑA E CEE","1.176","3.122","179"
"2020-09-01","A.S. FERROL","116","554","33"
"2020-09-01","A.S. LUGO, A MARIÑA E MONFORTE","717","1.235","39"
"2020-09-01","A.S. OURENSE, VERÍN E O BARCO","323","1.731","135"
"2020-09-01","A.S. PONTEVEDRA E O SALNÉS","182","899","17"
"2020-09-01","A.S. SANTIAGO E BARBANZA","583","1.715","111"
"2020-09-01","A.S. VIGO","253","2.103","132"
"2020-09-01","SEN A.S. ASIGNADA","0","0","0"
"2020-09-01","GALICIA","3.350","11.359","646"
"2020-09-02","A.S. A CORUÑA E CEE","1.204","3.177","179"
"2020-09-02","A.S. FERROL","118","563","33"
"2020-09-02","A.S. LUGO, A MARIÑA E MONFORTE","736","1.259","43"
"2020-09-02","A.S. OURENSE, VERÍN E O BARCO","344","1.742","135"
"2020-09-02","A.S. PONTEVEDRA E O SALNÉS","198","902","17"
"2020-09-02","A.S. SANTIAGO E BARBANZA","591","1.742","112"
"2020-09-02","A.S. VIGO","279","2.109","132"
"2020-09-02","SEN A.S. ASIGNADA","0","0","0"
"2020-09-02","GALICIA","3.470","11.494","651"
"2020-09-03","A.S. A CORUÑA E CEE","1.236","3.241","180"
"2020-09-03","A.S. FERROL","120","568","33"
"2020-09-03","A.S. LUGO, A MARIÑA E MONFORTE","727","1.296","45"
"2020-09-03","A.S. OURENSE, VERÍN E O BARCO","353","1.756","135"
"2020-09-03","A.S. PONTEVEDRA E O SALNÉS","215","911","18"
"2020-09-03","A.S. SANTIAGO E BARBANZA","604","1.770","112"
"2020-09-03","A.S. VIGO","292","2.117","132"
"2020-09-03","SEN A.S. ASIGNADA","0","0","0"
"2020-09-03","GALICIA","3.547","11.659","655"
"2020-09-04","A.S. A CORUÑA E CEE","1.225","3.329","181"
"2020-09-04","A.S. FERROL","119","576","33"
"2020-09-04","A.S. LUGO, A MARIÑA E MONFORTE","729","1.331","47"
"2020-09-04","A.S. OURENSE, VERÍN E O BARCO","360","1.779","135"
"2020-09-04","A.S. PONTEVEDRA E O SALNÉS","229","919","18"
"2020-09-04","A.S. SANTIAGO E BARBANZA","607","1.797","112"
"2020-09-04","A.S. VIGO","307","2.128","132"
"2020-09-04","SEN A.S. ASIGNADA","0","0","0"
"2020-09-04","GALICIA","3.576","11.859","658"
"2020-09-05","A.S. A CORUÑA E CEE","1.218","3.407","181"
"2020-09-05","A.S. FERROL","128","581","33"
"2020-09-05","A.S. LUGO, A MARIÑA E MONFORTE","743","1.361","50"
"2020-09-05","A.S. OURENSE, VERÍN E O BARCO","378","1.790","135"
"2020-09-05","A.S. PONTEVEDRA E O SALNÉS","234","928","18"
"2020-09-05","A.S. SANTIAGO E BARBANZA","621","1.831","112"
"2020-09-05","A.S. VIGO","310","2.138","132"
"2020-09-05","SEN A.S. ASIGNADA","0","0","0"
"2020-09-05","GALICIA","3.632","12.036","661"
"2020-09-06","A.S. A CORUÑA E CEE","1.235","3.458","182"
"2020-09-06","A.S. FERROL","128","589","33"
"2020-09-06","A.S. LUGO, A MARIÑA E MONFORTE","744","1.388","51"
"2020-09-06","A.S. OURENSE, VERÍN E O BARCO","398","1.795","135"
"2020-09-06","A.S. PONTEVEDRA E O SALNÉS","241","936","18"
"2020-09-06","A.S. SANTIAGO E BARBANZA","633","1.856","112"
"2020-09-06","A.S. VIGO","310","2.145","132"
"2020-09-06","SEN A.S. ASIGNADA","0","0","0"
"2020-09-06","GALICIA","3.689","12.167","663"
"2020-09-07","A.S. A CORUÑA E CEE","1.224","3.511","183"
"2020-09-07","A.S. FERROL","132","593","33"
"2020-09-07","A.S. LUGO, A MARIÑA E MONFORTE","797","1.421","51"
"2020-09-07","A.S. OURENSE, VERÍN E O BARCO","405","1.800","135"
"2020-09-07","A.S. PONTEVEDRA E O SALNÉS","246","942","18"
"2020-09-07","A.S. SANTIAGO E BARBANZA","601","1.904","113"
"2020-09-07","A.S. VIGO","310","2.156","132"
"2020-09-07","SEN A.S. ASIGNADA","0","0","0"
"2020-09-07","GALICIA","3.715","12.327","665"
"2020-09-08","A.S. A CORUÑA E CEE","1.228","3.560","184"
"2020-09-08","A.S. FERROL","137","601","33"
"2020-09-08","A.S. LUGO, A MARIÑA E MONFORTE","832","1.447","53"
"2020-09-08","A.S. OURENSE, VERÍN E O BARCO","405","1.816","135"
"2020-09-08","A.S. PONTEVEDRA E O SALNÉS","252","952","18"
"2020-09-08","A.S. SANTIAGO E BARBANZA","603","1.958","113"
"2020-09-08","A.S. VIGO","309","2.181","132"
"2020-09-08","SEN A.S. ASIGNADA","0","0","0"
"2020-09-08","GALICIA","3.766","12.515","668"
"2020-09-09","A.S. A CORUÑA E CEE","1.214","3.627","185"
"2020-09-09","A.S. FERROL","140","608","33"
"2020-09-09","A.S. LUGO, A MARIÑA E MONFORTE","794","1.517","57"
"2020-09-09","A.S. OURENSE, VERÍN E O BARCO","430","1.836","136"
"2020-09-09","A.S. PONTEVEDRA E O SALNÉS","272","958","18"
"2020-09-09","A.S. SANTIAGO E BARBANZA","608","2.023","114"
"2020-09-09","A.S. VIGO","317","2.197","133"
"2020-09-09","SEN A.S. ASIGNADA","0","0","0"
"2020-09-09","GALICIA","3.775","12.766","676"
"2020-09-10","A.S. A CORUÑA E CEE","1.220","3.700","185"
"2020-09-10","A.S. FERROL","144","621","33"
"2020-09-10","A.S. LUGO, A MARIÑA E MONFORTE","763","1.571","58"
"2020-09-10","A.S. OURENSE, VERÍN E O BARCO","437","1.854","137"
"2020-09-10","A.S. PONTEVEDRA E O SALNÉS","294","965","18"
"2020-09-10","A.S. SANTIAGO E BARBANZA","617","2.070","114"
"2020-09-10","A.S. VIGO","337","2.207","133"
"2020-09-10","SEN A.S. ASIGNADA","0","0","0"
"2020-09-10","GALICIA","3.812","12.988","678"
"2020-09-11","A.S. A CORUÑA E CEE","1.183","3.792","185"
"2020-09-11","A.S. FERROL","152","625","33"
"2020-09-11","A.S. LUGO, A MARIÑA E MONFORTE","771","1.624","60"
"2020-09-11","A.S. OURENSE, VERÍN E O BARCO","425","1.880","138"
"2020-09-11","A.S. PONTEVEDRA E O SALNÉS","311","970","18"
"2020-09-11","A.S. SANTIAGO E BARBANZA","620","2.098","114"
"2020-09-11","A.S. VIGO","332","2.225","133"
"2020-09-11","SEN A.S. ASIGNADA","0","0","0"
"2020-09-11","GALICIA","3.794","13.214","681"
"2020-09-12","A.S. A CORUÑA E CEE","1.155","3.883","185"
"2020-09-12","A.S. FERROL","151","634","33"
"2020-09-12","A.S. LUGO, A MARIÑA E MONFORTE","736","1.710","60"
"2020-09-12","A.S. OURENSE, VERÍN E O BARCO","419","1.896","139"
"2020-09-12","A.S. PONTEVEDRA E O SALNÉS","333","980","18"
"2020-09-12","A.S. SANTIAGO E BARBANZA","616","2.125","114"
"2020-09-12","A.S. VIGO","331","2.241","134"
"2020-09-12","SEN A.S. ASIGNADA","0","0","0"
"2020-09-12","GALICIA","3.741","13.469","683"
"2020-09-13","A.S. A CORUÑA E CEE","1.146","3.945","186"
"2020-09-13","A.S. FERROL","156","636","33"
"2020-09-13","A.S. LUGO, A MARIÑA E MONFORTE","714","1.751","64"
"2020-09-13","A.S. OURENSE, VERÍN E O BARCO","441","1.915","140"
"2020-09-13","A.S. PONTEVEDRA E O SALNÉS","366","985","18"
"2020-09-13","A.S. SANTIAGO E BARBANZA","615","2.191","114"
"2020-09-13","A.S. VIGO","335","2.251","134"
"2020-09-13","SEN A.S. ASIGNADA","0","0","0"
"2020-09-13","GALICIA","3.773","13.674","689"
"2020-09-14","A.S. A CORUÑA E CEE","1.110","4.011","188"
"2020-09-14","A.S. FERROL","155","643","33"
"2020-09-14","A.S. LUGO, A MARIÑA E MONFORTE","703","1.787","67"
"2020-09-14","A.S. OURENSE, VERÍN E O BARCO","447","1.933","141"
"2020-09-14","A.S. PONTEVEDRA E O SALNÉS","382","985","18"
"2020-09-14","A.S. SANTIAGO E BARBANZA","626","2.232","114"
"2020-09-14","A.S. VIGO","345","2.269","134"
"2020-09-14","SEN A.S. ASIGNADA","0","0","0"
"2020-09-14","GALICIA","3.768","13.860","695"
"2020-09-15","A.S. A CORUÑA E CEE","1.096","4.063","189"
"2020-09-15","A.S. FERROL","160","655","33"
"2020-09-15","A.S. LUGO, A MARIÑA E MONFORTE","709","1.809","69"
"2020-09-15","A.S. OURENSE, VERÍN E O BARCO","445","1.956","141"
"2020-09-15","A.S. PONTEVEDRA E O SALNÉS","392","997","18"
"2020-09-15","A.S. SANTIAGO E BARBANZA","606","2.275","114"
"2020-09-15","A.S. VIGO","353","2.278","134"
"2020-09-15","SEN A.S. ASIGNADA","0","0","0"
"2020-09-15","GALICIA","3.761","14.033","698"
"2020-09-16","A.S. A CORUÑA E CEE","1.106","4.124","189"
"2020-09-16","A.S. FERROL","157","665","33"
"2020-09-16","A.S. LUGO, A MARIÑA E MONFORTE","696","1.842","73"
"2020-09-16","A.S. OURENSE, VERÍN E O BARCO","454","1.984","141"
"2020-09-16","A.S. PONTEVEDRA E O SALNÉS","406","1.012","18"
"2020-09-16","A.S. SANTIAGO E BARBANZA","590","2.323","114"
"2020-09-16","A.S. VIGO","369","2.310","135"
"2020-09-16","SEN A.S. ASIGNADA","0","0","0"
"2020-09-16","GALICIA","3.778","14.260","703"
"2020-09-17","A.S. A CORUÑA E CEE","1.127","4.196","189"
"2020-09-17","A.S. FERROL","156","678","33"
"2020-09-17","A.S. LUGO, A MARIÑA E MONFORTE","679","1.886","75"
"2020-09-17","A.S. OURENSE, VERÍN E O BARCO","461","2.012","141"
"2020-09-17","A.S. PONTEVEDRA E O SALNÉS","450","1.016","19"
"2020-09-17","A.S. SANTIAGO E BARBANZA","575","2.360","114"
"2020-09-17","A.S. VIGO","384","2.337","135"
"2020-09-17","SEN A.S. ASIGNADA","0","0","0"
"2020-09-17","GALICIA","3.832","14.485","706"
"2020-09-18","A.S. A CORUÑA E CEE","1.088","4.279","190"
"2020-09-18","A.S. FERROL","155","685","33"
"2020-09-18","A.S. LUGO, A MARIÑA E MONFORTE","677","1.910","77"
"2020-09-18","A.S. OURENSE, VERÍN E O BARCO","486","2.037","142"
"2020-09-18","A.S. PONTEVEDRA E O SALNÉS","469","1.027","19"
"2020-09-18","A.S. SANTIAGO E BARBANZA","574","2.401","114"
"2020-09-18","A.S. VIGO","398","2.363","135"
"2020-09-18","SEN A.S. ASIGNADA","0","0","0"
"2020-09-18","GALICIA","3.847","14.702","710"
"2020-09-19","A.S. A CORUÑA E CEE","1.078","4.355","192"
"2020-09-19","A.S. FERROL","160","692","33"
"2020-09-19","A.S. LUGO, A MARIÑA E MONFORTE","656","1.943","81"
"2020-09-19","A.S. OURENSE, VERÍN E O BARCO","482","2.070","143"
"2020-09-19","A.S. PONTEVEDRA E O SALNÉS","479","1.040","19"
"2020-09-19","A.S. SANTIAGO E BARBANZA","592","2.434","114"
"2020-09-19","A.S. VIGO","416","2.382","135"
"2020-09-19","SEN A.S. ASIGNADA","0","0","0"
"2020-09-19","GALICIA","3.863","14.916","717"
"2020-09-20","A.S. A CORUÑA E CEE","1.036","4.427","193"
"2020-09-20","A.S. FERROL","151","704","33"
"2020-09-20","A.S. LUGO, A MARIÑA E MONFORTE","627","1.983","82"
"2020-09-20","A.S. OURENSE, VERÍN E O BARCO","496","2.092","144"
"2020-09-20","A.S. PONTEVEDRA E O SALNÉS","509","1.047","19"
"2020-09-20","A.S. SANTIAGO E BARBANZA","582","2.478","114"
"2020-09-20","A.S. VIGO","418","2.393","135"
"2020-09-20","SEN A.S. ASIGNADA","0","0","0"
"2020-09-20","GALICIA","3.819","15.124","720"
"2020-09-21","A.S. A CORUÑA E CEE","1.008","4.491","193"
"2020-09-21","A.S. FERROL","157","712","33"
"2020-09-21","A.S. LUGO, A MARIÑA E MONFORTE","616","2.011","82"
"2020-09-21","A.S. OURENSE, VERÍN E O BARCO","510","2.110","144"
"2020-09-21","A.S. PONTEVEDRA E O SALNÉS","567","1.057","19"
"2020-09-21","A.S. SANTIAGO E BARBANZA","579","2.513","115"
"2020-09-21","A.S. VIGO","452","2.401","135"
"2020-09-21","SEN A.S. ASIGNADA","0","0","0"
"2020-09-21","GALICIA","3.889","15.295","721"
"2020-09-22","A.S. A CORUÑA E CEE","1.018","4.534","193"
"2020-09-22","A.S. FERROL","165","718","33"
"2020-09-22","A.S. LUGO, A MARIÑA E MONFORTE","621","2.036","82"
"2020-09-22","A.S. OURENSE, VERÍN E O BARCO","559","2.122","145"
"2020-09-22","A.S. PONTEVEDRA E O SALNÉS","591","1.069","19"
"2020-09-22","A.S. SANTIAGO E BARBANZA","588","2.532","115"
"2020-09-22","A.S. VIGO","472","2.412","135"
"2020-09-22","SEN A.S. ASIGNADA","0","0","0"
"2020-09-22","GALICIA","4.014","15.423","722"
"2020-09-23","A.S. A CORUÑA E CEE","1.007","4.590","194"
"2020-09-23","A.S. FERROL","157","732","33"
"2020-09-23","A.S. LUGO, A MARIÑA E MONFORTE","585","2.085","84"
"2020-09-23","A.S. OURENSE, VERÍN E O BARCO","569","2.147","145"
"2020-09-23","A.S. PONTEVEDRA E O SALNÉS","625","1.083","19"
"2020-09-23","A.S. SANTIAGO E BARBANZA","575","2.581","115"
"2020-09-23","A.S. VIGO","463","2.438","135"
"2020-09-23","SEN A.S. ASIGNADA","0","0","0"
"2020-09-23","GALICIA","3.981","15.656","725"
"2020-09-24","A.S. A CORUÑA E CEE","1.016","4.634","194"
"2020-09-24","A.S. FERROL","147","744","33"
"2020-09-24","A.S. LUGO, A MARIÑA E MONFORTE","573","2.126","85"
"2020-09-24","A.S. OURENSE, VERÍN E O BARCO","585","2.187","146"
"2020-09-24","A.S. PONTEVEDRA E O SALNÉS","661","1.092","19"
"2020-09-24","A.S. SANTIAGO E BARBANZA","548","2.639","115"
"2020-09-24","A.S. VIGO","466","2.462","135"
"2020-09-24","SEN A.S. ASIGNADA","0","0","0"
"2020-09-24","GALICIA","3.996","15.884","727"
"2020-09-25","A.S. A CORUÑA E CEE","971","4.722","194"
"2020-09-25","A.S. FERROL","139","760","33"
"2020-09-25","A.S. LUGO, A MARIÑA E MONFORTE","557","2.164","87"
"2020-09-25","A.S. OURENSE, VERÍN E O BARCO","611","2.215","146"
"2020-09-25","A.S. PONTEVEDRA E O SALNÉS","688","1.110","19"
"2020-09-25","A.S. SANTIAGO E BARBANZA","530","2.681","115"
"2020-09-25","A.S. VIGO","462","2.496","135"
"2020-09-25","SEN A.S. ASIGNADA","0","0","0"
"2020-09-25","GALICIA","3.958","16.148","729"
"2020-09-26","A.S. A CORUÑA E CEE","934","4.795","195"
"2020-09-26","A.S. FERROL","133","771","33"
"2020-09-26","A.S. LUGO, A MARIÑA E MONFORTE","519","2.227","87"
"2020-09-26","A.S. OURENSE, VERÍN E O BARCO","629","2.231","147"
"2020-09-26","A.S. PONTEVEDRA E O SALNÉS","701","1.121","19"
"2020-09-26","A.S. SANTIAGO E BARBANZA","549","2.710","115"
"2020-09-26","A.S. VIGO","470","2.514","135"
"2020-09-26","SEN A.S. ASIGNADA","0","0","0"
"2020-09-26","GALICIA","3.935","16.369","731"
"2020-09-27","A.S. A CORUÑA E CEE","896","4.868","198"
"2020-09-27","A.S. FERROL","136","777","33"
"2020-09-27","A.S. LUGO, A MARIÑA E MONFORTE","487","2.269","88"
"2020-09-27","A.S. OURENSE, VERÍN E O BARCO","656","2.244","147"
"2020-09-27","A.S. PONTEVEDRA E O SALNÉS","707","1.149","19"
"2020-09-27","A.S. SANTIAGO E BARBANZA","557","2.728","116"
"2020-09-27","A.S. VIGO","467","2.529","135"
"2020-09-27","SEN A.S. ASIGNADA","0","0","0"
"2020-09-27","GALICIA","3.906","16.564","736"
"2020-09-28","A.S. A CORUÑA E CEE","870","4.918","198"
"2020-09-28","A.S. FERROL","128","787","33"
"2020-09-28","A.S. LUGO, A MARIÑA E MONFORTE","473","2.294","88"
"2020-09-28","A.S. OURENSE, VERÍN E O BARCO","666","2.278","148"
"2020-09-28","A.S. PONTEVEDRA E O SALNÉS","700","1.178","19"
"2020-09-28","A.S. SANTIAGO E BARBANZA","543","2.773","117"
"2020-09-28","A.S. VIGO","466","2.541","135"
"2020-09-28","SEN A.S. ASIGNADA","0","0","0"
"2020-09-28","GALICIA","3.846","16.769","738"
"2020-09-29","A.S. A CORUÑA E CEE","879","4.947","200"
"2020-09-29","A.S. FERROL","127","792","33"
"2020-09-29","A.S. LUGO, A MARIÑA E MONFORTE","470","2.319","89"
"2020-09-29","A.S. OURENSE, VERÍN E O BARCO","680","2.303","150"
"2020-09-29","A.S. PONTEVEDRA E O SALNÉS","691","1.215","20"
"2020-09-29","A.S. SANTIAGO E BARBANZA","512","2.826","117"
"2020-09-29","A.S. VIGO","468","2.569","135"
"2020-09-29","SEN A.S. ASIGNADA","0","0","0"
"2020-09-29","GALICIA","3.827","16.971","744"
"2020-09-30","A.S. A CORUÑA E CEE","862","4.995","202"
"2020-09-30","A.S. FERROL","114","807","33"
"2020-09-30","A.S. LUGO, A MARIÑA E MONFORTE","455","2.352","89"
"2020-09-30","A.S. OURENSE, VERÍN E O BARCO","701","2.330","153"
"2020-09-30","A.S. PONTEVEDRA E O SALNÉS","704","1.220","20"
"2020-09-30","A.S. SANTIAGO E BARBANZA","515","2.853","117"
"2020-09-30","A.S. VIGO","471","2.587","135"
"2020-09-30","SEN A.S. ASIGNADA","0","0","0"
"2020-09-30","GALICIA","3.822","17.144","749"
"2020-10-01","A.S. A CORUÑA E CEE","806","5.075","202"
"2020-10-01","A.S. FERROL","113","813","33"
"2020-10-01","A.S. LUGO, A MARIÑA E MONFORTE","453","2.382","89"
"2020-10-01","A.S. OURENSE, VERÍN E O BARCO","741","2.364","154"
"2020-10-01","A.S. PONTEVEDRA E O SALNÉS","686","1.259","20"
"2020-10-01","A.S. SANTIAGO E BARBANZA","514","2.886","117"
"2020-10-01","A.S. VIGO","454","2.623","135"
"2020-10-01","SEN A.S. ASIGNADA","0","0","0"
"2020-10-01","GALICIA","3.767","17.402","750"
"2020-10-02","A.S. A CORUÑA E CEE","760","5.161","202"
"2020-10-02","A.S. FERROL","108","824","34"
"2020-10-02","A.S. LUGO, A MARIÑA E MONFORTE","435","2.414","90"
"2020-10-02","A.S. OURENSE, VERÍN E O BARCO","787","2.395","155"
"2020-10-02","A.S. PONTEVEDRA E O SALNÉS","640","1.317","21"
"2020-10-02","A.S. SANTIAGO E BARBANZA","523","2.909","118"
"2020-10-02","A.S. VIGO","429","2.668","135"
"2020-10-02","SEN A.S. ASIGNADA","0","0","0"
"2020-10-02","GALICIA","3.682","17.688","755"
"2020-10-03","A.S. A CORUÑA E CEE","746","5.215","202"
"2020-10-03","A.S. FERROL","108","829","34"
"2020-10-03","A.S. LUGO, A MARIÑA E MONFORTE","424","2.436","90"
"2020-10-03","A.S. OURENSE, VERÍN E O BARCO","846","2.437","155"
"2020-10-03","A.S. PONTEVEDRA E O SALNÉS","605","1.368","21"
"2020-10-03","A.S. SANTIAGO E BARBANZA","515","2.946","118"
"2020-10-03","A.S. VIGO","409","2.702","135"
"2020-10-03","SEN A.S. ASIGNADA","0","0","0"
"2020-10-03","GALICIA","3.653","17.933","755"
"2020-10-04","A.S. A CORUÑA E CEE","748","5.261","202"
"2020-10-04","A.S. FERROL","106","836","34"
"2020-10-04","A.S. LUGO, A MARIÑA E MONFORTE","425","2.448","90"
"2020-10-04","A.S. OURENSE, VERÍN E O BARCO","930","2.461","159"
"2020-10-04","A.S. PONTEVEDRA E O SALNÉS","615","1.392","21"
"2020-10-04","A.S. SANTIAGO E BARBANZA","503","2.993","118"
"2020-10-04","A.S. VIGO","383","2.736","136"
"2020-10-04","SEN A.S. ASIGNADA","0","0","0"
"2020-10-04","GALICIA","3.710","18.127","760"
"2020-10-05","A.S. A CORUÑA E CEE","720","5.304","204"
"2020-10-05","A.S. FERROL","108","840","34"
"2020-10-05","A.S. LUGO, A MARIÑA E MONFORTE","427","2.459","91"
"2020-10-05","A.S. OURENSE, VERÍN E O BARCO","949","2.491","161"
"2020-10-05","A.S. PONTEVEDRA E O SALNÉS","593","1.422","22"
"2020-10-05","A.S. SANTIAGO E BARBANZA","500","3.023","120"
"2020-10-05","A.S. VIGO","385","2.755","136"
"2020-10-05","SEN A.S. ASIGNADA","0","0","0"
"2020-10-05","GALICIA","3.682","18.294","768"
"2020-10-06","A.S. A CORUÑA E CEE","709","5.340","206"
"2020-10-06","A.S. FERROL","97","854","34"
"2020-10-06","A.S. LUGO, A MARIÑA E MONFORTE","419","2.482","91"
"2020-10-06","A.S. OURENSE, VERÍN E O BARCO","991","2.522","162"
"2020-10-06","A.S. PONTEVEDRA E O SALNÉS","559","1.479","22"
"2020-10-06","A.S. SANTIAGO E BARBANZA","508","3.055","120"
"2020-10-06","A.S. VIGO","367","2.794","136"
"2020-10-06","SEN A.S. ASIGNADA","0","0","0"
"2020-10-06","GALICIA","3.650","18.526","771"
"2020-10-07","A.S. A CORUÑA E CEE","702","5.386","206"
"2020-10-07","A.S. FERROL","95","866","34"
"2020-10-07","A.S. LUGO, A MARIÑA E MONFORTE","421","2.513","91"
"2020-10-07","A.S. OURENSE, VERÍN E O BARCO","1.019","2.569","163"
"2020-10-07","A.S. PONTEVEDRA E O SALNÉS","547","1.518","24"
"2020-10-07","A.S. SANTIAGO E BARBANZA","501","3.085","120"
"2020-10-07","A.S. VIGO","391","2.831","137"
"2020-10-07","SEN A.S. ASIGNADA","0","0","0"
"2020-10-07","GALICIA","3.676","18.768","775"
"2020-10-08","A.S. A CORUÑA E CEE","692","5.433","206"
"2020-10-08","A.S. FERROL","100","873","34"
"2020-10-08","A.S. LUGO, A MARIÑA E MONFORTE","438","2.521","91"
"2020-10-08","A.S. OURENSE, VERÍN E O BARCO","1.211","2.608","166"
"2020-10-08","A.S. PONTEVEDRA E O SALNÉS","520","1.572","24"
"2020-10-08","A.S. SANTIAGO E BARBANZA","518","3.131","120"
"2020-10-08","A.S. VIGO","403","2.853","137"
"2020-10-08","SEN A.S. ASIGNADA","0","0","0"
"2020-10-08","GALICIA","3.882","18.991","778"
"2020-10-09","A.S. A CORUÑA E CEE","679","5.479","210"
"2020-10-09","A.S. FERROL","110","877","34"
"2020-10-09","A.S. LUGO, A MARIÑA E MONFORTE","405","2.582","91"
"2020-10-09","A.S. OURENSE, VERÍN E O BARCO","1.319","2.660","166"
"2020-10-09","A.S. PONTEVEDRA E O SALNÉS","481","1.631","24"
"2020-10-09","A.S. SANTIAGO E BARBANZA","536","3.168","120"
"2020-10-09","A.S. VIGO","410","2.882","137"
"2020-10-09","SEN A.S. ASIGNADA","0","0","0"
"2020-10-09","GALICIA","3.940","19.279","782"
"2020-10-10","A.S. A CORUÑA E CEE","686","5.522","211"
"2020-10-10","A.S. FERROL","114","887","34"
"2020-10-10","A.S. LUGO, A MARIÑA E MONFORTE","406","2.617","91"
"2020-10-10","A.S. OURENSE, VERÍN E O BARCO","1.328","2.725","166"
"2020-10-10","A.S. PONTEVEDRA E O SALNÉS","452","1.681","24"
"2020-10-10","A.S. SANTIAGO E BARBANZA","564","3.188","121"
"2020-10-10","A.S. VIGO","433","2.910","137"
"2020-10-10","SEN A.S. ASIGNADA","0","0","0"
"2020-10-10","GALICIA","3.983","19.530","784"
"2020-10-11","A.S. A CORUÑA E CEE","707","5.563","211"
"2020-10-11","A.S. FERROL","127","892","34"
"2020-10-11","A.S. LUGO, A MARIÑA E MONFORTE","398","2.641","91"
"2020-10-11","A.S. OURENSE, VERÍN E O BARCO","1.360","2.758","169"
"2020-10-11","A.S. PONTEVEDRA E O SALNÉS","459","1.700","24"
"2020-10-11","A.S. SANTIAGO E BARBANZA","584","3.234","121"
"2020-10-11","A.S. VIGO","435","2.932","137"
"2020-10-11","SEN A.S. ASIGNADA","0","0","0"
"2020-10-11","GALICIA","4.070","19.720","787"
"2020-10-12","A.S. A CORUÑA E CEE","691","5.601","211"
"2020-10-12","A.S. FERROL","131","899","34"
"2020-10-12","A.S. LUGO, A MARIÑA E MONFORTE","412","2.649","91"
"2020-10-12","A.S. OURENSE, VERÍN E O BARCO","1.414","2.799","174"
"2020-10-12","A.S. PONTEVEDRA E O SALNÉS","430","1.755","25"
"2020-10-12","A.S. SANTIAGO E BARBANZA","576","3.268","121"
"2020-10-12","A.S. VIGO","450","2.944","137"
"2020-10-12","SEN A.S. ASIGNADA","0","0","0"
"2020-10-12","GALICIA","4.104","19.915","793"
"2020-10-13","A.S. A CORUÑA E CEE","709","5.626","212"
"2020-10-13","A.S. FERROL","135","905","34"
"2020-10-13","A.S. LUGO, A MARIÑA E MONFORTE","411","2.660","91"
"2020-10-13","A.S. OURENSE, VERÍN E O BARCO","1.423","2.854","178"
"2020-10-13","A.S. PONTEVEDRA E O SALNÉS","417","1.776","25"
"2020-10-13","A.S. SANTIAGO E BARBANZA","583","3.304","123"
"2020-10-13","A.S. VIGO","472","2.957","138"
"2020-10-13","SEN A.S. ASIGNADA","0","0","0"
"2020-10-13","GALICIA","4.150","20.082","801"
"2020-10-14","A.S. A CORUÑA E CEE","703","5.670","213"
"2020-10-14","A.S. FERROL","137","911","34"
"2020-10-14","A.S. LUGO, A MARIÑA E MONFORTE","418","2.683","92"
"2020-10-14","A.S. OURENSE, VERÍN E O BARCO","1.416","2.914","181"
"2020-10-14","A.S. PONTEVEDRA E O SALNÉS","377","1.836","25"
"2020-10-14","A.S. SANTIAGO E BARBANZA","588","3.334","123"
"2020-10-14","A.S. VIGO","506","2.981","138"
"2020-10-14","SEN A.S. ASIGNADA","0","0","0"
"2020-10-14","GALICIA","4.145","20.329","806"
"2020-10-15","A.S. A CORUÑA E CEE","724","5.710","213"
"2020-10-15","A.S. FERROL","151","912","34"
"2020-10-15","A.S. LUGO, A MARIÑA E MONFORTE","417","2.704","92"
"2020-10-15","A.S. OURENSE, VERÍN E O BARCO","1.439","2.983","186"
"2020-10-15","A.S. PONTEVEDRA E O SALNÉS","369","1.883","25"
"2020-10-15","A.S. SANTIAGO E BARBANZA","612","3.371","123"
"2020-10-15","A.S. VIGO","538","2.997","138"
"2020-10-15","SEN A.S. ASIGNADA","0","0","0"
"2020-10-15","GALICIA","4.250","20.560","811"
"2020-10-16","A.S. A CORUÑA E CEE","765","5.735","214"
"2020-10-16","A.S. FERROL","152","921","35"
"2020-10-16","A.S. LUGO, A MARIÑA E MONFORTE","374","2.760","92"
"2020-10-16","A.S. OURENSE, VERÍN E O BARCO","1.447","3.061","189"
"2020-10-16","A.S. PONTEVEDRA E O SALNÉS","380","1.912","25"
"2020-10-16","A.S. SANTIAGO E BARBANZA","642","3.404","124"
"2020-10-16","A.S. VIGO","580","3.021","139"
"2020-10-16","SEN A.S. ASIGNADA","0","0","0"
"2020-10-16","GALICIA","4.340","20.814","818"
"2020-10-17","A.S. A CORUÑA E CEE","800","5.767","214"
"2020-10-17","A.S. FERROL","173","929","35"
"2020-10-17","A.S. LUGO, A MARIÑA E MONFORTE","400","2.774","92"
"2020-10-17","A.S. OURENSE, VERÍN E O BARCO","1.419","3.151","193"
"2020-10-17","A.S. PONTEVEDRA E O SALNÉS","410","1.924","25"
"2020-10-17","A.S. SANTIAGO E BARBANZA","682","3.441","124"
"2020-10-17","A.S. VIGO","680","3.045","139"
"2020-10-17","SEN A.S. ASIGNADA","0","0","0"
"2020-10-17","GALICIA","4.564","21.031","822"
"2020-10-18","A.S. A CORUÑA E CEE","804","5.812","215"
"2020-10-18","A.S. FERROL","198","934","35"
"2020-10-18","A.S. LUGO, A MARIÑA E MONFORTE","437","2.781","92"
"2020-10-18","A.S. OURENSE, VERÍN E O BARCO","1.375","3.271","195"
"2020-10-18","A.S. PONTEVEDRA E O SALNÉS","428","1.939","26"
"2020-10-18","A.S. SANTIAGO E BARBANZA","735","3.469","126"
"2020-10-18","A.S. VIGO","719","3.058","140"
"2020-10-18","SEN A.S. ASIGNADA","0","0","0"
"2020-10-18","GALICIA","4.696","21.264","829"
"2020-10-19","A.S. A CORUÑA E CEE","830","5.848","215"
"2020-10-19","A.S. FERROL","202","941","35"
"2020-10-19","A.S. LUGO, A MARIÑA E MONFORTE","444","2.795","92"
"2020-10-19","A.S. OURENSE, VERÍN E O BARCO","1.335","3.363","199"
"2020-10-19","A.S. PONTEVEDRA E O SALNÉS","436","1.973","26"
"2020-10-19","A.S. SANTIAGO E BARBANZA","772","3.510","127"
"2020-10-19","A.S. VIGO","760","3.066","140"
"2020-10-19","SEN A.S. ASIGNADA","0","0","0"
"2020-10-19","GALICIA","4.779","21.496","834"
"2020-10-20","A.S. A CORUÑA E CEE","849","5.876","217"
"2020-10-20","A.S. FERROL","210","947","36"
"2020-10-20","A.S. LUGO, A MARIÑA E MONFORTE","466","2.810","92"
"2020-10-20","A.S. OURENSE, VERÍN E O BARCO","1.346","3.434","204"
"2020-10-20","A.S. PONTEVEDRA E O SALNÉS","486","1.988","26"
"2020-10-20","A.S. SANTIAGO E BARBANZA","826","3.547","128"
"2020-10-20","A.S. VIGO","858","3.083","141"
"2020-10-20","SEN A.S. ASIGNADA","0","0","0"
"2020-10-20","GALICIA","5.041","21.685","844"
"2020-10-21","A.S. A CORUÑA E CEE","853","5.934","217"
"2020-10-21","A.S. FERROL","244","951","36"
"2020-10-21","A.S. LUGO, A MARIÑA E MONFORTE","487","2.830","92"
"2020-10-21","A.S. OURENSE, VERÍN E O BARCO","1.343","3.497","210"
"2020-10-21","A.S. PONTEVEDRA E O SALNÉS","507","2.015","27"
"2020-10-21","A.S. SANTIAGO E BARBANZA","856","3.585","129"
"2020-10-21","A.S. VIGO","904","3.102","141"
"2020-10-21","SEN A.S. ASIGNADA","0","0","0"
"2020-10-21","GALICIA","5.194","21.914","852"
"2020-10-22","A.S. A CORUÑA E CEE","896","5.968","218"
"2020-10-22","A.S. FERROL","292","961","36"
"2020-10-22","A.S. LUGO, A MARIÑA E MONFORTE","494","2.865","92"
"2020-10-22","A.S. OURENSE, VERÍN E O BARCO","1.338","3.577","214"
"2020-10-22","A.S. PONTEVEDRA E O SALNÉS","522","2.038","27"
"2020-10-22","A.S. SANTIAGO E BARBANZA","949","3.622","130"
"2020-10-22","A.S. VIGO","915","3.153","141"
"2020-10-22","SEN A.S. ASIGNADA","0","0","0"
"2020-10-22","GALICIA","5.406","22.184","858"
"2020-10-23","A.S. A CORUÑA E CEE","991","6.015","218"
"2020-10-23","A.S. FERROL","345","970","36"
"2020-10-23","A.S. LUGO, A MARIÑA E MONFORTE","556","2.887","92"
"2020-10-23","A.S. OURENSE, VERÍN E O BARCO","1.207","3.769","216"
"2020-10-23","A.S. PONTEVEDRA E O SALNÉS","567","2.063","27"
"2020-10-23","A.S. SANTIAGO E BARBANZA","998","3.675","132"
"2020-10-23","A.S. VIGO","1.006","3.187","142"
"2020-10-23","SEN A.S. ASIGNADA","0","0","0"
"2020-10-23","GALICIA","5.670","22.566","863"
"2020-10-24","A.S. A CORUÑA E CEE","1.064","6.061","220"
"2020-10-24","A.S. FERROL","369","986","37"
"2020-10-24","A.S. LUGO, A MARIÑA E MONFORTE","592","2.914","92"
"2020-10-24","A.S. OURENSE, VERÍN E O BARCO","1.199","3.872","222"
"2020-10-24","A.S. PONTEVEDRA E O SALNÉS","570","2.095","28"
"2020-10-24","A.S. SANTIAGO E BARBANZA","1.030","3.728","132"
"2020-10-24","A.S. VIGO","1.069","3.215","143"
"2020-10-24","SEN A.S. ASIGNADA","0","0","0"
"2020-10-24","GALICIA","5.893","22.871","874"
"2020-10-25","A.S. A CORUÑA E CEE","1.072","6.110","221"
"2020-10-25","A.S. FERROL","403","996","37"
"2020-10-25","A.S. LUGO, A MARIÑA E MONFORTE","586","2.949","92"
"2020-10-25","A.S. OURENSE, VERÍN E O BARCO","1.284","3.918","225"
"2020-10-25","A.S. PONTEVEDRA E O SALNÉS","619","2.111","28"
"2020-10-25","A.S. SANTIAGO E BARBANZA","1.080","3.772","133"
"2020-10-25","A.S. VIGO","1.154","3.256","143"
"2020-10-25","SEN A.S. ASIGNADA","0","0","0"
"2020-10-25","GALICIA","6.198","23.112","879"
"2020-10-26","A.S. A CORUÑA E CEE","1.108","6.163","221"
"2020-10-26","A.S. FERROL","468","1.010","37"
"2020-10-26","A.S. LUGO, A MARIÑA E MONFORTE","617","2.965","92"
"2020-10-26","A.S. OURENSE, VERÍN E O BARCO","1.298","3.959","225"
"2020-10-26","A.S. PONTEVEDRA E O SALNÉS","639","2.134","28"
"2020-10-26","A.S. SANTIAGO E BARBANZA","1.078","3.822","135"
"2020-10-26","A.S. VIGO","1.264","3.276","143"
"2020-10-26","SEN A.S. ASIGNADA","0","0","0"
"2020-10-26","GALICIA","6.472","23.329","881"
"2020-10-27","A.S. A CORUÑA E CEE","1.182","6.189","221"
"2020-10-27","A.S. FERROL","525","1.019","37"
"2020-10-27","A.S. LUGO, A MARIÑA E MONFORTE","657","2.982","92"
"2020-10-27","A.S. OURENSE, VERÍN E O BARCO","1.295","4.041","230"
"2020-10-27","A.S. PONTEVEDRA E O SALNÉS","700","2.162","29"
"2020-10-27","A.S. SANTIAGO E BARBANZA","1.129","3.854","137"
"2020-10-27","A.S. VIGO","1.404","3.303","143"
"2020-10-27","SEN A.S. ASIGNADA","0","0","0"
"2020-10-27","GALICIA","6.892","23.550","889"
"2020-10-28","A.S. A CORUÑA E CEE","1.262","6.230","221"
"2020-10-28","A.S. FERROL","573","1.028","38"
"2020-10-28","A.S. LUGO, A MARIÑA E MONFORTE","690","2.998","94"
"2020-10-28","A.S. OURENSE, VERÍN E O BARCO","1.277","4.106","232"
"2020-10-28","A.S. PONTEVEDRA E O SALNÉS","745","2.167","29"
"2020-10-28","A.S. SANTIAGO E BARBANZA","1.193","3.900","138"
"2020-10-28","A.S. VIGO","1.529","3.332","144"
"2020-10-28","SEN A.S. ASIGNADA","0","0","0"
"2020-10-28","GALICIA","7.269","23.761","896"
"2020-10-29","A.S. A CORUÑA E CEE","1.301","6.276","222"
"2020-10-29","A.S. FERROL","646","1.034","39"
"2020-10-29","A.S. LUGO, A MARIÑA E MONFORTE","719","3.026","96"
"2020-10-29","A.S. OURENSE, VERÍN E O BARCO","1.305","4.156","234"
"2020-10-29","A.S. PONTEVEDRA E O SALNÉS","789","2.185","29"
"2020-10-29","A.S. SANTIAGO E BARBANZA","1.255","3.941","139"
"2020-10-29","A.S. VIGO","1.602","3.380","148"
"2020-10-29","SEN A.S. ASIGNADA","0","0","0"
"2020-10-29","GALICIA","7.617","23.998","907"
"2020-10-30","A.S. A CORUÑA E CEE","1.373","6.359","224"
"2020-10-30","A.S. FERROL","687","1.047","41"
"2020-10-30","A.S. LUGO, A MARIÑA E MONFORTE","803","3.054","97"
"2020-10-30","A.S. OURENSE, VERÍN E O BARCO","1.267","4.234","238"
"2020-10-30","A.S. PONTEVEDRA E O SALNÉS","809","2.219","30"
"2020-10-30","A.S. SANTIAGO E BARBANZA","1.278","4.002","142"
"2020-10-30","A.S. VIGO","1.748","3.421","150"
"2020-10-30","SEN A.S. ASIGNADA","0","0","0"
"2020-10-30","GALICIA","7.965","24.336","922"
"2020-10-31","A.S. A CORUÑA E CEE","1.406","6.419","226"
"2020-10-31","A.S. FERROL","787","1.061","41"
"2020-10-31","A.S. LUGO, A MARIÑA E MONFORTE","869","3.072","99"
"2020-10-31","A.S. OURENSE, VERÍN E O BARCO","1.159","4.385","241"
"2020-10-31","A.S. PONTEVEDRA E O SALNÉS","886","2.253","31"
"2020-10-31","A.S. SANTIAGO E BARBANZA","1.286","4.069","142"
"2020-10-31","A.S. VIGO","1.852","3.484","154"
"2020-10-31","SEN A.S. ASIGNADA","0","0","0"
"2020-10-31","GALICIA","8.245","24.743","934"
"2020-11-01","A.S. A CORUÑA E CEE","1.453","6.483","229"
"2020-11-01","A.S. FERROL","823","1.083","41"
"2020-11-01","A.S. LUGO, A MARIÑA E MONFORTE","860","3.109","99"
"2020-11-01","A.S. OURENSE, VERÍN E O BARCO","1.189","4.431","243"
"2020-11-01","A.S. PONTEVEDRA E O SALNÉS","915","2.293","33"
"2020-11-01","A.S. SANTIAGO E BARBANZA","1.271","4.131","142"
"2020-11-01","A.S. VIGO","1.852","3.577","154"
"2020-11-01","SEN A.S. ASIGNADA","0","0","0"
"2020-11-01","GALICIA","8.363","25.107","941"
"2020-11-02","A.S. A CORUÑA E CEE","1.476","6.531","231"
"2020-11-02","A.S. FERROL","837","1.113","42"
"2020-11-02","A.S. LUGO, A MARIÑA E MONFORTE","840","3.154","100"
"2020-11-02","A.S. OURENSE, VERÍN E O BARCO","1.147","4.512","244"
"2020-11-02","A.S. PONTEVEDRA E O SALNÉS","920","2.335","33"
"2020-11-02","A.S. SANTIAGO E BARBANZA","1.256","4.196","144"
"2020-11-02","A.S. VIGO","1.936","3.615","154"
"2020-11-02","SEN A.S. ASIGNADA","0","0","0"
"2020-11-02","GALICIA","8.412","25.456","948"
"2020-11-03","A.S. A CORUÑA E CEE","1.518","6.580","234"
"2020-11-03","A.S. FERROL","875","1.123","44"
"2020-11-03","A.S. LUGO, A MARIÑA E MONFORTE","907","3.172","101"
"2020-11-03","A.S. OURENSE, VERÍN E O BARCO","1.102","4.598","245"
"2020-11-03","A.S. PONTEVEDRA E O SALNÉS","950","2.369","33"
"2020-11-03","A.S. SANTIAGO E BARBANZA","1.255","4.285","144"
"2020-11-03","A.S. VIGO","2.040","3.658","158"
"2020-11-03","SEN A.S. ASIGNADA","0","0","0"
"2020-11-03","GALICIA","8.647","25.785","959"
"2020-11-04","A.S. A CORUÑA E CEE","1.593","6.633","236"
"2020-11-04","A.S. FERROL","931","1.138","44"
"2020-11-04","A.S. LUGO, A MARIÑA E MONFORTE","929","3.209","101"
"2020-11-04","A.S. OURENSE, VERÍN E O BARCO","1.050","4.689","247"
"2020-11-04","A.S. PONTEVEDRA E O SALNÉS","985","2.418","33"
"2020-11-04","A.S. SANTIAGO E BARBANZA","1.229","4.372","147"
"2020-11-04","A.S. VIGO","2.157","3.785","160"
"2020-11-04","SEN A.S. ASIGNADA","0","0","0"
"2020-11-04","GALICIA","8.874","26.244","968"
"2020-11-05","A.S. A CORUÑA E CEE","1.678","6.691","236"
"2020-11-05","A.S. FERROL","956","1.166","45"
"2020-11-05","A.S. LUGO, A MARIÑA E MONFORTE","999","3.259","101"
"2020-11-05","A.S. OURENSE, VERÍN E O BARCO","1.027","4.776","251"
"2020-11-05","A.S. PONTEVEDRA E O SALNÉS","1.029","2.456","34"
"2020-11-05","A.S. SANTIAGO E BARBANZA","1.230","4.442","147"
"2020-11-05","A.S. VIGO","2.248","3.855","162"
"2020-11-05","SEN A.S. ASIGNADA","0","0","0"
"2020-11-05","GALICIA","9.167","26.645","976"
"2020-11-06","A.S. A CORUÑA E CEE","1.728","6.780","237"
"2020-11-06","A.S. FERROL","937","1.223","49"
"2020-11-06","A.S. LUGO, A MARIÑA E MONFORTE","1.031","3.301","102"
"2020-11-06","A.S. OURENSE, VERÍN E O BARCO","1.005","4.849","251"
"2020-11-06","A.S. PONTEVEDRA E O SALNÉS","1.053","2.491","35"
"2020-11-06","A.S. SANTIAGO E BARBANZA","1.191","4.560","149"
"2020-11-06","A.S. VIGO","2.287","3.954","163"
"2020-11-06","SEN A.S. ASIGNADA","0","0","0"
"2020-11-06","GALICIA","9.232","27.158","986"
"2020-11-07","A.S. A CORUÑA E CEE","1.699","6.913","238"
"2020-11-07","A.S. FERROL","923","1.267","51"
"2020-11-07","A.S. LUGO, A MARIÑA E MONFORTE","1.014","3.378","104"
"2020-11-07","A.S. OURENSE, VERÍN E O BARCO","980","4.918","254"
"2020-11-07","A.S. PONTEVEDRA E O SALNÉS","1.057","2.551","37"
"2020-11-07","A.S. SANTIAGO E BARBANZA","1.149","4.661","149"
"2020-11-07","A.S. VIGO","2.274","4.080","163"
"2020-11-07","SEN A.S. ASIGNADA","0","0","0"
"2020-11-07","GALICIA","9.096","27.768","996"
"2020-11-08","A.S. A CORUÑA E CEE","1.725","6.995","241"
"2020-11-08","A.S. FERROL","899","1.308","51"
"2020-11-08","A.S. LUGO, A MARIÑA E MONFORTE","1.009","3.435","105"
"2020-11-08","A.S. OURENSE, VERÍN E O BARCO","947","4.979","257"
"2020-11-08","A.S. PONTEVEDRA E O SALNÉS","1.081","2.587","39"
"2020-11-08","A.S. SANTIAGO E BARBANZA","1.125","4.728","150"
"2020-11-08","A.S. VIGO","2.253","4.153","167"
"2020-11-08","SEN A.S. ASIGNADA","0","0","0"
"2020-11-08","GALICIA","9.039","28.185","1.010"
"2020-11-09","A.S. A CORUÑA E CEE","1.752","7.054","243"
"2020-11-09","A.S. FERROL","876","1.351","53"
"2020-11-09","A.S. LUGO, A MARIÑA E MONFORTE","1.020","3.458","106"
"2020-11-09","A.S. OURENSE, VERÍN E O BARCO","887","5.072","260"
"2020-11-09","A.S. PONTEVEDRA E O SALNÉS","1.073","2.636","39"
"2020-11-09","A.S. SANTIAGO E BARBANZA","1.094","4.800","150"
"2020-11-09","A.S. VIGO","2.272","4.272","169"
"2020-11-09","SEN A.S. ASIGNADA","0","0","0"
"2020-11-09","GALICIA","8.974","28.643","1.020"
"2020-11-10","A.S. A CORUÑA E CEE","1.688","7.192","246"
"2020-11-10","A.S. FERROL","839","1.418","54"
"2020-11-10","A.S. LUGO, A MARIÑA E MONFORTE","979","3.543","108"
"2020-11-10","A.S. OURENSE, VERÍN E O BARCO","842","5.157","262"
"2020-11-10","A.S. PONTEVEDRA E O SALNÉS","1.088","2.679","40"
"2020-11-10","A.S. SANTIAGO E BARBANZA","1.111","4.854","152"
"2020-11-10","A.S. VIGO","2.232","4.403","169"
"2020-11-10","SEN A.S. ASIGNADA","0","0","0"
"2020-11-10","GALICIA","8.779","29.246","1.031"
"2020-11-11","A.S. A CORUÑA E CEE","1.692","7.304","248"
"2020-11-11","A.S. FERROL","812","1.476","55"
"2020-11-11","A.S. LUGO, A MARIÑA E MONFORTE","961","3.613","108"
"2020-11-11","A.S. OURENSE, VERÍN E O BARCO","816","5.225","264"
"2020-11-11","A.S. PONTEVEDRA E O SALNÉS","1.075","2.748","41"
"2020-11-11","A.S. SANTIAGO E BARBANZA","1.081","4.951","155"
"2020-11-11","A.S. VIGO","2.224","4.558","176"
"2020-11-11","SEN A.S. ASIGNADA","0","0","0"
"2020-11-11","GALICIA","8.661","29.875","1.047"
"2020-11-12","A.S. A CORUÑA E CEE","1.684","7.427","252"
"2020-11-12","A.S. FERROL","795","1.530","56"
"2020-11-12","A.S. LUGO, A MARIÑA E MONFORTE","947","3.666","109"
"2020-11-12","A.S. OURENSE, VERÍN E O BARCO","819","5.269","264"
"2020-11-12","A.S. PONTEVEDRA E O SALNÉS","1.106","2.795","42"
"2020-11-12","A.S. SANTIAGO E BARBANZA","1.048","5.057","156"
"2020-11-12","A.S. VIGO","2.267","4.756","180"
"2020-11-12","SEN A.S. ASIGNADA","0","0","0"
"2020-11-12","GALICIA","8.666","30.500","1.059"
"2020-11-13","A.S. A CORUÑA E CEE","1.691","7.523","253"
"2020-11-13","A.S. FERROL","754","1.609","58"
"2020-11-13","A.S. LUGO, A MARIÑA E MONFORTE","1.016","3.716","110"
"2020-11-13","A.S. OURENSE, VERÍN E O BARCO","791","5.333","267"
"2020-11-13","A.S. PONTEVEDRA E O SALNÉS","1.117","2.850","42"
"2020-11-13","A.S. SANTIAGO E BARBANZA","1.018","5.155","157"
"2020-11-13","A.S. VIGO","2.318","4.875","180"
"2020-11-13","SEN A.S. ASIGNADA","0","0","0"
"2020-11-13","GALICIA","8.705","31.061","1.067"
"2020-11-14","A.S. A CORUÑA E CEE","1.655","7.642","253"
"2020-11-14","A.S. FERROL","725","1.653","61"
"2020-11-14","A.S. LUGO, A MARIÑA E MONFORTE","961","3.814","110"
"2020-11-14","A.S. OURENSE, VERÍN E O BARCO","773","5.397","270"
"2020-11-14","A.S. PONTEVEDRA E O SALNÉS","1.096","2.902","43"
"2020-11-14","A.S. SANTIAGO E BARBANZA","962","5.250","158"
"2020-11-14","A.S. VIGO","2.244","5.073","184"
"2020-11-14","SEN A.S. ASIGNADA","0","0","0"
"2020-11-14","GALICIA","8.416","31.731","1.079"
"2020-11-15","A.S. A CORUÑA E CEE","1.694","7.722","253"
"2020-11-15","A.S. FERROL","688","1.727","62"
"2020-11-15","A.S. LUGO, A MARIÑA E MONFORTE","952","3.893","112"
"2020-11-15","A.S. OURENSE, VERÍN E O BARCO","764","5.432","271"
"2020-11-15","A.S. PONTEVEDRA E O SALNÉS","1.085","2.976","43"
"2020-11-15","A.S. SANTIAGO E BARBANZA","961","5.307","158"
"2020-11-15","A.S. VIGO","2.193","5.221","185"
"2020-11-15","SEN A.S. ASIGNADA","0","0","0"
"2020-11-15","GALICIA","8.337","32.278","1.084"
"2020-11-16","A.S. A CORUÑA E CEE","1.709","7.797","253"
"2020-11-16","A.S. FERROL","671","1.772","62"
"2020-11-16","A.S. LUGO, A MARIÑA E MONFORTE","997","3.917","114"
"2020-11-16","A.S. OURENSE, VERÍN E O BARCO","738","5.485","272"
"2020-11-16","A.S. PONTEVEDRA E O SALNÉS","1.072","3.049","43"
"2020-11-16","A.S. SANTIAGO E BARBANZA","960","5.364","158"
"2020-11-16","A.S. VIGO","2.167","5.321","186"
"2020-11-16","SEN A.S. ASIGNADA","0","0","0"
"2020-11-16","GALICIA","8.314","32.705","1.088"
"2020-11-17","A.S. A CORUÑA E CEE","1.746","7.874","258"
"2020-11-17","A.S. FERROL","646","1.816","62"
"2020-11-17","A.S. LUGO, A MARIÑA E MONFORTE","1.005","3.957","115"
"2020-11-17","A.S. OURENSE, VERÍN E O BARCO","708","5.541","274"
"2020-11-17","A.S. PONTEVEDRA E O SALNÉS","1.096","3.092","44"
"2020-11-17","A.S. SANTIAGO E BARBANZA","946","5.451","158"
"2020-11-17","A.S. VIGO","2.188","5.448","191"
"2020-11-17","SEN A.S. ASIGNADA","0","0","0"
"2020-11-17","GALICIA","8.335","33.179","1.102"
"2020-11-18","A.S. A CORUÑA E CEE","1.774","7.970","258"
"2020-11-18","A.S. FERROL","626","1.869","64"
"2020-11-18","A.S. LUGO, A MARIÑA E MONFORTE","970","4.037","115"
"2020-11-18","A.S. OURENSE, VERÍN E O BARCO","690","5.607","278"
"2020-11-18","A.S. PONTEVEDRA E O SALNÉS","1.098","3.155","45"
"2020-11-18","A.S. SANTIAGO E BARBANZA","945","5.520","160"
"2020-11-18","A.S. VIGO","2.261","5.598","196"
"2020-11-18","SEN A.S. ASIGNADA","0","0","0"
"2020-11-18","GALICIA","8.364","33.756","1.116"
"2020-11-19","A.S. A CORUÑA E CEE","1.762","8.092","259"
"2020-11-19","A.S. FERROL","598","1.940","65"
"2020-11-19","A.S. LUGO, A MARIÑA E MONFORTE","1.070","4.084","117"
"2020-11-19","A.S. OURENSE, VERÍN E O BARCO","682","5.653","280"
"2020-11-19","A.S. PONTEVEDRA E O SALNÉS","1.089","3.244","47"
"2020-11-19","A.S. SANTIAGO E BARBANZA","968","5.580","160"
"2020-11-19","A.S. VIGO","2.210","5.794","200"
"2020-11-19","SEN A.S. ASIGNADA","0","0","0"
"2020-11-19","GALICIA","8.379","34.387","1.128"
"2020-11-20","A.S. A CORUÑA E CEE","1.748","8.199","264"
"2020-11-20","A.S. FERROL","583","1.993","66"
"2020-11-20","A.S. LUGO, A MARIÑA E MONFORTE","1.036","4.184","118"
"2020-11-20","A.S. OURENSE, VERÍN E O BARCO","650","5.720","284"
"2020-11-20","A.S. PONTEVEDRA E O SALNÉS","1.088","3.319","48"
"2020-11-20","A.S. SANTIAGO E BARBANZA","961","5.651","160"
"2020-11-20","A.S. VIGO","2.185","5.960","203"
"2020-11-20","SEN A.S. ASIGNADA","0","0","0"
"2020-11-20","GALICIA","8.251","35.026","1.143"
"2020-11-21","A.S. A CORUÑA E CEE","1.711","8.317","265"
"2020-11-21","A.S. FERROL","588","2.036","67"
"2020-11-21","A.S. LUGO, A MARIÑA E MONFORTE","1.005","4.257","118"
"2020-11-21","A.S. OURENSE, VERÍN E O BARCO","627","5.768","285"
"2020-11-21","A.S. PONTEVEDRA E O SALNÉS","1.093","3.376","50"
"2020-11-21","A.S. SANTIAGO E BARBANZA","924","5.729","163"
"2020-11-21","A.S. VIGO","2.145","6.078","203"
"2020-11-21","SEN A.S. ASIGNADA","0","0","0"
"2020-11-21","GALICIA","8.093","35.561","1.151"
"2020-11-22","A.S. A CORUÑA E CEE","1.676","8.425","269"
"2020-11-22","A.S. FERROL","596","2.061","68"
"2020-11-22","A.S. LUGO, A MARIÑA E MONFORTE","1.003","4.310","118"
"2020-11-22","A.S. OURENSE, VERÍN E O BARCO","597","5.808","288"
"2020-11-22","A.S. PONTEVEDRA E O SALNÉS","1.076","3.449","51"
"2020-11-22","A.S. SANTIAGO E BARBANZA","922","5.781","163"
"2020-11-22","A.S. VIGO","2.069","6.198","208"
"2020-11-22","SEN A.S. ASIGNADA","0","0","0"
"2020-11-22","GALICIA","7.939","36.032","1.165"
"2020-11-23","A.S. A CORUÑA E CEE","1.659","8.518","273"
"2020-11-23","A.S. FERROL","595","2.077","68"
"2020-11-23","A.S. LUGO, A MARIÑA E MONFORTE","989","4.361","118"
"2020-11-23","A.S. OURENSE, VERÍN E O BARCO","595","5.834","289"
"2020-11-23","A.S. PONTEVEDRA E O SALNÉS","1.063","3.510","51"
"2020-11-23","A.S. SANTIAGO E BARBANZA","919","5.830","165"
"2020-11-23","A.S. VIGO","2.100","6.270","212"
"2020-11-23","SEN A.S. ASIGNADA","0","0","0"
"2020-11-23","GALICIA","7.920","36.400","1.176"
"2020-11-24","A.S. A CORUÑA E CEE","1.642","8.611","275"
"2020-11-24","A.S. FERROL","599","2.097","68"
"2020-11-24","A.S. LUGO, A MARIÑA E MONFORTE","978","4.403","121"
"2020-11-24","A.S. OURENSE, VERÍN E O BARCO","589","5.877","290"
"2020-11-24","A.S. PONTEVEDRA E O SALNÉS","1.057","3.562","51"
"2020-11-24","A.S. SANTIAGO E BARBANZA","900","5.885","166"
"2020-11-24","A.S. VIGO","2.117","6.409","212"
"2020-11-24","SEN A.S. ASIGNADA","0","0","0"
"2020-11-24","GALICIA","7.882","36.844","1.183"
"2020-11-25","A.S. A CORUÑA E CEE","1.607","8.728","275"
"2020-11-25","A.S. FERROL","616","2.125","68"
"2020-11-25","A.S. LUGO, A MARIÑA E MONFORTE","962","4.463","123"
"2020-11-25","A.S. OURENSE, VERÍN E O BARCO","528","5.951","290"
"2020-11-25","A.S. PONTEVEDRA E O SALNÉS","1.056","3.621","51"
"2020-11-25","A.S. SANTIAGO E BARBANZA","886","5.958","167"
"2020-11-25","A.S. VIGO","2.147","6.493","212"
"2020-11-25","SEN A.S. ASIGNADA","0","0","0"
"2020-11-25","GALICIA","7.802","37.339","1.186"
"2020-11-26","A.S. A CORUÑA E CEE","1.610","8.840","277"
"2020-11-26","A.S. FERROL","630","2.160","71"
"2020-11-26","A.S. LUGO, A MARIÑA E MONFORTE","937","4.524","123"
"2020-11-26","A.S. OURENSE, VERÍN E O BARCO","513","5.984","290"
"2020-11-26","A.S. PONTEVEDRA E O SALNÉS","1.044","3.680","52"
"2020-11-26","A.S. SANTIAGO E BARBANZA","878","6.026","168"
"2020-11-26","A.S. VIGO","2.103","6.636","216"
"2020-11-26","SEN A.S. ASIGNADA","0","0","0"
"2020-11-26","GALICIA","7.715","37.850","1.197"
"2020-11-27","A.S. A CORUÑA E CEE","1.589","8.921","279"
"2020-11-27","A.S. FERROL","625","2.192","72"
"2020-11-27","A.S. LUGO, A MARIÑA E MONFORTE","941","4.584","125"
"2020-11-27","A.S. OURENSE, VERÍN E O BARCO","481","6.035","290"
"2020-11-27","A.S. PONTEVEDRA E O SALNÉS","1.009","3.766","53"
"2020-11-27","A.S. SANTIAGO E BARBANZA","829","6.108","168"
"2020-11-27","A.S. VIGO","2.022","6.799","221"
"2020-11-27","SEN A.S. ASIGNADA","0","0","0"
"2020-11-27","GALICIA","7.496","38.405","1.208"
"2020-11-28","A.S. A CORUÑA E CEE","1.574","9.008","281"
"2020-11-28","A.S. FERROL","612","2.223","74"
"2020-11-28","A.S. LUGO, A MARIÑA E MONFORTE","858","4.695","126"
"2020-11-28","A.S. OURENSE, VERÍN E O BARCO","445","6.078","291"
"2020-11-28","A.S. PONTEVEDRA E O SALNÉS","982","3.845","53"
"2020-11-28","A.S. SANTIAGO E BARBANZA","798","6.177","168"
"2020-11-28","A.S. VIGO","1.945","6.955","222"
"2020-11-28","SEN A.S. ASIGNADA","0","0","0"
"2020-11-28","GALICIA","7.214","38.981","1.215"
"2020-11-29","A.S. A CORUÑA E CEE","1.547","9.084","283"
"2020-11-29","A.S. FERROL","613","2.239","74"
"2020-11-29","A.S. LUGO, A MARIÑA E MONFORTE","852","4.730","126"
"2020-11-29","A.S. OURENSE, VERÍN E O BARCO","431","6.103","293"
"2020-11-29","A.S. PONTEVEDRA E O SALNÉS","1.009","3.879","55"
"2020-11-29","A.S. SANTIAGO E BARBANZA","789","6.210","168"
"2020-11-29","A.S. VIGO","1.863","7.062","228"
"2020-11-29","SEN A.S. ASIGNADA","0","0","0"
"2020-11-29","GALICIA","7.104","39.307","1.227"
"2020-11-30","A.S. A CORUÑA E CEE","1.502","9.181","286"
"2020-11-30","A.S. FERROL","600","2.269","75"
"2020-11-30","A.S. LUGO, A MARIÑA E MONFORTE","822","4.791","129"
"2020-11-30","A.S. OURENSE, VERÍN E O BARCO","425","6.124","293"
"2020-11-30","A.S. PONTEVEDRA E O SALNÉS","983","3.934","55"
"2020-11-30","A.S. SANTIAGO E BARBANZA","776","6.266","168"
"2020-11-30","A.S. VIGO","1.833","7.173","229"
"2020-11-30","SEN A.S. ASIGNADA","0","0","0"
"2020-11-30","GALICIA","6.941","39.738","1.235"
"2020-12-01","A.S. A CORUÑA E CEE","1.471","9.269","288"
"2020-12-01","A.S. FERROL","596","2.301","75"
"2020-12-01","A.S. LUGO, A MARIÑA E MONFORTE","805","4.850","129"
"2020-12-01","A.S. OURENSE, VERÍN E O BARCO","414","6.153","294"
"2020-12-01","A.S. PONTEVEDRA E O SALNÉS","962","3.999","56"
"2020-12-01","A.S. SANTIAGO E BARBANZA","787","6.324","168"
"2020-12-01","A.S. VIGO","1.841","7.277","231"
"2020-12-01","SEN A.S. ASIGNADA","0","0","0"
"2020-12-01","GALICIA","6.876","40.173","1.241"
"2020-12-02","A.S. A CORUÑA E CEE","1.441","9.373","289"
"2020-12-02","A.S. FERROL","566","2.343","77"
"2020-12-02","A.S. LUGO, A MARIÑA E MONFORTE","787","4.901","130"
"2020-12-02","A.S. OURENSE, VERÍN E O BARCO","423","6.184","294"
"2020-12-02","A.S. PONTEVEDRA E O SALNÉS","940","4.051","58"
"2020-12-02","A.S. SANTIAGO E BARBANZA","765","6.397","168"
"2020-12-02","A.S. VIGO","1.851","7.366","231"
"2020-12-02","SEN A.S. ASIGNADA","0","0","0"
"2020-12-02","GALICIA","6.773","40.615","1.247"
"2020-12-03","A.S. A CORUÑA E CEE","1.380","9.494","291"
"2020-12-03","A.S. FERROL","547","2.393","78"
"2020-12-03","A.S. LUGO, A MARIÑA E MONFORTE","755","4.955","132"
"2020-12-03","A.S. OURENSE, VERÍN E O BARCO","404","6.221","295"
"2020-12-03","A.S. PONTEVEDRA E O SALNÉS","906","4.110","59"
"2020-12-03","A.S. SANTIAGO E BARBANZA","761","6.460","170"
"2020-12-03","A.S. VIGO","1.762","7.561","234"
"2020-12-03","SEN A.S. ASIGNADA","0","0","0"
"2020-12-03","GALICIA","6.515","41.194","1.259"
"2020-12-04","A.S. A CORUÑA E CEE","1.315","9.607","291"
"2020-12-04","A.S. FERROL","528","2.441","79"
"2020-12-04","A.S. LUGO, A MARIÑA E MONFORTE","751","5.010","132"
"2020-12-04","A.S. OURENSE, VERÍN E O BARCO","391","6.253","296"
"2020-12-04","A.S. PONTEVEDRA E O SALNÉS","864","4.197","60"
"2020-12-04","A.S. SANTIAGO E BARBANZA","756","6.525","170"
"2020-12-04","A.S. VIGO","1.693","7.687","237"
"2020-12-04","SEN A.S. ASIGNADA","0","0","0"
"2020-12-04","GALICIA","6.298","41.720","1.265"
"2020-12-05","A.S. A CORUÑA E CEE","1.278","9.696","291"
"2020-12-05","A.S. FERROL","536","2.471","79"
"2020-12-05","A.S. LUGO, A MARIÑA E MONFORTE","694","5.082","135"
"2020-12-05","A.S. OURENSE, VERÍN E O BARCO","378","6.284","297"
"2020-12-05","A.S. PONTEVEDRA E O SALNÉS","840","4.258","61"
"2020-12-05","A.S. SANTIAGO E BARBANZA","738","6.593","170"
"2020-12-05","A.S. VIGO","1.654","7.805","242"
"2020-12-05","SEN A.S. ASIGNADA","0","0","0"
"2020-12-05","GALICIA","6.118","42.189","1.275"
"2020-12-06","A.S. A CORUÑA E CEE","1.256","9.753","292"
"2020-12-06","A.S. FERROL","517","2.514","79"
"2020-12-06","A.S. LUGO, A MARIÑA E MONFORTE","676","5.123","136"
"2020-12-06","A.S. OURENSE, VERÍN E O BARCO","377","6.303","297"
"2020-12-06","A.S. PONTEVEDRA E O SALNÉS","828","4.308","62"
"2020-12-06","A.S. SANTIAGO E BARBANZA","754","6.626","170"
"2020-12-06","A.S. VIGO","1.636","7.869","244"
"2020-12-06","SEN A.S. ASIGNADA","0","0","0"
"2020-12-06","GALICIA","6.044","42.496","1.280"
"2020-12-07","A.S. A CORUÑA E CEE","1.156","9.888","293"
"2020-12-07","A.S. FERROL","502","2.546","80"
"2020-12-07","A.S. LUGO, A MARIÑA E MONFORTE","570","5.257","137"
"2020-12-07","A.S. OURENSE, VERÍN E O BARCO","345","6.352","298"
"2020-12-07","A.S. PONTEVEDRA E O SALNÉS","786","4.393","62"
"2020-12-07","A.S. SANTIAGO E BARBANZA","731","6.701","171"
"2020-12-07","A.S. VIGO","1.392","8.178","247"
"2020-12-07","SEN A.S. ASIGNADA","0","0","0"
"2020-12-07","GALICIA","5.482","43.315","1.288"
"2020-12-08","A.S. A CORUÑA E CEE","1.118","9.978","293"
"2020-12-08","A.S. FERROL","540","2.556","81"
"2020-12-08","A.S. LUGO, A MARIÑA E MONFORTE","551","5.292","138"
"2020-12-08","A.S. OURENSE, VERÍN E O BARCO","351","6.381","299"
"2020-12-08","A.S. PONTEVEDRA E O SALNÉS","772","4.454","67"
"2020-12-08","A.S. SANTIAGO E BARBANZA","746","6.744","172"
"2020-12-08","A.S. VIGO","1.385","8.255","247"
"2020-12-08","SEN A.S. ASIGNADA","0","0","0"
"2020-12-08","GALICIA","5.463","43.660","1.297"
"2020-12-09","A.S. A CORUÑA E CEE","1.074","10.054","293"
"2020-12-09","A.S. FERROL","524","2.582","81"
"2020-12-09","A.S. LUGO, A MARIÑA E MONFORTE","533","5.324","139"
"2020-12-09","A.S. OURENSE, VERÍN E O BARCO","341","6.421","301"
"2020-12-09","A.S. PONTEVEDRA E O SALNÉS","751","4.503","69"
"2020-12-09","A.S. SANTIAGO E BARBANZA","773","6.787","173"
"2020-12-09","A.S. VIGO","1.305","8.388","247"
"2020-12-09","SEN A.S. ASIGNADA","0","0","0"
"2020-12-09","GALICIA","5.301","44.059","1.303"
"2020-12-10","A.S. A CORUÑA E CEE","1.024","10.142","295"
"2020-12-10","A.S. FERROL","511","2.623","81"
"2020-12-10","A.S. LUGO, A MARIÑA E MONFORTE","519","5.366","140"
"2020-12-10","A.S. OURENSE, VERÍN E O BARCO","360","6.437","301"
"2020-12-10","A.S. PONTEVEDRA E O SALNÉS","755","4.555","69"
"2020-12-10","A.S. SANTIAGO E BARBANZA","789","6.839","174"
"2020-12-10","A.S. VIGO","1.264","8.545","250"
"2020-12-10","SEN A.S. ASIGNADA","0","0","0"
"2020-12-10","GALICIA","5.222","44.507","1.310"
"2020-12-11","A.S. A CORUÑA E CEE","960","10.264","297"
"2020-12-11","A.S. FERROL","488","2.680","82"
"2020-12-11","A.S. LUGO, A MARIÑA E MONFORTE","498","5.408","140"
"2020-12-11","A.S. OURENSE, VERÍN E O BARCO","382","6.449","302"
"2020-12-11","A.S. PONTEVEDRA E O SALNÉS","749","4.611","70"
"2020-12-11","A.S. SANTIAGO E BARBANZA","818","6.902","174"
"2020-12-11","A.S. VIGO","1.205","8.649","252"
"2020-12-11","SEN A.S. ASIGNADA","0","0","0"
"2020-12-11","GALICIA","5.100","44.963","1.317"
"2020-12-12","A.S. A CORUÑA E CEE","941","10.329","298"
"2020-12-12","A.S. FERROL","481","2.714","84"
"2020-12-12","A.S. LUGO, A MARIÑA E MONFORTE","451","5.470","140"
"2020-12-12","A.S. OURENSE, VERÍN E O BARCO","403","6.472","303"
"2020-12-12","A.S. PONTEVEDRA E O SALNÉS","760","4.663","71"
"2020-12-12","A.S. SANTIAGO E BARBANZA","861","6.943","174"
"2020-12-12","A.S. VIGO","1.213","8.724","252"
"2020-12-12","SEN A.S. ASIGNADA","0","0","0"
"2020-12-12","GALICIA","5.110","45.315","1.322"
"2020-12-13","A.S. A CORUÑA E CEE","879","10.422","300"
"2020-12-13","A.S. FERROL","494","2.732","84"
"2020-12-13","A.S. LUGO, A MARIÑA E MONFORTE","439","5.499","141"
"2020-12-13","A.S. OURENSE, VERÍN E O BARCO","418","6.483","304"
"2020-12-13","A.S. PONTEVEDRA E O SALNÉS","765","4.712","71"
"2020-12-13","A.S. SANTIAGO E BARBANZA","914","6.976","174"
"2020-12-13","A.S. VIGO","1.206","8.781","255"
"2020-12-13","SEN A.S. ASIGNADA","0","0","0"
"2020-12-13","GALICIA","5.115","45.605","1.329"
"2020-12-14","A.S. A CORUÑA E CEE","850","10.479","300"
"2020-12-14","A.S. FERROL","497","2.752","84"
"2020-12-14","A.S. LUGO, A MARIÑA E MONFORTE","427","5.528","141"
"2020-12-14","A.S. OURENSE, VERÍN E O BARCO","414","6.506","304"
"2020-12-14","A.S. PONTEVEDRA E O SALNÉS","784","4.773","71"
"2020-12-14","A.S. SANTIAGO E BARBANZA","956","7.005","175"
"2020-12-14","A.S. VIGO","1.229","8.803","257"
"2020-12-14","SEN A.S. ASIGNADA","0","0","0"
"2020-12-14","GALICIA","5.157","45.846","1.332"
"2020-12-15","A.S. A CORUÑA E CEE","849","10.535","303"
"2020-12-15","A.S. FERROL","503","2.778","84"
"2020-12-15","A.S. LUGO, A MARIÑA E MONFORTE","420","5.562","141"
"2020-12-15","A.S. OURENSE, VERÍN E O BARCO","436","6.523","304"
"2020-12-15","A.S. PONTEVEDRA E O SALNÉS","773","4.813","72"
"2020-12-15","A.S. SANTIAGO E BARBANZA","1.003","7.065","175"
"2020-12-15","A.S. VIGO","1.246","8.903","258"
"2020-12-15","SEN A.S. ASIGNADA","0","0","0"
"2020-12-15","GALICIA","5.230","46.179","1.337"
"2020-12-16","A.S. A CORUÑA E CEE","827","10.599","305"
"2020-12-16","A.S. FERROL","500","2.802","84"
"2020-12-16","A.S. LUGO, A MARIÑA E MONFORTE","398","5.614","141"
"2020-12-16","A.S. OURENSE, VERÍN E O BARCO","440","6.556","305"
"2020-12-16","A.S. PONTEVEDRA E O SALNÉS","798","4.867","72"
"2020-12-16","A.S. SANTIAGO E BARBANZA","1.054","7.135","176"
"2020-12-16","A.S. VIGO","1.216","9.026","258"
"2020-12-16","SEN A.S. ASIGNADA","0","0","0"
"2020-12-16","GALICIA","5.233","46.599","1.341"
"2020-12-17","A.S. A CORUÑA E CEE","820","10.681","305"
"2020-12-17","A.S. FERROL","498","2.824","84"
"2020-12-17","A.S. LUGO, A MARIÑA E MONFORTE","379","5.653","141"
"2020-12-17","A.S. OURENSE, VERÍN E O BARCO","449","6.582","307"
"2020-12-17","A.S. PONTEVEDRA E O SALNÉS","815","4.904","72"
"2020-12-17","A.S. SANTIAGO E BARBANZA","1.098","7.187","176"
"2020-12-17","A.S. VIGO","1.196","9.123","260"
"2020-12-17","SEN A.S. ASIGNADA","0","0","0"
"2020-12-17","GALICIA","5.255","46.954","1.345"
"2020-12-18","A.S. A CORUÑA E CEE","839","10.741","305"
"2020-12-18","A.S. FERROL","478","2.859","84"
"2020-12-18","A.S. LUGO, A MARIÑA E MONFORTE","367","5.686","141"
"2020-12-18","A.S. OURENSE, VERÍN E O BARCO","447","6.607","307"
"2020-12-18","A.S. PONTEVEDRA E O SALNÉS","857","4.935","74"
"2020-12-18","A.S. SANTIAGO E BARBANZA","1.150","7.237","176"
"2020-12-18","A.S. VIGO","1.151","9.247","260"
"2020-12-18","SEN A.S. ASIGNADA","0","0","0"
"2020-12-18","GALICIA","5.289","47.312","1.347"
"2020-12-19","A.S. A CORUÑA E CEE","834","10.791","305"
"2020-12-19","A.S. FERROL","441","2.907","84"
"2020-12-19","A.S. LUGO, A MARIÑA E MONFORTE","346","5.733","141"
"2020-12-19","A.S. OURENSE, VERÍN E O BARCO","444","6.625","307"
"2020-12-19","A.S. PONTEVEDRA E O SALNÉS","857","4.974","76"
"2020-12-19","A.S. SANTIAGO E BARBANZA","1.153","7.290","176"
"2020-12-19","A.S. VIGO","1.149","9.319","260"
"2020-12-19","SEN A.S. ASIGNADA","0","0","0"
"2020-12-19","GALICIA","5.224","47.639","1.349"
"2020-12-20","A.S. A CORUÑA E CEE","819","10.839","305"
"2020-12-20","A.S. FERROL","421","2.943","85"
"2020-12-20","A.S. LUGO, A MARIÑA E MONFORTE","342","5.753","143"
"2020-12-20","A.S. OURENSE, VERÍN E O BARCO","467","6.644","308"
"2020-12-20","A.S. PONTEVEDRA E O SALNÉS","842","5.012","76"
"2020-12-20","A.S. SANTIAGO E BARBANZA","1.170","7.331","177"
"2020-12-20","A.S. VIGO","1.144","9.380","261"
"2020-12-20","SEN A.S. ASIGNADA","0","0","0"
"2020-12-20","GALICIA","5.205","47.902","1.355"
"2020-12-21","A.S. A CORUÑA E CEE","795","10.878","305"
"2020-12-21","A.S. FERROL","401","2.975","85"
"2020-12-21","A.S. LUGO, A MARIÑA E MONFORTE","324","5.781","144"
"2020-12-21","A.S. OURENSE, VERÍN E O BARCO","480","6.665","308"
"2020-12-21","A.S. PONTEVEDRA E O SALNÉS","834","5.054","76"
"2020-12-21","A.S. SANTIAGO E BARBANZA","1.175","7.375","179"
"2020-12-21","A.S. VIGO","1.143","9.441","261"
"2020-12-21","SEN A.S. ASIGNADA","0","0","0"
"2020-12-21","GALICIA","5.152","48.169","1.358"
"2020-12-22","A.S. A CORUÑA E CEE","807","10.923","305"
"2020-12-22","A.S. FERROL","391","3.000","85"
"2020-12-22","A.S. LUGO, A MARIÑA E MONFORTE","320","5.808","144"
"2020-12-22","A.S. OURENSE, VERÍN E O BARCO","477","6.702","308"
"2020-12-22","A.S. PONTEVEDRA E O SALNÉS","840","5.098","76"
"2020-12-22","A.S. SANTIAGO E BARBANZA","1.207","7.428","179"
"2020-12-22","A.S. VIGO","1.122","9.533","263"
"2020-12-22","SEN A.S. ASIGNADA","0","0","0"
"2020-12-22","GALICIA","5.164","48.492","1.360"
"2020-12-23","A.S. A CORUÑA E CEE","812","10.989","306"
"2020-12-23","A.S. FERROL","366","3.041","85"
"2020-12-23","A.S. LUGO, A MARIÑA E MONFORTE","335","5.826","144"
"2020-12-23","A.S. OURENSE, VERÍN E O BARCO","495","6.726","309"
"2020-12-23","A.S. PONTEVEDRA E O SALNÉS","836","5.158","76"
"2020-12-23","A.S. SANTIAGO E BARBANZA","1.260","7.488","179"
"2020-12-23","A.S. VIGO","1.167","9.600","265"
"2020-12-23","SEN A.S. ASIGNADA","0","0","0"
"2020-12-23","GALICIA","5.271","48.828","1.364"
"2020-12-24","A.S. A CORUÑA E CEE","830","11.028","307"
"2020-12-24","A.S. FERROL","369","3.056","86"
"2020-12-24","A.S. LUGO, A MARIÑA E MONFORTE","343","5.845","144"
"2020-12-24","A.S. OURENSE, VERÍN E O BARCO","525","6.755","309"
"2020-12-24","A.S. PONTEVEDRA E O SALNÉS","852","5.194","77"
"2020-12-24","A.S. SANTIAGO E BARBANZA","1.247","7.556","182"
"2020-12-24","A.S. VIGO","1.213","9.639","266"
"2020-12-24","SEN A.S. ASIGNADA","0","0","0"
"2020-12-24","GALICIA","5.379","49.073","1.371"
"2020-12-25","A.S. A CORUÑA E CEE","833","11.075","308"
"2020-12-25","A.S. FERROL","353","3.082","88"
"2020-12-25","A.S. LUGO, A MARIÑA E MONFORTE","338","5.878","144"
"2020-12-25","A.S. OURENSE, VERÍN E O BARCO","516","6.781","309"
"2020-12-25","A.S. PONTEVEDRA E O SALNÉS","836","5.247","77"
"2020-12-25","A.S. SANTIAGO E BARBANZA","1.291","7.620","183"
"2020-12-25","A.S. VIGO","1.148","9.761","267"
"2020-12-25","SEN A.S. ASIGNADA","0","0","0"
"2020-12-25","GALICIA","5.315","49.444","1.376"
"2020-12-26","A.S. A CORUÑA E CEE","791","11.142","309"
"2020-12-26","A.S. FERROL","330","3.118","88"
"2020-12-26","A.S. LUGO, A MARIÑA E MONFORTE","359","5.891","145"
"2020-12-26","A.S. OURENSE, VERÍN E O BARCO","502","6.813","309"
"2020-12-26","A.S. PONTEVEDRA E O SALNÉS","826","5.301","77"
"2020-12-26","A.S. SANTIAGO E BARBANZA","1.290","7.694","187"
"2020-12-26","A.S. VIGO","1.146","9.806","268"
"2020-12-26","SEN A.S. ASIGNADA","0","0","0"
"2020-12-26","GALICIA","5.244","49.765","1.383"
"2020-12-27","A.S. A CORUÑA E CEE","792","11.194","310"
"2020-12-27","A.S. FERROL","319","3.145","88"
"2020-12-27","A.S. LUGO, A MARIÑA E MONFORTE","356","5.908","145"
"2020-12-27","A.S. OURENSE, VERÍN E O BARCO","492","6.847","309"
"2020-12-27","A.S. PONTEVEDRA E O SALNÉS","809","5.359","77"
"2020-12-27","A.S. SANTIAGO E BARBANZA","1.286","7.770","188"
"2020-12-27","A.S. VIGO","1.109","9.893","269"
"2020-12-27","SEN A.S. ASIGNADA","0","0","0"
"2020-12-27","GALICIA","5.163","50.116","1.386"
"2020-12-28","A.S. A CORUÑA E CEE","840","11.227","311"
"2020-12-28","A.S. FERROL","307","3.176","89"
"2020-12-28","A.S. LUGO, A MARIÑA E MONFORTE","357","5.922","145"
"2020-12-28","A.S. OURENSE, VERÍN E O BARCO","501","6.872","309"
"2020-12-28","A.S. PONTEVEDRA E O SALNÉS","788","5.410","77"
"2020-12-28","A.S. SANTIAGO E BARBANZA","1.297","7.850","190"
"2020-12-28","A.S. VIGO","1.092","9.963","273"
"2020-12-28","SEN A.S. ASIGNADA","0","0","0"
"2020-12-28","GALICIA","5.182","50.420","1.394"
"2020-12-29","A.S. A CORUÑA E CEE","875","11.271","311"
"2020-12-29","A.S. FERROL","298","3.200","89"
"2020-12-29","A.S. LUGO, A MARIÑA E MONFORTE","380","5.940","145"
"2020-12-29","A.S. OURENSE, VERÍN E O BARCO","512","6.901","309"
"2020-12-29","A.S. PONTEVEDRA E O SALNÉS","754","5.484","79"
"2020-12-29","A.S. SANTIAGO E BARBANZA","1.324","7.932","190"
"2020-12-29","A.S. VIGO","1.089","10.040","275"
"2020-12-29","SEN A.S. ASIGNADA","0","0","0"
"2020-12-29","GALICIA","5.232","50.768","1.398"
"2020-12-30","A.S. A CORUÑA E CEE","944","11.337","313"
"2020-12-30","A.S. FERROL","285","3.237","90"
"2020-12-30","A.S. LUGO, A MARIÑA E MONFORTE","391","5.970","145"
"2020-12-30","A.S. OURENSE, VERÍN E O BARCO","555","6.943","309"
"2020-12-30","A.S. PONTEVEDRA E O SALNÉS","762","5.515","80"
"2020-12-30","A.S. SANTIAGO E BARBANZA","1.309","8.042","192"
"2020-12-30","A.S. VIGO","1.088","10.154","276"
"2020-12-30","SEN A.S. ASIGNADA","0","0","0"
"2020-12-30","GALICIA","5.334","51.198","1.405"
"2020-12-31","A.S. A CORUÑA E CEE","1.012","11.377","314"
"2020-12-31","A.S. FERROL","285","3.265","90"
"2020-12-31","A.S. LUGO, A MARIÑA E MONFORTE","415","5.996","145"
"2020-12-31","A.S. OURENSE, VERÍN E O BARCO","561","6.974","310"
"2020-12-31","A.S. PONTEVEDRA E O SALNÉS","732","5.592","81"
"2020-12-31","A.S. SANTIAGO E BARBANZA","1.311","8.157","194"
"2020-12-31","A.S. VIGO","1.114","10.235","277"
"2020-12-31","SEN A.S. ASIGNADA","0","0","0"
"2020-12-31","GALICIA","5.430","51.596","1.411"
"2021-01-01","A.S. A CORUÑA E CEE","1.022","11.434","314"
"2021-01-01","A.S. FERROL","286","3.280","90"
"2021-01-01","A.S. LUGO, A MARIÑA E MONFORTE","430","6.020","145"
"2021-01-01","A.S. OURENSE, VERÍN E O BARCO","561","7.003","310"
"2021-01-01","A.S. PONTEVEDRA E O SALNÉS","732","5.643","82"
"2021-01-01","A.S. SANTIAGO E BARBANZA","1.302","8.256","196"
"2021-01-01","A.S. VIGO","1.137","10.301","277"
"2021-01-01","SEN A.S. ASIGNADA","0","0","0"
"2021-01-01","GALICIA","5.470","51.937","1.414"
"2021-01-02","A.S. A CORUÑA E CEE","1.028","11.500","315"
"2021-01-02","A.S. FERROL","294","3.303","90"
"2021-01-02","A.S. LUGO, A MARIÑA E MONFORTE","454","6.043","145"
"2021-01-02","A.S. OURENSE, VERÍN E O BARCO","582","7.022","310"
"2021-01-02","A.S. PONTEVEDRA E O SALNÉS","671","5.726","83"
"2021-01-02","A.S. SANTIAGO E BARBANZA","1.268","8.339","199"
"2021-01-02","A.S. VIGO","1.086","10.377","277"
"2021-01-02","SEN A.S. ASIGNADA","0","0","0"
"2021-01-02","GALICIA","5.383","52.310","1.419"
"2021-01-03","A.S. A CORUÑA E CEE","1.067","11.556","319"
"2021-01-03","A.S. FERROL","317","3.312","90"
"2021-01-03","A.S. LUGO, A MARIÑA E MONFORTE","459","6.069","145"
"2021-01-03","A.S. OURENSE, VERÍN E O BARCO","636","7.046","311"
"2021-01-03","A.S. PONTEVEDRA E O SALNÉS","677","5.765","83"
"2021-01-03","A.S. SANTIAGO E BARBANZA","1.276","8.391","201"
"2021-01-03","A.S. VIGO","1.061","10.442","277"
"2021-01-03","SEN A.S. ASIGNADA","0","0","0"
"2021-01-03","GALICIA","5.493","52.581","1.426"
"2021-01-04","A.S. A CORUÑA E CEE","1.138","11.586","323"
"2021-01-04","A.S. FERROL","325","3.328","91"
"2021-01-04","A.S. LUGO, A MARIÑA E MONFORTE","480","6.090","145"
"2021-01-04","A.S. OURENSE, VERÍN E O BARCO","660","7.081","311"
"2021-01-04","A.S. PONTEVEDRA E O SALNÉS","692","5.786","83"
"2021-01-04","A.S. SANTIAGO E BARBANZA","1.321","8.442","201"
"2021-01-04","A.S. VIGO","1.046","10.494","277"
"2021-01-04","SEN A.S. ASIGNADA","0","0","0"
"2021-01-04","GALICIA","5.662","52.807","1.431"
"2021-01-05","A.S. A CORUÑA E CEE","1.263","11.618","324"
"2021-01-05","A.S. FERROL","356","3.343","91"
"2021-01-05","A.S. LUGO, A MARIÑA E MONFORTE","509","6.105","145"
"2021-01-05","A.S. OURENSE, VERÍN E O BARCO","710","7.126","313"
"2021-01-05","A.S. PONTEVEDRA E O SALNÉS","690","5.824","83"
"2021-01-05","A.S. SANTIAGO E BARBANZA","1.384","8.496","203"
"2021-01-05","A.S. VIGO","1.105","10.552","280"
"2021-01-05","SEN A.S. ASIGNADA","0","0","0"
"2021-01-05","GALICIA","6.017","53.064","1.439"
"2021-01-06","A.S. A CORUÑA E CEE","1.357","11.676","324"
"2021-01-06","A.S. FERROL","377","3.361","92"
"2021-01-06","A.S. LUGO, A MARIÑA E MONFORTE","560","6.130","146"
"2021-01-06","A.S. OURENSE, VERÍN E O BARCO","746","7.167","313"
"2021-01-06","A.S. PONTEVEDRA E O SALNÉS","685","5.875","84"
"2021-01-06","A.S. SANTIAGO E BARBANZA","1.444","8.590","203"
"2021-01-06","A.S. VIGO","1.187","10.622","281"
"2021-01-06","SEN A.S. ASIGNADA","0","0","0"
"2021-01-06","GALICIA","6.356","53.421","1.443"
"2021-01-07","A.S. A CORUÑA E CEE","1.421","11.741","326"
"2021-01-07","A.S. FERROL","409","3.376","92"
"2021-01-07","A.S. LUGO, A MARIÑA E MONFORTE","606","6.160","146"
"2021-01-07","A.S. OURENSE, VERÍN E O BARCO","787","7.213","313"
"2021-01-07","A.S. PONTEVEDRA E O SALNÉS","673","5.939","84"
"2021-01-07","A.S. SANTIAGO E BARBANZA","1.463","8.700","203"
"2021-01-07","A.S. VIGO","1.194","10.743","282"
"2021-01-07","SEN A.S. ASIGNADA","0","0","0"
"2021-01-07","GALICIA","6.553","53.872","1.446"
"2021-01-08","A.S. A CORUÑA E CEE","1.573","11.790","327"
"2021-01-08","A.S. FERROL","421","3.400","94"
"2021-01-08","A.S. LUGO, A MARIÑA E MONFORTE","632","6.184","147"
"2021-01-08","A.S. OURENSE, VERÍN E O BARCO","832","7.269","314"
"2021-01-08","A.S. PONTEVEDRA E O SALNÉS","681","5.989","85"
"2021-01-08","A.S. SANTIAGO E BARBANZA","1.573","8.776","204"
"2021-01-08","A.S. VIGO","1.249","10.842","282"
"2021-01-08","SEN A.S. ASIGNADA","0","0","0"
"2021-01-08","GALICIA","6.961","54.250","1.453"
"2021-01-09","A.S. A CORUÑA E CEE","1.638","11.843","327"
"2021-01-09","A.S. FERROL","484","3.410","96"
"2021-01-09","A.S. LUGO, A MARIÑA E MONFORTE","667","6.205","148"
"2021-01-09","A.S. OURENSE, VERÍN E O BARCO","886","7.286","315"
"2021-01-09","A.S. PONTEVEDRA E O SALNÉS","679","6.024","88"
"2021-01-09","A.S. SANTIAGO E BARBANZA","1.576","8.878","205"
"2021-01-09","A.S. VIGO","1.340","10.901","283"
"2021-01-09","SEN A.S. ASIGNADA","0","0","0"
"2021-01-09","GALICIA","7.270","54.547","1.462"
"2021-01-10","A.S. A CORUÑA E CEE","1.786","11.886","327"
"2021-01-10","A.S. FERROL","531","3.426","96"
"2021-01-10","A.S. LUGO, A MARIÑA E MONFORTE","695","6.233","148"
"2021-01-10","A.S. OURENSE, VERÍN E O BARCO","991","7.305","315"
"2021-01-10","A.S. PONTEVEDRA E O SALNÉS","727","6.068","88"
"2021-01-10","A.S. SANTIAGO E BARBANZA","1.616","8.939","207"
"2021-01-10","A.S. VIGO","1.415","10.925","284"
"2021-01-10","SEN A.S. ASIGNADA","0","0","0"
"2021-01-10","GALICIA","7.761","54.782","1.465"
"2021-01-11","A.S. A CORUÑA E CEE","1.832","11.929","331"
"2021-01-11","A.S. FERROL","562","3.442","96"
"2021-01-11","A.S. LUGO, A MARIÑA E MONFORTE","733","6.247","148"
"2021-01-11","A.S. OURENSE, VERÍN E O BARCO","1.055","7.326","316"
"2021-01-11","A.S. PONTEVEDRA E O SALNÉS","755","6.110","88"
"2021-01-11","A.S. SANTIAGO E BARBANZA","1.727","9.006","210"
"2021-01-11","A.S. VIGO","1.494","10.989","286"
"2021-01-11","SEN A.S. ASIGNADA","0","0","0"
"2021-01-11","GALICIA","8.158","55.049","1.475"
"2021-01-12","A.S. A CORUÑA E CEE","2.015","11.988","332"
"2021-01-12","A.S. FERROL","624","3.460","96"
"2021-01-12","A.S. LUGO, A MARIÑA E MONFORTE","811","6.269","149"
"2021-01-12","A.S. OURENSE, VERÍN E O BARCO","1.161","7.371","316"
"2021-01-12","A.S. PONTEVEDRA E O SALNÉS","757","6.148","89"
"2021-01-12","A.S. SANTIAGO E BARBANZA","1.825","9.114","216"
"2021-01-12","A.S. VIGO","1.637","11.063","286"
"2021-01-12","SEN A.S. ASIGNADA","0","0","0"
"2021-01-12","GALICIA","8.830","55.413","1.484"
"2021-01-13","A.S. A CORUÑA E CEE","2.257","12.069","333"
"2021-01-13","A.S. FERROL","661","3.477","98"
"2021-01-13","A.S. LUGO, A MARIÑA E MONFORTE","865","6.308","152"
"2021-01-13","A.S. OURENSE, VERÍN E O BARCO","1.281","7.418","319"
"2021-01-13","A.S. PONTEVEDRA E O SALNÉS","799","6.191","89"
"2021-01-13","A.S. SANTIAGO E BARBANZA","1.903","9.237","216"
"2021-01-13","A.S. VIGO","1.779","11.125","286"
"2021-01-13","SEN A.S. ASIGNADA","0","0","0"
"2021-01-13","GALICIA","9.545","55.825","1.493"
"2021-01-14","A.S. A CORUÑA E CEE","2.359","12.189","335"
"2021-01-14","A.S. FERROL","784","3.505","99"
"2021-01-14","A.S. LUGO, A MARIÑA E MONFORTE","890","6.347","153"
"2021-01-14","A.S. OURENSE, VERÍN E O BARCO","1.371","7.490","320"
"2021-01-14","A.S. PONTEVEDRA E O SALNÉS","833","6.238","89"
"2021-01-14","A.S. SANTIAGO E BARBANZA","1.970","9.336","218"
"2021-01-14","A.S. VIGO","1.906","11.210","289"
"2021-01-14","SEN A.S. ASIGNADA","0","0","0"
"2021-01-14","GALICIA","10.113","56.315","1.503"
"2021-01-15","A.S. A CORUÑA E CEE","2.584","12.292","340"
"2021-01-15","A.S. FERROL","849","3.533","100"
"2021-01-15","A.S. LUGO, A MARIÑA E MONFORTE","954","6.392","154"
"2021-01-15","A.S. OURENSE, VERÍN E O BARCO","1.496","7.526","321"
"2021-01-15","A.S. PONTEVEDRA E O SALNÉS","878","6.286","89"
"2021-01-15","A.S. SANTIAGO E BARBANZA","2.045","9.458","222"
"2021-01-15","A.S. VIGO","2.062","11.313","293"
"2021-01-15","SEN A.S. ASIGNADA","0","0","0"
"2021-01-15","GALICIA","10.868","56.800","1.519"
"2021-01-16","A.S. A CORUÑA E CEE","2.832","12.357","341"
"2021-01-16","A.S. FERROL","930","3.546","102"
"2021-01-16","A.S. LUGO, A MARIÑA E MONFORTE","1.010","6.430","155"
"2021-01-16","A.S. OURENSE, VERÍN E O BARCO","1.627","7.565","321"
"2021-01-16","A.S. PONTEVEDRA E O SALNÉS","920","6.344","91"
"2021-01-16","A.S. SANTIAGO E BARBANZA","2.137","9.540","224"
"2021-01-16","A.S. VIGO","2.211","11.395","295"
"2021-01-16","SEN A.S. ASIGNADA","0","0","0"
"2021-01-16","GALICIA","11.667","57.177","1.529"
"2021-01-17","A.S. A CORUÑA E CEE","3.046","12.416","345"
"2021-01-17","A.S. FERROL","981","3.575","104"
"2021-01-17","A.S. LUGO, A MARIÑA E MONFORTE","1.050","6.470","155"
"2021-01-17","A.S. OURENSE, VERÍN E O BARCO","1.719","7.594","322"
"2021-01-17","A.S. PONTEVEDRA E O SALNÉS","1.014","6.365","91"
"2021-01-17","A.S. SANTIAGO E BARBANZA","2.228","9.580","230"
"2021-01-17","A.S. VIGO","2.266","11.420","299"
"2021-01-17","SEN A.S. ASIGNADA","0","0","0"
"2021-01-17","GALICIA","12.304","57.420","1.546"
"2021-01-18","A.S. A CORUÑA E CEE","3.190","12.515","350"
"2021-01-18","A.S. FERROL","1.050","3.597","106"
"2021-01-18","A.S. LUGO, A MARIÑA E MONFORTE","1.115","6.503","156"
"2021-01-18","A.S. OURENSE, VERÍN E O BARCO","1.811","7.665","322"
"2021-01-18","A.S. PONTEVEDRA E O SALNÉS","1.061","6.407","92"
"2021-01-18","A.S. SANTIAGO E BARBANZA","2.377","9.627","234"
"2021-01-18","A.S. VIGO","2.420","11.457","304"
"2021-01-18","SEN A.S. ASIGNADA","0","0","0"
"2021-01-18","GALICIA","13.024","57.771","1.564"
"2021-01-19","A.S. A CORUÑA E CEE","3.443","12.613","350"
"2021-01-19","A.S. FERROL","1.102","3.625","106"
"2021-01-19","A.S. LUGO, A MARIÑA E MONFORTE","1.151","6.546","157"
"2021-01-19","A.S. OURENSE, VERÍN E O BARCO","1.945","7.723","325"
"2021-01-19","A.S. PONTEVEDRA E O SALNÉS","1.105","6.439","94"
"2021-01-19","A.S. SANTIAGO E BARBANZA","2.459","9.731","236"
"2021-01-19","A.S. VIGO","2.568","11.522","305"
"2021-01-19","SEN A.S. ASIGNADA","0","0","0"
"2021-01-19","GALICIA","13.773","58.199","1.573"
"2021-01-20","A.S. A CORUÑA E CEE","3.718","12.763","352"
"2021-01-20","A.S. FERROL","1.198","3.666","108"
"2021-01-20","A.S. LUGO, A MARIÑA E MONFORTE","1.269","6.586","159"
"2021-01-20","A.S. OURENSE, VERÍN E O BARCO","2.099","7.811","328"
"2021-01-20","A.S. PONTEVEDRA E O SALNÉS","1.274","6.467","94"
"2021-01-20","A.S. SANTIAGO E BARBANZA","2.567","9.847","241"
"2021-01-20","A.S. VIGO","2.744","11.661","311"
"2021-01-20","SEN A.S. ASIGNADA","0","0","0"
"2021-01-20","GALICIA","14.869","58.801","1.593"
"2021-01-21","A.S. A CORUÑA E CEE","4.020","12.905","353"
"2021-01-21","A.S. FERROL","1.298","3.707","109"
"2021-01-21","A.S. LUGO, A MARIÑA E MONFORTE","1.348","6.656","159"
"2021-01-21","A.S. OURENSE, VERÍN E O BARCO","2.257","7.905","329"
"2021-01-21","A.S. PONTEVEDRA E O SALNÉS","1.359","6.515","97"
"2021-01-21","A.S. SANTIAGO E BARBANZA","2.692","9.995","242"
"2021-01-21","A.S. VIGO","2.945","11.775","314"
"2021-01-21","SEN A.S. ASIGNADA","0","0","0"
"2021-01-21","GALICIA","15.919","59.458","1.603"
"2021-01-22","A.S. A CORUÑA E CEE","4.443","13.022","360"
"2021-01-22","A.S. FERROL","1.371","3.748","112"
"2021-01-22","A.S. LUGO, A MARIÑA E MONFORTE","1.460","6.734","160"
"2021-01-22","A.S. OURENSE, VERÍN E O BARCO","2.397","7.994","329"
"2021-01-22","A.S. PONTEVEDRA E O SALNÉS","1.440","6.571","97"
"2021-01-22","A.S. SANTIAGO E BARBANZA","2.776","10.132","248"
"2021-01-22","A.S. VIGO","3.111","11.897","321"
"2021-01-22","SEN A.S. ASIGNADA","0","0","0"
"2021-01-22","GALICIA","16.998","60.098","1.627"
"2021-01-23","A.S. A CORUÑA E CEE","4.595","13.215","368"
"2021-01-23","A.S. FERROL","1.422","3.790","113"
"2021-01-23","A.S. LUGO, A MARIÑA E MONFORTE","1.551","6.779","161"
"2021-01-23","A.S. OURENSE, VERÍN E O BARCO","2.502","8.096","330"
"2021-01-23","A.S. PONTEVEDRA E O SALNÉS","1.486","6.628","99"
"2021-01-23","A.S. SANTIAGO E BARBANZA","2.787","10.299","249"
"2021-01-23","A.S. VIGO","3.190","12.043","324"
"2021-01-23","SEN A.S. ASIGNADA","0","0","0"
"2021-01-23","GALICIA","17.533","60.850","1.644"
"2021-01-24","A.S. A CORUÑA E CEE","4.711","13.330","375"
"2021-01-24","A.S. FERROL","1.450","3.853","118"
"2021-01-24","A.S. LUGO, A MARIÑA E MONFORTE","1.605","6.835","163"
"2021-01-24","A.S. OURENSE, VERÍN E O BARCO","2.569","8.164","334"
"2021-01-24","A.S. PONTEVEDRA E O SALNÉS","1.720","6.656","101"
"2021-01-24","A.S. SANTIAGO E BARBANZA","2.984","10.396","250"
"2021-01-24","A.S. VIGO","3.288","12.173","325"
"2021-01-24","SEN A.S. ASIGNADA","0","0","0"
"2021-01-24","GALICIA","18.327","61.407","1.666"
"2021-01-25","A.S. A CORUÑA E CEE","4.885","13.494","380"
"2021-01-25","A.S. FERROL","1.484","3.905","119"
"2021-01-25","A.S. LUGO, A MARIÑA E MONFORTE","1.684","6.884","164"
"2021-01-25","A.S. OURENSE, VERÍN E O BARCO","2.663","8.258","335"
"2021-01-25","A.S. PONTEVEDRA E O SALNÉS","1.787","6.746","101"
"2021-01-25","A.S. SANTIAGO E BARBANZA","3.071","10.511","250"
"2021-01-25","A.S. VIGO","3.376","12.256","326"
"2021-01-25","SEN A.S. ASIGNADA","0","0","0"
"2021-01-25","GALICIA","18.950","62.054","1.675"
"2021-01-26","A.S. A CORUÑA E CEE","5.158","13.634","388"
"2021-01-26","A.S. FERROL","1.564","3.946","120"
"2021-01-26","A.S. LUGO, A MARIÑA E MONFORTE","1.820","6.935","165"
"2021-01-26","A.S. OURENSE, VERÍN E O BARCO","2.782","8.356","340"
"2021-01-26","A.S. PONTEVEDRA E O SALNÉS","1.863","6.815","104"
"2021-01-26","A.S. SANTIAGO E BARBANZA","3.159","10.663","253"
"2021-01-26","A.S. VIGO","3.438","12.436","330"
"2021-01-26","SEN A.S. ASIGNADA","0","0","0"
"2021-01-26","GALICIA","19.784","62.785","1.700"
"2021-01-27","A.S. A CORUÑA E CEE","5.320","13.844","397"
"2021-01-27","A.S. FERROL","1.598","4.015","122"
"2021-01-27","A.S. LUGO, A MARIÑA E MONFORTE","1.847","7.034","167"
"2021-01-27","A.S. OURENSE, VERÍN E O BARCO","2.802","8.508","342"
"2021-01-27","A.S. PONTEVEDRA E O SALNÉS","2.001","6.856","105"
"2021-01-27","A.S. SANTIAGO E BARBANZA","3.185","10.874","256"
"2021-01-27","A.S. VIGO","3.400","12.691","333"
"2021-01-27","SEN A.S. ASIGNADA","0","0","0"
"2021-01-27","GALICIA","20.153","63.822","1.722"
"2021-01-28","A.S. A CORUÑA E CEE","5.371","14.126","407"
"2021-01-28","A.S. FERROL","1.651","4.069","125"
"2021-01-28","A.S. LUGO, A MARIÑA E MONFORTE","1.881","7.111","170"
"2021-01-28","A.S. OURENSE, VERÍN E O BARCO","2.792","8.659","348"
"2021-01-28","A.S. PONTEVEDRA E O SALNÉS","2.085","6.931","108"
"2021-01-28","A.S. SANTIAGO E BARBANZA","3.265","11.070","260"
"2021-01-28","A.S. VIGO","3.555","12.888","339"
"2021-01-28","SEN A.S. ASIGNADA","0","0","0"
"2021-01-28","GALICIA","20.600","64.854","1.757"
"2021-01-29","A.S. A CORUÑA E CEE","5.456","14.345","421"
"2021-01-29","A.S. FERROL","1.640","4.203","125"
"2021-01-29","A.S. LUGO, A MARIÑA E MONFORTE","2.011","7.172","172"
"2021-01-29","A.S. OURENSE, VERÍN E O BARCO","2.776","8.807","351"
"2021-01-29","A.S. PONTEVEDRA E O SALNÉS","2.209","7.013","109"
"2021-01-29","A.S. SANTIAGO E BARBANZA","3.286","11.241","264"
"2021-01-29","A.S. VIGO","3.611","13.087","343"
"2021-01-29","SEN A.S. ASIGNADA","0","0","0"
"2021-01-29","GALICIA","20.989","65.868","1.785"
"2021-01-30","A.S. A CORUÑA E CEE","5.475","14.623","426"
"2021-01-30","A.S. FERROL","1.651","4.289","129"
"2021-01-30","A.S. LUGO, A MARIÑA E MONFORTE","2.010","7.276","174"
"2021-01-30","A.S. OURENSE, VERÍN E O BARCO","2.749","8.970","353"
"2021-01-30","A.S. PONTEVEDRA E O SALNÉS","2.248","7.092","112"
"2021-01-30","A.S. SANTIAGO E BARBANZA","3.271","11.424","267"
"2021-01-30","A.S. VIGO","3.518","13.345","345"
"2021-01-30","SEN A.S. ASIGNADA","0","0","0"
"2021-01-30","GALICIA","20.922","67.019","1.806"
"2021-01-31","A.S. A CORUÑA E CEE","5.404","14.899","434"
"2021-01-31","A.S. FERROL","1.645","4.369","132"
"2021-01-31","A.S. LUGO, A MARIÑA E MONFORTE","2.010","7.364","175"
"2021-01-31","A.S. OURENSE, VERÍN E O BARCO","2.711","9.134","354"
"2021-01-31","A.S. PONTEVEDRA E O SALNÉS","2.296","7.181","113"
"2021-01-31","A.S. SANTIAGO E BARBANZA","3.252","11.563","271"
"2021-01-31","A.S. VIGO","3.496","13.516","348"
"2021-01-31","SEN A.S. ASIGNADA","0","0","0"
"2021-01-31","GALICIA","20.814","68.026","1.827"
"2021-02-01","A.S. A CORUÑA E CEE","5.366","15.145","441"
"2021-02-01","A.S. FERROL","1.676","4.447","135"
"2021-02-01","A.S. LUGO, A MARIÑA E MONFORTE","2.012","7.438","176"
"2021-02-01","A.S. OURENSE, VERÍN E O BARCO","2.678","9.258","362"
"2021-02-01","A.S. PONTEVEDRA E O SALNÉS","2.319","7.291","117"
"2021-02-01","A.S. SANTIAGO E BARBANZA","3.290","11.694","274"
"2021-02-01","A.S. VIGO","3.553","13.617","350"
"2021-02-01","SEN A.S. ASIGNADA","0","0","0"
"2021-02-01","GALICIA","20.894","68.890","1.855"
"2021-02-02","A.S. A CORUÑA E CEE","5.382","15.398","451"
"2021-02-02","A.S. FERROL","1.684","4.531","139"
"2021-02-02","A.S. LUGO, A MARIÑA E MONFORTE","1.986","7.551","178"
"2021-02-02","A.S. OURENSE, VERÍN E O BARCO","2.626","9.426","366"
"2021-02-02","A.S. PONTEVEDRA E O SALNÉS","2.399","7.382","118"
"2021-02-02","A.S. SANTIAGO E BARBANZA","3.245","11.892","279"
"2021-02-02","A.S. VIGO","3.606","13.808","351"
"2021-02-02","SEN A.S. ASIGNADA","0","0","0"
"2021-02-02","GALICIA","20.928","69.988","1.882"
"2021-02-03","A.S. A CORUÑA E CEE","5.383","15.713","458"
"2021-02-03","A.S. FERROL","1.718","4.591","143"
"2021-02-03","A.S. LUGO, A MARIÑA E MONFORTE","2.001","7.637","178"
"2021-02-03","A.S. OURENSE, VERÍN E O BARCO","2.546","9.597","371"
"2021-02-03","A.S. PONTEVEDRA E O SALNÉS","2.425","7.456","122"
"2021-02-03","A.S. SANTIAGO E BARBANZA","3.277","12.070","282"
"2021-02-03","A.S. VIGO","3.585","14.023","356"
"2021-02-03","SEN A.S. ASIGNADA","0","0","0"
"2021-02-03","GALICIA","20.935","71.087","1.910"
"2021-02-04","A.S. A CORUÑA E CEE","5.276","16.075","466"
"2021-02-04","A.S. FERROL","1.666","4.716","150"
"2021-02-04","A.S. LUGO, A MARIÑA E MONFORTE","1.913","7.792","178"
"2021-02-04","A.S. OURENSE, VERÍN E O BARCO","2.415","9.834","375"
"2021-02-04","A.S. PONTEVEDRA E O SALNÉS","2.425","7.624","126"
"2021-02-04","A.S. SANTIAGO E BARBANZA","3.182","12.313","285"
"2021-02-04","A.S. VIGO","3.403","14.319","359"
"2021-02-04","SEN A.S. ASIGNADA","0","0","0"
"2021-02-04","GALICIA","20.280","72.673","1.939"
"2021-02-05","A.S. A CORUÑA E CEE","5.113","16.470","476"
"2021-02-05","A.S. FERROL","1.636","4.842","153"
"2021-02-05","A.S. LUGO, A MARIÑA E MONFORTE","1.858","7.938","179"
"2021-02-05","A.S. OURENSE, VERÍN E O BARCO","2.255","10.074","379"
"2021-02-05","A.S. PONTEVEDRA E O SALNÉS","2.404","7.753","128"
"2021-02-05","A.S. SANTIAGO E BARBANZA","3.020","12.589","288"
"2021-02-05","A.S. VIGO","3.220","14.603","361"
"2021-02-05","SEN A.S. ASIGNADA","0","0","0"
"2021-02-05","GALICIA","19.506","74.269","1.964"
"2021-02-06","A.S. A CORUÑA E CEE","4.905","16.924","482"
"2021-02-06","A.S. FERROL","1.566","4.951","157"
"2021-02-06","A.S. LUGO, A MARIÑA E MONFORTE","1.767","8.105","181"
"2021-02-06","A.S. OURENSE, VERÍN E O BARCO","2.097","10.297","381"
"2021-02-06","A.S. PONTEVEDRA E O SALNÉS","2.362","7.881","128"
"2021-02-06","A.S. SANTIAGO E BARBANZA","2.889","12.829","290"
"2021-02-06","A.S. VIGO","3.035","14.872","363"
"2021-02-06","SEN A.S. ASIGNADA","0","0","0"
"2021-02-06","GALICIA","18.621","75.859","1.982"
"2021-02-07","A.S. A CORUÑA E CEE","4.780","17.228","486"
"2021-02-07","A.S. FERROL","1.525","5.026","160"
"2021-02-07","A.S. LUGO, A MARIÑA E MONFORTE","1.697","8.240","184"
"2021-02-07","A.S. OURENSE, VERÍN E O BARCO","1.966","10.464","382"
"2021-02-07","A.S. PONTEVEDRA E O SALNÉS","2.329","7.978","128"
"2021-02-07","A.S. SANTIAGO E BARBANZA","2.796","12.976","293"
"2021-02-07","A.S. VIGO","2.913","15.073","365"
"2021-02-07","SEN A.S. ASIGNADA","0","0","0"
"2021-02-07","GALICIA","18.006","76.985","1.998"
"2021-02-08","A.S. A CORUÑA E CEE","4.679","17.518","490"
"2021-02-08","A.S. FERROL","1.478","5.118","166"
"2021-02-08","A.S. LUGO, A MARIÑA E MONFORTE","1.642","8.339","186"
"2021-02-08","A.S. OURENSE, VERÍN E O BARCO","1.882","10.598","384"
"2021-02-08","A.S. PONTEVEDRA E O SALNÉS","2.164","8.228","129"
"2021-02-08","A.S. SANTIAGO E BARBANZA","2.571","13.260","295"
"2021-02-08","A.S. VIGO","2.773","15.322","371"
"2021-02-08","SEN A.S. ASIGNADA","0","0","0"
"2021-02-08","GALICIA","17.189","78.383","2.021"
"2021-02-09","A.S. A CORUÑA E CEE","4.490","17.922","495"
"2021-02-09","A.S. FERROL","1.444","5.191","171"
"2021-02-09","A.S. LUGO, A MARIÑA E MONFORTE","1.569","8.467","186"
"2021-02-09","A.S. OURENSE, VERÍN E O BARCO","1.765","10.785","388"
"2021-02-09","A.S. PONTEVEDRA E O SALNÉS","2.093","8.377","134"
"2021-02-09","A.S. SANTIAGO E BARBANZA","2.430","13.498","299"
"2021-02-09","A.S. VIGO","2.718","15.487","371"
"2021-02-09","SEN A.S. ASIGNADA","0","0","0"
"2021-02-09","GALICIA","16.509","79.727","2.044"
"2021-02-10","A.S. A CORUÑA E CEE","4.344","18.327","501"
"2021-02-10","A.S. FERROL","1.393","5.308","174"
"2021-02-10","A.S. LUGO, A MARIÑA E MONFORTE","1.470","8.644","187"
"2021-02-10","A.S. OURENSE, VERÍN E O BARCO","1.585","11.020","390"
"2021-02-10","A.S. PONTEVEDRA E O SALNÉS","2.016","8.528","135"
"2021-02-10","A.S. SANTIAGO E BARBANZA","2.265","13.729","303"
"2021-02-10","A.S. VIGO","2.592","15.727","373"
"2021-02-10","SEN A.S. ASIGNADA","0","0","0"
"2021-02-10","GALICIA","15.665","81.283","2.063"
"2021-02-11","A.S. A CORUÑA E CEE","4.215","18.653","503"
"2021-02-11","A.S. FERROL","1.354","5.390","177"
"2021-02-11","A.S. LUGO, A MARIÑA E MONFORTE","1.386","8.781","187"
"2021-02-11","A.S. OURENSE, VERÍN E O BARCO","1.470","11.177","392"
"2021-02-11","A.S. PONTEVEDRA E O SALNÉS","1.898","8.716","136"
"2021-02-11","A.S. SANTIAGO E BARBANZA","2.092","13.958","307"
"2021-02-11","A.S. VIGO","2.440","15.950","376"
"2021-02-11","SEN A.S. ASIGNADA","0","0","0"
"2021-02-11","GALICIA","14.855","82.625","2.078"
"2021-02-12","A.S. A CORUÑA E CEE","4.065","18.951","504"
"2021-02-12","A.S. FERROL","1.314","5.481","180"
"2021-02-12","A.S. LUGO, A MARIÑA E MONFORTE","1.338","8.904","189"
"2021-02-12","A.S. OURENSE, VERÍN E O BARCO","1.343","11.346","392"
"2021-02-12","A.S. PONTEVEDRA E O SALNÉS","1.820","8.874","139"
"2021-02-12","A.S. SANTIAGO E BARBANZA","1.869","14.241","309"
"2021-02-12","A.S. VIGO","2.176","16.273","376"
"2021-02-12","SEN A.S. ASIGNADA","0","0","0"
"2021-02-12","GALICIA","13.925","84.070","2.089"
"2021-02-13","A.S. A CORUÑA E CEE","3.836","19.281","506"
"2021-02-13","A.S. FERROL","1.225","5.606","182"
"2021-02-13","A.S. LUGO, A MARIÑA E MONFORTE","1.186","9.077","193"
"2021-02-13","A.S. OURENSE, VERÍN E O BARCO","1.234","11.486","393"
"2021-02-13","A.S. PONTEVEDRA E O SALNÉS","1.681","9.054","140"
"2021-02-13","A.S. SANTIAGO E BARBANZA","1.722","14.426","311"
"2021-02-13","A.S. VIGO","1.995","16.529","378"
"2021-02-13","SEN A.S. ASIGNADA","0","0","0"
"2021-02-13","GALICIA","12.879","85.459","2.103"
"2021-02-14","A.S. A CORUÑA E CEE","3.649","19.571","512"
"2021-02-14","A.S. FERROL","1.161","5.693","185"
"2021-02-14","A.S. LUGO, A MARIÑA E MONFORTE","1.140","9.173","195"
"2021-02-14","A.S. OURENSE, VERÍN E O BARCO","1.141","11.601","394"
"2021-02-14","A.S. PONTEVEDRA E O SALNÉS","1.624","9.164","141"
"2021-02-14","A.S. SANTIAGO E BARBANZA","1.595","14.569","313"
"2021-02-14","A.S. VIGO","1.887","16.697","379"
"2021-02-14","SEN A.S. ASIGNADA","0","0","0"
"2021-02-14","GALICIA","12.197","86.468","2.119"
"2021-02-15","A.S. A CORUÑA E CEE","3.523","19.806","514"
"2021-02-15","A.S. FERROL","1.112","5.771","190"
"2021-02-15","A.S. LUGO, A MARIÑA E MONFORTE","1.088","9.251","196"
"2021-02-15","A.S. OURENSE, VERÍN E O BARCO","1.031","11.729","397"
"2021-02-15","A.S. PONTEVEDRA E O SALNÉS","1.539","9.291","142"
"2021-02-15","A.S. SANTIAGO E BARBANZA","1.511","14.702","314"
"2021-02-15","A.S. VIGO","1.815","16.848","380"
"2021-02-15","SEN A.S. ASIGNADA","0","0","0"
"2021-02-15","GALICIA","11.619","87.398","2.133"
"2021-02-16","A.S. A CORUÑA E CEE","3.390","20.041","518"
"2021-02-16","A.S. FERROL","1.041","5.878","193"
"2021-02-16","A.S. LUGO, A MARIÑA E MONFORTE","1.056","9.325","196"
"2021-02-16","A.S. OURENSE, VERÍN E O BARCO","953","11.824","398"
"2021-02-16","A.S. PONTEVEDRA E O SALNÉS","1.459","9.427","142"
"2021-02-16","A.S. SANTIAGO E BARBANZA","1.393","14.880","314"
"2021-02-16","A.S. VIGO","1.704","17.000","385"
"2021-02-16","SEN A.S. ASIGNADA","0","0","0"
"2021-02-16","GALICIA","10.996","88.375","2.146"
"2021-02-17","A.S. A CORUÑA E CEE","3.236","20.329","518"
"2021-02-17","A.S. FERROL","1.002","5.961","194"
"2021-02-17","A.S. LUGO, A MARIÑA E MONFORTE","987","9.425","198"
"2021-02-17","A.S. OURENSE, VERÍN E O BARCO","875","11.922","398"
"2021-02-17","A.S. PONTEVEDRA E O SALNÉS","1.374","9.568","142"
"2021-02-17","A.S. SANTIAGO E BARBANZA","1.276","15.028","317"
"2021-02-17","A.S. VIGO","1.512","17.242","387"
"2021-02-17","SEN A.S. ASIGNADA","0","0","0"
"2021-02-17","GALICIA","10.262","89.475","2.154"
"2021-02-18","A.S. A CORUÑA E CEE","3.006","20.671","518"
"2021-02-18","A.S. FERROL","924","6.067","195"
"2021-02-18","A.S. LUGO, A MARIÑA E MONFORTE","920","9.525","198"
"2021-02-18","A.S. OURENSE, VERÍN E O BARCO","789","12.031","398"
"2021-02-18","A.S. PONTEVEDRA E O SALNÉS","1.327","9.670","143"
"2021-02-18","A.S. SANTIAGO E BARBANZA","1.091","15.245","322"
"2021-02-18","A.S. VIGO","1.358","17.463","388"
"2021-02-18","SEN A.S. ASIGNADA","0","0","0"
"2021-02-18","GALICIA","9.415","90.672","2.162"
"2021-02-19","A.S. A CORUÑA E CEE","2.812","20.969","520"
"2021-02-19","A.S. FERROL","890","6.140","197"
"2021-02-19","A.S. LUGO, A MARIÑA E MONFORTE","882","9.602","198"
"2021-02-19","A.S. OURENSE, VERÍN E O BARCO","673","12.170","400"
"2021-02-19","A.S. PONTEVEDRA E O SALNÉS","1.188","9.847","144"
"2021-02-19","A.S. SANTIAGO E BARBANZA","990","15.392","326"
"2021-02-19","A.S. VIGO","1.286","17.597","388"
"2021-02-19","SEN A.S. ASIGNADA","0","0","0"
"2021-02-19","GALICIA","8.721","91.717","2.173"
"2021-02-20","A.S. A CORUÑA E CEE","2.613","21.211","521"
"2021-02-20","A.S. FERROL","818","6.246","199"
"2021-02-20","A.S. LUGO, A MARIÑA E MONFORTE","819","9.694","198"
"2021-02-20","A.S. OURENSE, VERÍN E O BARCO","595","12.264","401"
"2021-02-20","A.S. PONTEVEDRA E O SALNÉS","1.087","9.982","145"
"2021-02-20","A.S. SANTIAGO E BARBANZA","900","15.506","328"
"2021-02-20","A.S. VIGO","1.231","17.694","389"
"2021-02-20","SEN A.S. ASIGNADA","0","0","0"
"2021-02-20","GALICIA","8.063","92.597","2.181"
"2021-02-21","A.S. A CORUÑA E CEE","2.460","21.448","523"
"2021-02-21","A.S. FERROL","785","6.293","200"
"2021-02-21","A.S. LUGO, A MARIÑA E MONFORTE","775","9.767","199"
"2021-02-21","A.S. OURENSE, VERÍN E O BARCO","542","12.327","401"
"2021-02-21","A.S. PONTEVEDRA E O SALNÉS","1.025","10.073","147"
"2021-02-21","A.S. SANTIAGO E BARBANZA","821","15.607","328"
"2021-02-21","A.S. VIGO","1.173","17.769","389"
"2021-02-21","SEN A.S. ASIGNADA","0","0","0"
"2021-02-21","GALICIA","7.581","93.284","2.187"
"2021-02-22","A.S. A CORUÑA E CEE","2.336","21.645","528"
"2021-02-22","A.S. FERROL","771","6.332","201"
"2021-02-22","A.S. LUGO, A MARIÑA E MONFORTE","749","9.828","200"
"2021-02-22","A.S. OURENSE, VERÍN E O BARCO","513","12.372","401"
"2021-02-22","A.S. PONTEVEDRA E O SALNÉS","992","10.135","147"
"2021-02-22","A.S. SANTIAGO E BARBANZA","788","15.672","329"
"2021-02-22","A.S. VIGO","1.139","17.853","389"
"2021-02-22","SEN A.S. ASIGNADA","0","0","0"
"2021-02-22","GALICIA","7.288","93.837","2.195"
"2021-02-23","A.S. A CORUÑA E CEE","2.197","21.870","532"
"2021-02-23","A.S. FERROL","719","6.395","201"
"2021-02-23","A.S. LUGO, A MARIÑA E MONFORTE","729","9.870","201"
"2021-02-23","A.S. OURENSE, VERÍN E O BARCO","472","12.420","401"
"2021-02-23","A.S. PONTEVEDRA E O SALNÉS","937","10.229","149"
"2021-02-23","A.S. SANTIAGO E BARBANZA","766","15.746","329"
"2021-02-23","A.S. VIGO","1.062","17.992","390"
"2021-02-23","SEN A.S. ASIGNADA","0","0","0"
"2021-02-23","GALICIA","6.882","94.522","2.203"
"2021-02-24","A.S. A CORUÑA E CEE","2.042","22.101","534"
"2021-02-24","A.S. FERROL","681","6.461","201"
"2021-02-24","A.S. LUGO, A MARIÑA E MONFORTE","687","9.939","203"
"2021-02-24","A.S. OURENSE, VERÍN E O BARCO","405","12.504","401"
"2021-02-24","A.S. PONTEVEDRA E O SALNÉS","887","10.328","153"
"2021-02-24","A.S. SANTIAGO E BARBANZA","695","15.850","331"
"2021-02-24","A.S. VIGO","979","18.118","390"
"2021-02-24","SEN A.S. ASIGNADA","0","0","0"
"2021-02-24","GALICIA","6.376","95.301","2.213"
"2021-02-25","A.S. A CORUÑA E CEE","1.892","22.341","537"
"2021-02-25","A.S. FERROL","623","6.530","202"
"2021-02-25","A.S. LUGO, A MARIÑA E MONFORTE","621","10.023","204"
"2021-02-25","A.S. OURENSE, VERÍN E O BARCO","366","12.560","401"
"2021-02-25","A.S. PONTEVEDRA E O SALNÉS","851","10.415","153"
"2021-02-25","A.S. SANTIAGO E BARBANZA","650","15.924","332"
"2021-02-25","A.S. VIGO","924","18.240","391"
"2021-02-25","SEN A.S. ASIGNADA","0","0","0"
"2021-02-25","GALICIA","5.927","96.033","2.220"
"2021-02-26","A.S. A CORUÑA E CEE","1.770","22.555","539"
"2021-02-26","A.S. FERROL","578","6.583","203"
"2021-02-26","A.S. LUGO, A MARIÑA E MONFORTE","577","10.083","205"
"2021-02-26","A.S. OURENSE, VERÍN E O BARCO","339","12.597","405"
"2021-02-26","A.S. PONTEVEDRA E O SALNÉS","801","10.494","154"
"2021-02-26","A.S. SANTIAGO E BARBANZA","601","15.985","333"
"2021-02-26","A.S. VIGO","873","18.322","392"
"2021-02-26","SEN A.S. ASIGNADA","0","0","0"
"2021-02-26","GALICIA","5.539","96.619","2.231"
"2021-02-27","A.S. A CORUÑA E CEE","1.657","22.719","545"
"2021-02-27","A.S. FERROL","512","6.657","205"
"2021-02-27","A.S. LUGO, A MARIÑA E MONFORTE","503","10.165","205"
"2021-02-27","A.S. OURENSE, VERÍN E O BARCO","301","12.644","407"
"2021-02-27","A.S. PONTEVEDRA E O SALNÉS","752","10.582","154"
"2021-02-27","A.S. SANTIAGO E BARBANZA","552","16.049","334"
"2021-02-27","A.S. VIGO","861","18.378","395"
"2021-02-27","SEN A.S. ASIGNADA","0","0","0"
"2021-02-27","GALICIA","5.138","97.194","2.245"
"2021-02-28","A.S. A CORUÑA E CEE","1.566","22.825","546"
"2021-02-28","A.S. FERROL","477","6.695","206"
"2021-02-28","A.S. LUGO, A MARIÑA E MONFORTE","487","10.187","206"
"2021-02-28","A.S. OURENSE, VERÍN E O BARCO","275","12.673","408"
"2021-02-28","A.S. PONTEVEDRA E O SALNÉS","732","10.627","155"
"2021-02-28","A.S. SANTIAGO E BARBANZA","534","16.077","336"
"2021-02-28","A.S. VIGO","809","18.452","396"
"2021-02-28","SEN A.S. ASIGNADA","0","0","0"
"2021-02-28","GALICIA","4.880","97.536","2.253"
"2021-03-01","A.S. A CORUÑA E CEE","1.482","22.935","548"
"2021-03-01","A.S. FERROL","459","6.724","206"
"2021-03-01","A.S. LUGO, A MARIÑA E MONFORTE","444","10.240","206"
"2021-03-01","A.S. OURENSE, VERÍN E O BARCO","268","12.696","409"
"2021-03-01","A.S. PONTEVEDRA E O SALNÉS","693","10.675","155"
"2021-03-01","A.S. SANTIAGO E BARBANZA","517","16.104","336"
"2021-03-01","A.S. VIGO","765","18.522","396"
"2021-03-01","SEN A.S. ASIGNADA","0","0","0"
"2021-03-01","GALICIA","4.628","97.896","2.256"
"2021-03-02","A.S. A CORUÑA E CEE","1.433","23.068","548"
"2021-03-02","A.S. FERROL","436","6.762","207"
"2021-03-02","A.S. LUGO, A MARIÑA E MONFORTE","411","10.283","206"
"2021-03-02","A.S. OURENSE, VERÍN E O BARCO","273","12.715","409"
"2021-03-02","A.S. PONTEVEDRA E O SALNÉS","654","10.730","156"
"2021-03-02","A.S. SANTIAGO E BARBANZA","490","16.149","337"
"2021-03-02","A.S. VIGO","721","18.601","396"
"2021-03-02","SEN A.S. ASIGNADA","0","0","0"
"2021-03-02","GALICIA","4.418","98.308","2.259"
"2021-03-03","A.S. A CORUÑA E CEE","1.390","23.199","549"
"2021-03-03","A.S. FERROL","398","6.810","207"
"2021-03-03","A.S. LUGO, A MARIÑA E MONFORTE","387","10.320","206"
"2021-03-03","A.S. OURENSE, VERÍN E O BARCO","266","12.735","409"
"2021-03-03","A.S. PONTEVEDRA E O SALNÉS","602","10.800","156"
"2021-03-03","A.S. SANTIAGO E BARBANZA","443","16.215","338"
"2021-03-03","A.S. VIGO","701","18.655","396"
"2021-03-03","SEN A.S. ASIGNADA","0","0","0"
"2021-03-03","GALICIA","4.187","98.734","2.261"
"2021-03-04","A.S. A CORUÑA E CEE","1.278","23.373","550"
"2021-03-04","A.S. FERROL","346","6.869","208"
"2021-03-04","A.S. LUGO, A MARIÑA E MONFORTE","358","10.363","206"
"2021-03-04","A.S. OURENSE, VERÍN E O BARCO","236","12.779","409"
"2021-03-04","A.S. PONTEVEDRA E O SALNÉS","566","10.850","156"
"2021-03-04","A.S. SANTIAGO E BARBANZA","434","16.252","339"
"2021-03-04","A.S. VIGO","668","18.714","396"
"2021-03-04","SEN A.S. ASIGNADA","0","0","0"
"2021-03-04","GALICIA","3.886","99.200","2.264"
"2021-03-05","A.S. A CORUÑA E CEE","1.230","23.488","552"
"2021-03-05","A.S. FERROL","338","6.900","208"
"2021-03-05","A.S. LUGO, A MARIÑA E MONFORTE","334","10.406","207"
"2021-03-05","A.S. OURENSE, VERÍN E O BARCO","227","12.802","409"
"2021-03-05","A.S. PONTEVEDRA E O SALNÉS","517","10.911","157"
"2021-03-05","A.S. SANTIAGO E BARBANZA","422","16.283","339"
"2021-03-05","A.S. VIGO","627","18.775","398"
"2021-03-05","SEN A.S. ASIGNADA","0","0","0"
"2021-03-05","GALICIA","3.695","99.565","2.270"
"2021-03-06","A.S. A CORUÑA E CEE","1.163","23.606","555"
"2021-03-06","A.S. FERROL","303","6.945","208"
"2021-03-06","A.S. LUGO, A MARIÑA E MONFORTE","308","10.436","207"
"2021-03-06","A.S. OURENSE, VERÍN E O BARCO","216","12.828","409"
"2021-03-06","A.S. PONTEVEDRA E O SALNÉS","468","10.962","158"
"2021-03-06","A.S. SANTIAGO E BARBANZA","383","16.338","339"
"2021-03-06","A.S. VIGO","590","18.837","398"
"2021-03-06","SEN A.S. ASIGNADA","0","0","0"
"2021-03-06","GALICIA","3.431","99.952","2.274"
"2021-03-07","A.S. A CORUÑA E CEE","1.144","23.659","555"
"2021-03-07","A.S. FERROL","274","6.980","208"
"2021-03-07","A.S. LUGO, A MARIÑA E MONFORTE","290","10.461","208"
"2021-03-07","A.S. OURENSE, VERÍN E O BARCO","208","12.839","409"
"2021-03-07","A.S. PONTEVEDRA E O SALNÉS","436","11.000","159"
"2021-03-07","A.S. SANTIAGO E BARBANZA","363","16.364","342"
"2021-03-07","A.S. VIGO","563","18.878","398"
"2021-03-07","SEN A.S. ASIGNADA","0","0","0"
"2021-03-07","GALICIA","3.278","100.181","2.279"
"2021-03-08","A.S. A CORUÑA E CEE","1.131","23.755","555"
"2021-03-08","A.S. FERROL","269","6.997","209"
"2021-03-08","A.S. LUGO, A MARIÑA E MONFORTE","270","10.492","209"
"2021-03-08","A.S. OURENSE, VERÍN E O BARCO","202","12.850","409"
"2021-03-08","A.S. PONTEVEDRA E O SALNÉS","419","11.029","159"
"2021-03-08","A.S. SANTIAGO E BARBANZA","357","16.383","342"
"2021-03-08","A.S. VIGO","562","18.906","400"
"2021-03-08","SEN A.S. ASIGNADA","0","0","0"
"2021-03-08","GALICIA","3.210","100.412","2.283"
"2021-03-09","A.S. A CORUÑA E CEE","1.092","23.852","555"
"2021-03-09","A.S. FERROL","253","7.032","209"
"2021-03-09","A.S. LUGO, A MARIÑA E MONFORTE","237","10.535","210"
"2021-03-09","A.S. OURENSE, VERÍN E O BARCO","195","12.865","409"
"2021-03-09","A.S. PONTEVEDRA E O SALNÉS","395","11.068","159"
"2021-03-09","A.S. SANTIAGO E BARBANZA","334","16.426","342"
"2021-03-09","A.S. VIGO","533","18.953","400"
"2021-03-09","SEN A.S. ASIGNADA","0","0","0"
"2021-03-09","GALICIA","3.039","100.731","2.284"
"2021-03-10","A.S. A CORUÑA E CEE","1.050","23.952","556"
"2021-03-10","A.S. FERROL","244","7.046","210"
"2021-03-10","A.S. LUGO, A MARIÑA E MONFORTE","223","10.560","210"
"2021-03-10","A.S. OURENSE, VERÍN E O BARCO","193","12.876","409"
"2021-03-10","A.S. PONTEVEDRA E O SALNÉS","366","11.112","159"
"2021-03-10","A.S. SANTIAGO E BARBANZA","302","16.470","342"
"2021-03-10","A.S. VIGO","510","19.010","401"
"2021-03-10","SEN A.S. ASIGNADA","0","0","0"
"2021-03-10","GALICIA","2.888","101.026","2.287"
"2021-03-11","A.S. A CORUÑA E CEE","1.022","24.043","557"
"2021-03-11","A.S. FERROL","223","7.083","211"
"2021-03-11","A.S. LUGO, A MARIÑA E MONFORTE","211","10.595","210"
"2021-03-11","A.S. OURENSE, VERÍN E O BARCO","188","12.890","409"
"2021-03-11","A.S. PONTEVEDRA E O SALNÉS","327","11.168","159"
"2021-03-11","A.S. SANTIAGO E BARBANZA","301","16.501","342"
"2021-03-11","A.S. VIGO","501","19.051","402"
"2021-03-11","SEN A.S. ASIGNADA","0","0","0"
"2021-03-11","GALICIA","2.773","101.331","2.290"
"2021-03-12","A.S. A CORUÑA E CEE","998","24.131","557"
"2021-03-12","A.S. FERROL","220","7.102","211"
"2021-03-12","A.S. LUGO, A MARIÑA E MONFORTE","207","10.616","210"
"2021-03-12","A.S. OURENSE, VERÍN E O BARCO","181","12.908","409"
"2021-03-12","A.S. PONTEVEDRA E O SALNÉS","284","11.214","160"
"2021-03-12","A.S. SANTIAGO E BARBANZA","294","16.565","344"
"2021-03-12","A.S. VIGO","463","19.110","405"
"2021-03-12","SEN A.S. ASIGNADA","0","0","0"
"2021-03-12","GALICIA","2.647","101.646","2.296"
"2021-03-13","A.S. A CORUÑA E CEE","975","24.201","558"
"2021-03-13","A.S. FERROL","226","7.110","211"
"2021-03-13","A.S. LUGO, A MARIÑA E MONFORTE","194","10.635","210"
"2021-03-13","A.S. OURENSE, VERÍN E O BARCO","176","12.926","409"
"2021-03-13","A.S. PONTEVEDRA E O SALNÉS","260","11.245","160"
"2021-03-13","A.S. SANTIAGO E BARBANZA","277","16.583","349"
"2021-03-13","A.S. VIGO","454","19.140","405"
"2021-03-13","SEN A.S. ASIGNADA","0","0","0"
"2021-03-13","GALICIA","2.562","101.840","2.302"
"2021-03-14","A.S. A CORUÑA E CEE","978","24.251","558"
"2021-03-14","A.S. FERROL","232","7.118","211"
"2021-03-14","A.S. LUGO, A MARIÑA E MONFORTE","198","10.642","210"
"2021-03-14","A.S. OURENSE, VERÍN E O BARCO","170","12.936","409"
"2021-03-14","A.S. PONTEVEDRA E O SALNÉS","228","11.283","160"
"2021-03-14","A.S. SANTIAGO E BARBANZA","270","16.595","350"
"2021-03-14","A.S. VIGO","420","19.184","405"
"2021-03-14","SEN A.S. ASIGNADA","0","0","0"
"2021-03-14","GALICIA","2.496","102.009","2.303"
"2021-03-15","A.S. A CORUÑA E CEE","987","24.288","559"
"2021-03-15","A.S. FERROL","231","7.121","212"
"2021-03-15","A.S. LUGO, A MARIÑA E MONFORTE","200","10.649","210"
"2021-03-15","A.S. OURENSE, VERÍN E O BARCO","159","12.952","410"
"2021-03-15","A.S. PONTEVEDRA E O SALNÉS","211","11.307","160"
"2021-03-15","A.S. SANTIAGO E BARBANZA","268","16.608","350"
"2021-03-15","A.S. VIGO","425","19.214","405"
"2021-03-15","SEN A.S. ASIGNADA","0","0","0"
"2021-03-15","GALICIA","2.481","102.139","2.306"
"2021-03-16","A.S. A CORUÑA E CEE","975","24.346","561"
"2021-03-16","A.S. FERROL","225","7.139","212"
"2021-03-16","A.S. LUGO, A MARIÑA E MONFORTE","201","10.658","210"
"2021-03-16","A.S. OURENSE, VERÍN E O BARCO","157","12.967","411"
"2021-03-16","A.S. PONTEVEDRA E O SALNÉS","215","11.320","161"
"2021-03-16","A.S. SANTIAGO E BARBANZA","266","16.620","350"
"2021-03-16","A.S. VIGO","438","19.244","405"
"2021-03-16","SEN A.S. ASIGNADA","0","0","0"
"2021-03-16","GALICIA","2.477","102.294","2.310"
"2021-03-17","A.S. A CORUÑA E CEE","974","24.422","563"
"2021-03-17","A.S. FERROL","211","7.159","212"
"2021-03-17","A.S. LUGO, A MARIÑA E MONFORTE","206","10.670","210"
"2021-03-17","A.S. OURENSE, VERÍN E O BARCO","149","12.985","411"
"2021-03-17","A.S. PONTEVEDRA E O SALNÉS","201","11.342","161"
"2021-03-17","A.S. SANTIAGO E BARBANZA","260","16.638","351"
"2021-03-17","A.S. VIGO","458","19.280","406"
"2021-03-17","SEN A.S. ASIGNADA","0","0","0"
"2021-03-17","GALICIA","2.459","102.496","2.314"
"2021-03-18","A.S. A CORUÑA E CEE","955","24.492","564"
"2021-03-18","A.S. FERROL","205","7.172","212"
"2021-03-18","A.S. LUGO, A MARIÑA E MONFORTE","215","10.683","211"
"2021-03-18","A.S. OURENSE, VERÍN E O BARCO","153","13.000","411"
"2021-03-18","A.S. PONTEVEDRA E O SALNÉS","208","11.366","161"
"2021-03-18","A.S. SANTIAGO E BARBANZA","249","16.656","351"
"2021-03-18","A.S. VIGO","452","19.324","406"
"2021-03-18","SEN A.S. ASIGNADA","0","0","0"
"2021-03-18","GALICIA","2.437","102.693","2.316"
"2021-03-19","A.S. A CORUÑA E CEE","935","24.551","565"
"2021-03-19","A.S. FERROL","200","7.183","212"
"2021-03-19","A.S. LUGO, A MARIÑA E MONFORTE","208","10.698","211"
"2021-03-19","A.S. OURENSE, VERÍN E O BARCO","153","13.011","413"
"2021-03-19","A.S. PONTEVEDRA E O SALNÉS","201","11.385","161"
"2021-03-19","A.S. SANTIAGO E BARBANZA","255","16.685","351"
"2021-03-19","A.S. VIGO","463","19.349","406"
"2021-03-19","SEN A.S. ASIGNADA","0","0","0"
"2021-03-19","GALICIA","2.415","102.862","2.319"
"2021-03-20","A.S. A CORUÑA E CEE","913","24.598","565"
"2021-03-20","A.S. FERROL","192","7.198","212"
"2021-03-20","A.S. LUGO, A MARIÑA E MONFORTE","190","10.719","211"
"2021-03-20","A.S. OURENSE, VERÍN E O BARCO","145","13.024","413"
"2021-03-20","A.S. PONTEVEDRA E O SALNÉS","191","11.404","161"
"2021-03-20","A.S. SANTIAGO E BARBANZA","252","16.700","352"
"2021-03-20","A.S. VIGO","465","19.371","406"
"2021-03-20","SEN A.S. ASIGNADA","0","0","0"
"2021-03-20","GALICIA","2.348","103.014","2.320"
"2021-03-21","A.S. A CORUÑA E CEE","879","24.654","566"
"2021-03-21","A.S. FERROL","185","7.210","212"
"2021-03-21","A.S. LUGO, A MARIÑA E MONFORTE","190","10.724","211"
"2021-03-21","A.S. OURENSE, VERÍN E O BARCO","148","13.034","413"
"2021-03-21","A.S. PONTEVEDRA E O SALNÉS","202","11.409","161"
"2021-03-21","A.S. SANTIAGO E BARBANZA","246","16.716","352"
"2021-03-21","A.S. VIGO","458","19.393","407"
"2021-03-21","SEN A.S. ASIGNADA","0","0","0"
"2021-03-21","GALICIA","2.308","103.140","2.322"
"2021-03-22","A.S. A CORUÑA E CEE","887","24.696","566"
"2021-03-22","A.S. FERROL","182","7.218","212"
"2021-03-22","A.S. LUGO, A MARIÑA E MONFORTE","187","10.733","211"
"2021-03-22","A.S. OURENSE, VERÍN E O BARCO","150","13.039","413"
"2021-03-22","A.S. PONTEVEDRA E O SALNÉS","204","11.415","161"
"2021-03-22","A.S. SANTIAGO E BARBANZA","251","16.723","352"
"2021-03-22","A.S. VIGO","477","19.413","409"
"2021-03-22","SEN A.S. ASIGNADA","0","0","0"
"2021-03-22","GALICIA","2.338","103.237","2.324"
"2021-03-23","A.S. A CORUÑA E CEE","874","24.762","566"
"2021-03-23","A.S. FERROL","176","7.234","213"
"2021-03-23","A.S. LUGO, A MARIÑA E MONFORTE","181","10.747","211"
"2021-03-23","A.S. OURENSE, VERÍN E O BARCO","151","13.048","413"
"2021-03-23","A.S. PONTEVEDRA E O SALNÉS","203","11.430","161"
"2021-03-23","A.S. SANTIAGO E BARBANZA","250","16.739","355"
"2021-03-23","A.S. VIGO","487","19.450","411"
"2021-03-23","SEN A.S. ASIGNADA","0","0","0"
"2021-03-23","GALICIA","2.322","103.410","2.330"
"2021-03-24","A.S. A CORUÑA E CEE","858","24.824","566"
"2021-03-24","A.S. FERROL","167","7.254","213"
"2021-03-24","A.S. LUGO, A MARIÑA E MONFORTE","177","10.758","211"
"2021-03-24","A.S. OURENSE, VERÍN E O BARCO","146","13.058","413"
"2021-03-24","A.S. PONTEVEDRA E O SALNÉS","215","11.443","161"
"2021-03-24","A.S. SANTIAGO E BARBANZA","242","16.755","356"
"2021-03-24","A.S. VIGO","486","19.481","411"
"2021-03-24","SEN A.S. ASIGNADA","0","0","0"
"2021-03-24","GALICIA","2.291","103.573","2.331"
"2021-03-25","A.S. A CORUÑA E CEE","838","24.896","567"
"2021-03-25","A.S. FERROL","164","7.263","213"
"2021-03-25","A.S. LUGO, A MARIÑA E MONFORTE","178","10.769","211"
"2021-03-25","A.S. OURENSE, VERÍN E O BARCO","141","13.065","413"
"2021-03-25","A.S. PONTEVEDRA E O SALNÉS","209","11.458","161"
"2021-03-25","A.S. SANTIAGO E BARBANZA","244","16.763","356"
"2021-03-25","A.S. VIGO","497","19.514","411"
"2021-03-25","SEN A.S. ASIGNADA","0","0","0"
"2021-03-25","GALICIA","2.271","103.728","2.332"
"2021-03-26","A.S. A CORUÑA E CEE","824","24.946","567"
"2021-03-26","A.S. FERROL","154","7.279","214"
"2021-03-26","A.S. LUGO, A MARIÑA E MONFORTE","167","10.795","211"
"2021-03-26","A.S. OURENSE, VERÍN E O BARCO","137","13.072","413"
"2021-03-26","A.S. PONTEVEDRA E O SALNÉS","200","11.477","161"
"2021-03-26","A.S. SANTIAGO E BARBANZA","233","16.788","356"
"2021-03-26","A.S. VIGO","515","19.545","412"
"2021-03-26","SEN A.S. ASIGNADA","0","0","0"
"2021-03-26","GALICIA","2.230","103.902","2.334"
"2021-03-27","A.S. A CORUÑA E CEE","806","24.994","567"
"2021-03-27","A.S. FERROL","142","7.295","214"
"2021-03-27","A.S. LUGO, A MARIÑA E MONFORTE","164","10.807","211"
"2021-03-27","A.S. OURENSE, VERÍN E O BARCO","128","13.086","413"
"2021-03-27","A.S. PONTEVEDRA E O SALNÉS","208","11.482","161"
"2021-03-27","A.S. SANTIAGO E BARBANZA","213","16.827","356"
"2021-03-27","A.S. VIGO","526","19.569","413"
"2021-03-27","SEN A.S. ASIGNADA","0","0","0"
"2021-03-27","GALICIA","2.187","104.060","2.335"
"2021-03-28","A.S. A CORUÑA E CEE","778","25.050","567"
"2021-03-28","A.S. FERROL","133","7.306","214"
"2021-03-28","A.S. LUGO, A MARIÑA E MONFORTE","168","10.814","211"
"2021-03-28","A.S. OURENSE, VERÍN E O BARCO","129","13.094","413"
"2021-03-28","A.S. PONTEVEDRA E O SALNÉS","216","11.490","161"
"2021-03-28","A.S. SANTIAGO E BARBANZA","222","16.834","356"
"2021-03-28","A.S. VIGO","548","19.587","414"
"2021-03-28","SEN A.S. ASIGNADA","0","0","0"
"2021-03-28","GALICIA","2.194","104.175","2.336"
"2021-03-29","A.S. A CORUÑA E CEE","744","25.110","568"
"2021-03-29","A.S. FERROL","121","7.320","214"
"2021-03-29","A.S. LUGO, A MARIÑA E MONFORTE","168","10.824","211"
"2021-03-29","A.S. OURENSE, VERÍN E O BARCO","133","13.098","413"
"2021-03-29","A.S. PONTEVEDRA E O SALNÉS","217","11.498","163"
"2021-03-29","A.S. SANTIAGO E BARBANZA","229","16.841","357"
"2021-03-29","A.S. VIGO","560","19.600","416"
"2021-03-29","SEN A.S. ASIGNADA","0","0","0"
"2021-03-29","GALICIA","2.172","104.291","2.342"
"2021-03-30","A.S. A CORUÑA E CEE","734","25.156","568"
"2021-03-30","A.S. FERROL","122","7.325","214"
"2021-03-30","A.S. LUGO, A MARIÑA E MONFORTE","167","10.834","211"
"2021-03-30","A.S. OURENSE, VERÍN E O BARCO","144","13.103","413"
"2021-03-30","A.S. PONTEVEDRA E O SALNÉS","225","11.507","163"
"2021-03-30","A.S. SANTIAGO E BARBANZA","241","16.850","357"
"2021-03-30","A.S. VIGO","600","19.630","417"
"2021-03-30","SEN A.S. ASIGNADA","0","0","0"
"2021-03-30","GALICIA","2.233","104.405","2.343"
"2021-03-31","A.S. A CORUÑA E CEE","719","25.210","568"
"2021-03-31","A.S. FERROL","111","7.340","214"
"2021-03-31","A.S. LUGO, A MARIÑA E MONFORTE","169","10.847","211"
"2021-03-31","A.S. OURENSE, VERÍN E O BARCO","141","13.113","414"
"2021-03-31","A.S. PONTEVEDRA E O SALNÉS","220","11.526","164"
"2021-03-31","A.S. SANTIAGO E BARBANZA","245","16.862","357"
"2021-03-31","A.S. VIGO","608","19.671","417"
"2021-03-31","SEN A.S. ASIGNADA","0","0","0"
"2021-03-31","GALICIA","2.213","104.569","2.345"
"2021-04-01","A.S. A CORUÑA E CEE","684","25.270","568"
"2021-04-01","A.S. FERROL","103","7.351","214"
"2021-04-01","A.S. LUGO, A MARIÑA E MONFORTE","157","10.866","211"
"2021-04-01","A.S. OURENSE, VERÍN E O BARCO","145","13.120","414"
"2021-04-01","A.S. PONTEVEDRA E O SALNÉS","239","11.531","164"
"2021-04-01","A.S. SANTIAGO E BARBANZA","250","16.877","357"
"2021-04-01","A.S. VIGO","594","19.720","417"
"2021-04-01","SEN A.S. ASIGNADA","0","0","0"
"2021-04-01","GALICIA","2.172","104.735","2.345"
"2021-04-02","A.S. A CORUÑA E CEE","647","25.322","568"
"2021-04-02","A.S. FERROL","95","7.359","215"
"2021-04-02","A.S. LUGO, A MARIÑA E MONFORTE","138","10.894","211"
"2021-04-02","A.S. OURENSE, VERÍN E O BARCO","138","13.135","414"
"2021-04-02","A.S. PONTEVEDRA E O SALNÉS","226","11.561","165"
"2021-04-02","A.S. SANTIAGO E BARBANZA","262","16.886","358"
"2021-04-02","A.S. VIGO","575","19.759","417"
"2021-04-02","SEN A.S. ASIGNADA","0","0","0"
"2021-04-02","GALICIA","2.081","104.916","2.348"
"2021-04-03","A.S. A CORUÑA E CEE","634","25.362","570"
"2021-04-03","A.S. FERROL","92","7.365","215"
"2021-04-03","A.S. LUGO, A MARIÑA E MONFORTE","133","10.904","211"
"2021-04-03","A.S. OURENSE, VERÍN E O BARCO","137","13.145","414"
"2021-04-03","A.S. PONTEVEDRA E O SALNÉS","224","11.569","167"
"2021-04-03","A.S. SANTIAGO E BARBANZA","248","16.913","359"
"2021-04-03","A.S. VIGO","552","19.793","418"
"2021-04-03","SEN A.S. ASIGNADA","0","0","0"
"2021-04-03","GALICIA","2.020","105.051","2.354"
"2021-04-04","A.S. A CORUÑA E CEE","630","25.392","573"
"2021-04-04","A.S. FERROL","91","7.371","215"
"2021-04-04","A.S. LUGO, A MARIÑA E MONFORTE","134","10.911","212"
"2021-04-04","A.S. OURENSE, VERÍN E O BARCO","141","13.149","414"
"2021-04-04","A.S. PONTEVEDRA E O SALNÉS","254","11.579","167"
"2021-04-04","A.S. SANTIAGO E BARBANZA","260","16.927","359"
"2021-04-04","A.S. VIGO","552","19.820","418"
"2021-04-04","SEN A.S. ASIGNADA","0","0","0"
"2021-04-04","GALICIA","2.062","105.149","2.358"
"2021-04-05","A.S. A CORUÑA E CEE","616","25.436","574"
"2021-04-05","A.S. FERROL","91","7.375","215"
"2021-04-05","A.S. LUGO, A MARIÑA E MONFORTE","138","10.916","212"
"2021-04-05","A.S. OURENSE, VERÍN E O BARCO","135","13.162","414"
"2021-04-05","A.S. PONTEVEDRA E O SALNÉS","249","11.598","167"
"2021-04-05","A.S. SANTIAGO E BARBANZA","274","16.934","359"
"2021-04-05","A.S. VIGO","561","19.842","419"
"2021-04-05","SEN A.S. ASIGNADA","0","0","0"
"2021-04-05","GALICIA","2.064","105.263","2.360"
"2021-04-06","A.S. A CORUÑA E CEE","593","25.497","575"
"2021-04-06","A.S. FERROL","89","7.380","215"
"2021-04-06","A.S. LUGO, A MARIÑA E MONFORTE","139","10.922","212"
"2021-04-06","A.S. OURENSE, VERÍN E O BARCO","132","13.171","414"
"2021-04-06","A.S. PONTEVEDRA E O SALNÉS","266","11.607","167"
"2021-04-06","A.S. SANTIAGO E BARBANZA","279","16.945","359"
"2021-04-06","A.S. VIGO","564","19.888","420"
"2021-04-06","SEN A.S. ASIGNADA","0","0","0"
"2021-04-06","GALICIA","2.062","105.410","2.362"
"2021-04-07","A.S. A CORUÑA E CEE","560","25.555","578"
"2021-04-07","A.S. FERROL","82","7.391","216"
"2021-04-07","A.S. LUGO, A MARIÑA E MONFORTE","144","10.930","212"
"2021-04-07","A.S. OURENSE, VERÍN E O BARCO","138","13.180","414"
"2021-04-07","A.S. PONTEVEDRA E O SALNÉS","282","11.620","168"
"2021-04-07","A.S. SANTIAGO E BARBANZA","287","16.962","359"
"2021-04-07","A.S. VIGO","554","19.934","421"
"2021-04-07","SEN A.S. ASIGNADA","0","0","0"
"2021-04-07","GALICIA","2.047","105.572","2.368"
"2021-04-08","A.S. A CORUÑA E CEE","553","25.599","578"
"2021-04-08","A.S. FERROL","73","7.403","216"
"2021-04-08","A.S. LUGO, A MARIÑA E MONFORTE","153","10.937","212"
"2021-04-08","A.S. OURENSE, VERÍN E O BARCO","141","13.187","414"
"2021-04-08","A.S. PONTEVEDRA E O SALNÉS","277","11.644","168"
"2021-04-08","A.S. SANTIAGO E BARBANZA","297","16.973","360"
"2021-04-08","A.S. VIGO","572","19.963","421"
"2021-04-08","SEN A.S. ASIGNADA","0","0","0"
"2021-04-08","GALICIA","2.066","105.706","2.369"
"2021-04-09","A.S. A CORUÑA E CEE","559","25.632","578"
"2021-04-09","A.S. FERROL","72","7.411","216"
"2021-04-09","A.S. LUGO, A MARIÑA E MONFORTE","153","10.947","212"
"2021-04-09","A.S. OURENSE, VERÍN E O BARCO","169","13.191","414"
"2021-04-09","A.S. PONTEVEDRA E O SALNÉS","286","11.654","168"
"2021-04-09","A.S. SANTIAGO E BARBANZA","316","16.985","360"
"2021-04-09","A.S. VIGO","575","19.993","421"
"2021-04-09","SEN A.S. ASIGNADA","0","0","0"
"2021-04-09","GALICIA","2.130","105.813","2.369"
"2021-04-10","A.S. A CORUÑA E CEE","569","25.668","578"
"2021-04-10","A.S. FERROL","73","7.420","216"
"2021-04-10","A.S. LUGO, A MARIÑA E MONFORTE","151","10.958","212"
"2021-04-10","A.S. OURENSE, VERÍN E O BARCO","168","13.203","414"
"2021-04-10","A.S. PONTEVEDRA E O SALNÉS","301","11.667","168"
"2021-04-10","A.S. SANTIAGO E BARBANZA","319","17.005","360"
"2021-04-10","A.S. VIGO","565","20.044","421"
"2021-04-10","SEN A.S. ASIGNADA","0","0","0"
"2021-04-10","GALICIA","2.146","105.965","2.369"
"2021-04-11","A.S. A CORUÑA E CEE","557","25.702","578"
"2021-04-11","A.S. FERROL","75","7.424","216"
"2021-04-11","A.S. LUGO, A MARIÑA E MONFORTE","155","10.965","212"
"2021-04-11","A.S. OURENSE, VERÍN E O BARCO","173","13.206","414"
"2021-04-11","A.S. PONTEVEDRA E O SALNÉS","326","11.682","168"
"2021-04-11","A.S. SANTIAGO E BARBANZA","315","17.023","361"
"2021-04-11","A.S. VIGO","551","20.072","421"
"2021-04-11","SEN A.S. ASIGNADA","0","0","0"
"2021-04-11","GALICIA","2.152","106.074","2.370"
"2021-04-12","A.S. A CORUÑA E CEE","552","25.731","578"
"2021-04-12","A.S. FERROL","91","7.426","216"
"2021-04-12","A.S. LUGO, A MARIÑA E MONFORTE","157","10.975","212"
"2021-04-12","A.S. OURENSE, VERÍN E O BARCO","174","13.219","415"
"2021-04-12","A.S. PONTEVEDRA E O SALNÉS","338","11.691","168"
"2021-04-12","A.S. SANTIAGO E BARBANZA","322","17.035","361"
"2021-04-12","A.S. VIGO","552","20.108","421"
"2021-04-12","SEN A.S. ASIGNADA","0","0","0"
"2021-04-12","GALICIA","2.186","106.185","2.371"
"2021-04-13","A.S. A CORUÑA E CEE","551","25.771","579"
"2021-04-13","A.S. FERROL","92","7.429","216"
"2021-04-13","A.S. LUGO, A MARIÑA E MONFORTE","162","10.986","212"
"2021-04-13","A.S. OURENSE, VERÍN E O BARCO","180","13.227","415"
"2021-04-13","A.S. PONTEVEDRA E O SALNÉS","343","11.701","168"
"2021-04-13","A.S. SANTIAGO E BARBANZA","327","17.052","361"
"2021-04-13","A.S. VIGO","572","20.133","421"
"2021-04-13","SEN A.S. ASIGNADA","0","0","0"
"2021-04-13","GALICIA","2.227","106.299","2.372"
"2021-04-14","A.S. A CORUÑA E CEE","558","25.816","579"
"2021-04-14","A.S. FERROL","95","7.436","216"
"2021-04-14","A.S. LUGO, A MARIÑA E MONFORTE","162","10.994","212"
"2021-04-14","A.S. OURENSE, VERÍN E O BARCO","191","13.240","415"
"2021-04-14","A.S. PONTEVEDRA E O SALNÉS","374","11.715","168"
"2021-04-14","A.S. SANTIAGO E BARBANZA","334","17.074","361"
"2021-04-14","A.S. VIGO","584","20.183","421"
"2021-04-14","SEN A.S. ASIGNADA","0","0","0"
"2021-04-14","GALICIA","2.298","106.458","2.372"
"2021-04-15","A.S. A CORUÑA E CEE","566","25.847","579"
"2021-04-15","A.S. FERROL","97","7.441","216"
"2021-04-15","A.S. LUGO, A MARIÑA E MONFORTE","167","11.011","212"
"2021-04-15","A.S. OURENSE, VERÍN E O BARCO","200","13.249","415"
"2021-04-15","A.S. PONTEVEDRA E O SALNÉS","381","11.730","168"
"2021-04-15","A.S. SANTIAGO E BARBANZA","345","17.089","361"
"2021-04-15","A.S. VIGO","595","20.225","421"
"2021-04-15","SEN A.S. ASIGNADA","0","0","0"
"2021-04-15","GALICIA","2.351","106.592","2.372"
"2021-04-16","A.S. A CORUÑA E CEE","586","25.875","579"
"2021-04-16","A.S. FERROL","100","7.445","216"
"2021-04-16","A.S. LUGO, A MARIÑA E MONFORTE","183","11.017","212"
"2021-04-16","A.S. OURENSE, VERÍN E O BARCO","205","13.258","415"
"2021-04-16","A.S. PONTEVEDRA E O SALNÉS","388","11.752","168"
"2021-04-16","A.S. SANTIAGO E BARBANZA","337","17.108","361"
"2021-04-16","A.S. VIGO","605","20.257","421"
"2021-04-16","SEN A.S. ASIGNADA","0","0","0"
"2021-04-16","GALICIA","2.404","106.712","2.372"
"2021-04-17","A.S. A CORUÑA E CEE","619","25.883","580"
"2021-04-17","A.S. FERROL","105","7.446","216"
"2021-04-17","A.S. LUGO, A MARIÑA E MONFORTE","189","11.026","212"
"2021-04-17","A.S. OURENSE, VERÍN E O BARCO","211","13.267","415"
"2021-04-17","A.S. PONTEVEDRA E O SALNÉS","400","11.767","168"
"2021-04-17","A.S. SANTIAGO E BARBANZA","333","17.128","361"
"2021-04-17","A.S. VIGO","660","20.276","421"
"2021-04-17","SEN A.S. ASIGNADA","0","0","0"
"2021-04-17","GALICIA","2.517","106.793","2.373"
"2021-04-18","A.S. A CORUÑA E CEE","630","25.904","582"
"2021-04-18","A.S. FERROL","106","7.449","216"
"2021-04-18","A.S. LUGO, A MARIÑA E MONFORTE","190","11.029","212"
"2021-04-18","A.S. OURENSE, VERÍN E O BARCO","216","13.274","415"
"2021-04-18","A.S. PONTEVEDRA E O SALNÉS","420","11.779","168"
"2021-04-18","A.S. SANTIAGO E BARBANZA","330","17.141","361"
"2021-04-18","A.S. VIGO","681","20.287","422"
"2021-04-18","SEN A.S. ASIGNADA","0","0","0"
"2021-04-18","GALICIA","2.573","106.863","2.376"
"2021-04-19","A.S. A CORUÑA E CEE","625","25.930","582"
"2021-04-19","A.S. FERROL","102","7.457","216"
"2021-04-19","A.S. LUGO, A MARIÑA E MONFORTE","193","11.037","212"
"2021-04-19","A.S. OURENSE, VERÍN E O BARCO","220","13.283","415"
"2021-04-19","A.S. PONTEVEDRA E O SALNÉS","411","11.811","169"
"2021-04-19","A.S. SANTIAGO E BARBANZA","327","17.162","361"
"2021-04-19","A.S. VIGO","684","20.316","422"
"2021-04-19","SEN A.S. ASIGNADA","0","0","0"
"2021-04-19","GALICIA","2.562","106.996","2.377"
"2021-04-20","A.S. A CORUÑA E CEE","636","25.965","582"
"2021-04-20","A.S. FERROL","103","7.460","216"
"2021-04-20","A.S. LUGO, A MARIÑA E MONFORTE","193","11.047","212"
"2021-04-20","A.S. OURENSE, VERÍN E O BARCO","234","13.293","415"
"2021-04-20","A.S. PONTEVEDRA E O SALNÉS","432","11.816","170"
"2021-04-20","A.S. SANTIAGO E BARBANZA","328","17.180","361"
"2021-04-20","A.S. VIGO","721","20.349","422"
"2021-04-20","SEN A.S. ASIGNADA","0","0","0"
"2021-04-20","GALICIA","2.647","107.110","2.378"
"2021-04-21","A.S. A CORUÑA E CEE","659","25.993","583"
"2021-04-21","A.S. FERROL","105","7.465","216"
"2021-04-21","A.S. LUGO, A MARIÑA E MONFORTE","201","11.053","212"
"2021-04-21","A.S. OURENSE, VERÍN E O BARCO","247","13.303","415"
"2021-04-21","A.S. PONTEVEDRA E O SALNÉS","436","11.840","170"
"2021-04-21","A.S. SANTIAGO E BARBANZA","322","17.199","361"
"2021-04-21","A.S. VIGO","749","20.403","422"
"2021-04-21","SEN A.S. ASIGNADA","0","0","0"
"2021-04-21","GALICIA","2.719","107.256","2.379"
"2021-04-22","A.S. A CORUÑA E CEE","674","26.032","584"
"2021-04-22","A.S. FERROL","108","7.469","216"
"2021-04-22","A.S. LUGO, A MARIÑA E MONFORTE","196","11.068","213"
"2021-04-22","A.S. OURENSE, VERÍN E O BARCO","250","13.318","415"
"2021-04-22","A.S. PONTEVEDRA E O SALNÉS","442","11.872","170"
"2021-04-22","A.S. SANTIAGO E BARBANZA","317","17.225","361"
"2021-04-22","A.S. VIGO","780","20.449","422"
"2021-04-22","SEN A.S. ASIGNADA","0","0","0"
"2021-04-22","GALICIA","2.767","107.433","2.381"
"2021-04-23","A.S. A CORUÑA E CEE","686","26.064","585"
"2021-04-23","A.S. FERROL","117","7.472","216"
"2021-04-23","A.S. LUGO, A MARIÑA E MONFORTE","194","11.084","213"
"2021-04-23","A.S. OURENSE, VERÍN E O BARCO","251","13.337","415"
"2021-04-23","A.S. PONTEVEDRA E O SALNÉS","448","11.888","171"
"2021-04-23","A.S. SANTIAGO E BARBANZA","330","17.245","361"
"2021-04-23","A.S. VIGO","800","20.501","422"
"2021-04-23","SEN A.S. ASIGNADA","0","0","0"
"2021-04-23","GALICIA","2.826","107.591","2.383"
"2021-04-24","A.S. A CORUÑA E CEE","690","26.095","585"
"2021-04-24","A.S. FERROL","116","7.478","216"
"2021-04-24","A.S. LUGO, A MARIÑA E MONFORTE","191","11.096","213"
"2021-04-24","A.S. OURENSE, VERÍN E O BARCO","239","13.360","415"
"2021-04-24","A.S. PONTEVEDRA E O SALNÉS","455","11.910","171"
"2021-04-24","A.S. SANTIAGO E BARBANZA","324","17.272","361"
"2021-04-24","A.S. VIGO","831","20.537","422"
"2021-04-24","SEN A.S. ASIGNADA","0","0","0"
"2021-04-24","GALICIA","2.846","107.748","2.383"
"2021-04-25","A.S. A CORUÑA E CEE","687","26.136","585"
"2021-04-25","A.S. FERROL","113","7.484","216"
"2021-04-25","A.S. LUGO, A MARIÑA E MONFORTE","192","11.105","213"
"2021-04-25","A.S. OURENSE, VERÍN E O BARCO","247","13.367","416"
"2021-04-25","A.S. PONTEVEDRA E O SALNÉS","450","11.932","171"
"2021-04-25","A.S. SANTIAGO E BARBANZA","319","17.296","361"
"2021-04-25","A.S. VIGO","822","20.568","423"
"2021-04-25","SEN A.S. ASIGNADA","0","0","0"
"2021-04-25","GALICIA","2.830","107.888","2.385"
"2021-04-26","A.S. A CORUÑA E CEE","685","26.160","585"
"2021-04-26","A.S. FERROL","111","7.488","216"
"2021-04-26","A.S. LUGO, A MARIÑA E MONFORTE","196","11.116","213"
"2021-04-26","A.S. OURENSE, VERÍN E O BARCO","249","13.378","416"
"2021-04-26","A.S. PONTEVEDRA E O SALNÉS","440","11.970","171"
"2021-04-26","A.S. SANTIAGO E BARBANZA","326","17.313","361"
"2021-04-26","A.S. VIGO","851","20.579","424"
"2021-04-26","SEN A.S. ASIGNADA","0","0","0"
"2021-04-26","GALICIA","2.858","108.004","2.386"
"2021-04-27","A.S. A CORUÑA E CEE","701","26.196","585"
"2021-04-27","A.S. FERROL","97","7.506","216"
"2021-04-27","A.S. LUGO, A MARIÑA E MONFORTE","207","11.127","213"
"2021-04-27","A.S. OURENSE, VERÍN E O BARCO","248","13.399","416"
"2021-04-27","A.S. PONTEVEDRA E O SALNÉS","458","11.989","171"
"2021-04-27","A.S. SANTIAGO E BARBANZA","342","17.332","361"
"2021-04-27","A.S. VIGO","877","20.614","424"
"2021-04-27","SEN A.S. ASIGNADA","0","0","0"
"2021-04-27","GALICIA","2.930","108.163","2.386"
"2021-04-28","A.S. A CORUÑA E CEE","703","26.239","585"
"2021-04-28","A.S. FERROL","105","7.508","216"
"2021-04-28","A.S. LUGO, A MARIÑA E MONFORTE","211","11.143","213"
"2021-04-28","A.S. OURENSE, VERÍN E O BARCO","253","13.411","416"
"2021-04-28","A.S. PONTEVEDRA E O SALNÉS","463","12.001","173"
"2021-04-28","A.S. SANTIAGO E BARBANZA","343","17.350","361"
"2021-04-28","A.S. VIGO","879","20.661","425"
"2021-04-28","SEN A.S. ASIGNADA","0","0","0"
"2021-04-28","GALICIA","2.957","108.313","2.389"
"2021-04-29","A.S. A CORUÑA E CEE","692","26.295","586"
"2021-04-29","A.S. FERROL","104","7.519","216"
"2021-04-29","A.S. LUGO, A MARIÑA E MONFORTE","225","11.150","213"
"2021-04-29","A.S. OURENSE, VERÍN E O BARCO","263","13.430","416"
"2021-04-29","A.S. PONTEVEDRA E O SALNÉS","457","12.048","173"
"2021-04-29","A.S. SANTIAGO E BARBANZA","346","17.376","361"
"2021-04-29","A.S. VIGO","892","20.713","425"
"2021-04-29","SEN A.S. ASIGNADA","0","0","0"
"2021-04-29","GALICIA","2.979","108.531","2.390"
"2021-04-30","A.S. A CORUÑA E CEE","681","26.340","586"
"2021-04-30","A.S. FERROL","102","7.525","216"
"2021-04-30","A.S. LUGO, A MARIÑA E MONFORTE","226","11.165","213"
"2021-04-30","A.S. OURENSE, VERÍN E O BARCO","256","13.450","416"
"2021-04-30","A.S. PONTEVEDRA E O SALNÉS","452","12.074","173"
"2021-04-30","A.S. SANTIAGO E BARBANZA","338","17.406","361"
"2021-04-30","A.S. VIGO","886","20.760","427"
"2021-04-30","SEN A.S. ASIGNADA","0","0","0"
"2021-04-30","GALICIA","2.941","108.720","2.392"
"2021-05-01","A.S. A CORUÑA E CEE","659","26.384","586"
"2021-05-01","A.S. FERROL","96","7.532","216"
"2021-05-01","A.S. LUGO, A MARIÑA E MONFORTE","212","11.186","213"
"2021-05-01","A.S. OURENSE, VERÍN E O BARCO","255","13.461","416"
"2021-05-01","A.S. PONTEVEDRA E O SALNÉS","458","12.103","173"
"2021-05-01","A.S. SANTIAGO E BARBANZA","350","17.418","361"
"2021-05-01","A.S. VIGO","884","20.797","427"
"2021-05-01","SEN A.S. ASIGNADA","0","0","0"
"2021-05-01","GALICIA","2.914","108.881","2.392"
"2021-05-02","A.S. A CORUÑA E CEE","652","26.426","586"
"2021-05-02","A.S. FERROL","92","7.538","216"
"2021-05-02","A.S. LUGO, A MARIÑA E MONFORTE","198","11.201","213"
"2021-05-02","A.S. OURENSE, VERÍN E O BARCO","248","13.473","416"
"2021-05-02","A.S. PONTEVEDRA E O SALNÉS","452","12.127","173"
"2021-05-02","A.S. SANTIAGO E BARBANZA","354","17.431","361"
"2021-05-02","A.S. VIGO","852","20.855","428"
"2021-05-02","SEN A.S. ASIGNADA","0","0","0"
"2021-05-02","GALICIA","2.848","109.051","2.393"
"2021-05-03","A.S. A CORUÑA E CEE","646","26.458","586"
"2021-05-03","A.S. FERROL","94","7.540","217"
"2021-05-03","A.S. LUGO, A MARIÑA E MONFORTE","222","11.204","213"
"2021-05-03","A.S. OURENSE, VERÍN E O BARCO","252","13.485","416"
"2021-05-03","A.S. PONTEVEDRA E O SALNÉS","446","12.159","173"
"2021-05-03","A.S. SANTIAGO E BARBANZA","367","17.438","361"
"2021-05-03","A.S. VIGO","848","20.896","428"
"2021-05-03","SEN A.S. ASIGNADA","0","0","0"
"2021-05-03","GALICIA","2.875","109.180","2.394"
"2021-05-04","A.S. A CORUÑA E CEE","659","26.491","586"
"2021-05-04","A.S. FERROL","90","7.546","217"
"2021-05-04","A.S. LUGO, A MARIÑA E MONFORTE","225","11.213","213"
"2021-05-04","A.S. OURENSE, VERÍN E O BARCO","267","13.496","416"
"2021-05-04","A.S. PONTEVEDRA E O SALNÉS","447","12.186","173"
"2021-05-04","A.S. SANTIAGO E BARBANZA","373","17.458","361"
"2021-05-04","A.S. VIGO","846","20.947","428"
"2021-05-04","SEN A.S. ASIGNADA","0","0","0"
"2021-05-04","GALICIA","2.907","109.337","2.394"
"2021-05-05","A.S. A CORUÑA E CEE","663","26.534","586"
"2021-05-05","A.S. FERROL","93","7.548","217"
"2021-05-05","A.S. LUGO, A MARIÑA E MONFORTE","220","11.226","214"
"2021-05-05","A.S. OURENSE, VERÍN E O BARCO","263","13.515","416"
"2021-05-05","A.S. PONTEVEDRA E O SALNÉS","462","12.211","173"
"2021-05-05","A.S. SANTIAGO E BARBANZA","377","17.479","361"
"2021-05-05","A.S. VIGO","830","21.022","428"
"2021-05-05","SEN A.S. ASIGNADA","0","0","0"
"2021-05-05","GALICIA","2.908","109.535","2.395"
"2021-05-06","A.S. A CORUÑA E CEE","660","26.580","586"
"2021-05-06","A.S. FERROL","88","7.558","217"
"2021-05-06","A.S. LUGO, A MARIÑA E MONFORTE","216","11.239","214"
"2021-05-06","A.S. OURENSE, VERÍN E O BARCO","258","13.534","416"
"2021-05-06","A.S. PONTEVEDRA E O SALNÉS","448","12.244","173"
"2021-05-06","A.S. SANTIAGO E BARBANZA","391","17.493","361"
"2021-05-06","A.S. VIGO","828","21.082","428"
"2021-05-06","SEN A.S. ASIGNADA","0","0","0"
"2021-05-06","GALICIA","2.889","109.730","2.395"
"2021-05-07","A.S. A CORUÑA E CEE","658","26.630","587"
"2021-05-07","A.S. FERROL","89","7.563","217"
"2021-05-07","A.S. LUGO, A MARIÑA E MONFORTE","216","11.250","214"
"2021-05-07","A.S. OURENSE, VERÍN E O BARCO","246","13.557","416"
"2021-05-07","A.S. PONTEVEDRA E O SALNÉS","452","12.282","173"
"2021-05-07","A.S. SANTIAGO E BARBANZA","387","17.513","361"
"2021-05-07","A.S. VIGO","804","21.157","428"
"2021-05-07","SEN A.S. ASIGNADA","0","0","0"
"2021-05-07","GALICIA","2.852","109.952","2.396"
"2021-05-08","A.S. A CORUÑA E CEE","638","26.674","587"
"2021-05-08","A.S. FERROL","85","7.575","217"
"2021-05-08","A.S. LUGO, A MARIÑA E MONFORTE","211","11.268","214"
"2021-05-08","A.S. OURENSE, VERÍN E O BARCO","235","13.576","416"
"2021-05-08","A.S. PONTEVEDRA E O SALNÉS","447","12.308","173"
"2021-05-08","A.S. SANTIAGO E BARBANZA","383","17.545","361"
"2021-05-08","A.S. VIGO","787","21.217","428"
"2021-05-08","SEN A.S. ASIGNADA","0","0","0"
"2021-05-08","GALICIA","2.786","110.163","2.396"
"2021-05-09","A.S. A CORUÑA E CEE","648","26.706","587"
"2021-05-09","A.S. FERROL","85","7.578","217"
"2021-05-09","A.S. LUGO, A MARIÑA E MONFORTE","216","11.275","214"
"2021-05-09","A.S. OURENSE, VERÍN E O BARCO","240","13.583","416"
"2021-05-09","A.S. PONTEVEDRA E O SALNÉS","442","12.332","173"
"2021-05-09","A.S. SANTIAGO E BARBANZA","387","17.568","361"
"2021-05-09","A.S. VIGO","762","21.277","428"
"2021-05-09","SEN A.S. ASIGNADA","0","0","0"
"2021-05-09","GALICIA","2.780","110.319","2.396"
"2021-05-10","A.S. A CORUÑA E CEE","636","26.741","587"
"2021-05-10","A.S. FERROL","92","7.582","217"
"2021-05-10","A.S. LUGO, A MARIÑA E MONFORTE","218","11.285","214"
"2021-05-10","A.S. OURENSE, VERÍN E O BARCO","231","13.600","417"
"2021-05-10","A.S. PONTEVEDRA E O SALNÉS","441","12.349","173"
"2021-05-10","A.S. SANTIAGO E BARBANZA","416","17.584","361"
"2021-05-10","A.S. VIGO","789","21.299","428"
"2021-05-10","SEN A.S. ASIGNADA","0","0","0"
"2021-05-10","GALICIA","2.823","110.440","2.397"
"2021-05-11","A.S. A CORUÑA E CEE","642","26.763","587"
"2021-05-11","A.S. FERROL","97","7.587","217"
"2021-05-11","A.S. LUGO, A MARIÑA E MONFORTE","210","11.301","214"
"2021-05-11","A.S. OURENSE, VERÍN E O BARCO","215","13.628","417"
"2021-05-11","A.S. PONTEVEDRA E O SALNÉS","449","12.373","173"
"2021-05-11","A.S. SANTIAGO E BARBANZA","419","17.608","361"
"2021-05-11","A.S. VIGO","825","21.331","429"
"2021-05-11","SEN A.S. ASIGNADA","0","0","0"
"2021-05-11","GALICIA","2.857","110.591","2.398"
"2021-05-12","A.S. A CORUÑA E CEE","615","26.814","587"
"2021-05-12","A.S. FERROL","94","7.593","217"
"2021-05-12","A.S. LUGO, A MARIÑA E MONFORTE","200","11.322","215"
"2021-05-12","A.S. OURENSE, VERÍN E O BARCO","208","13.645","417"
"2021-05-12","A.S. PONTEVEDRA E O SALNÉS","440","12.408","173"
"2021-05-12","A.S. SANTIAGO E BARBANZA","405","17.644","361"
"2021-05-12","A.S. VIGO","802","21.395","429"
"2021-05-12","SEN A.S. ASIGNADA","0","0","0"
"2021-05-12","GALICIA","2.764","110.821","2.399"
"2021-05-13","A.S. A CORUÑA E CEE","601","26.849","588"
"2021-05-13","A.S. FERROL","88","7.605","217"
"2021-05-13","A.S. LUGO, A MARIÑA E MONFORTE","188","11.345","215"
"2021-05-13","A.S. OURENSE, VERÍN E O BARCO","207","13.660","417"
"2021-05-13","A.S. PONTEVEDRA E O SALNÉS","445","12.426","174"
"2021-05-13","A.S. SANTIAGO E BARBANZA","417","17.663","361"
"2021-05-13","A.S. VIGO","806","21.447","430"
"2021-05-13","SEN A.S. ASIGNADA","0","0","0"
"2021-05-13","GALICIA","2.752","110.995","2.402"
"2021-05-14","A.S. A CORUÑA E CEE","595","26.880","588"
"2021-05-14","A.S. FERROL","79","7.617","217"
"2021-05-14","A.S. LUGO, A MARIÑA E MONFORTE","172","11.365","215"
"2021-05-14","A.S. OURENSE, VERÍN E O BARCO","204","13.683","417"
"2021-05-14","A.S. PONTEVEDRA E O SALNÉS","421","12.468","175"
"2021-05-14","A.S. SANTIAGO E BARBANZA","415","17.696","361"
"2021-05-14","A.S. VIGO","788","21.520","430"
"2021-05-14","SEN A.S. ASIGNADA","0","0","0"
"2021-05-14","GALICIA","2.674","111.229","2.403"
"2021-05-15","A.S. A CORUÑA E CEE","571","26.927","589"
"2021-05-15","A.S. FERROL","80","7.621","217"
"2021-05-15","A.S. LUGO, A MARIÑA E MONFORTE","166","11.380","215"
"2021-05-15","A.S. OURENSE, VERÍN E O BARCO","200","13.697","417"
"2021-05-15","A.S. PONTEVEDRA E O SALNÉS","420","12.483","175"
"2021-05-15","A.S. SANTIAGO E BARBANZA","408","17.720","363"
"2021-05-15","A.S. VIGO","790","21.553","431"
"2021-05-15","SEN A.S. ASIGNADA","0","0","0"
"2021-05-15","GALICIA","2.635","111.381","2.407"
"2021-05-16","A.S. A CORUÑA E CEE","568","26.952","590"
"2021-05-16","A.S. FERROL","82","7.621","217"
"2021-05-16","A.S. LUGO, A MARIÑA E MONFORTE","166","11.385","215"
"2021-05-16","A.S. OURENSE, VERÍN E O BARCO","208","13.702","417"
"2021-05-16","A.S. PONTEVEDRA E O SALNÉS","400","12.516","175"
"2021-05-16","A.S. SANTIAGO E BARBANZA","412","17.743","363"
"2021-05-16","A.S. VIGO","788","21.588","432"
"2021-05-16","SEN A.S. ASIGNADA","0","0","0"
"2021-05-16","GALICIA","2.624","111.507","2.409"
"2021-05-17","A.S. A CORUÑA E CEE","564","26.979","590"
"2021-05-17","A.S. FERROL","83","7.624","217"
"2021-05-17","A.S. LUGO, A MARIÑA E MONFORTE","171","11.387","215"
"2021-05-17","A.S. OURENSE, VERÍN E O BARCO","209","13.706","418"
"2021-05-17","A.S. PONTEVEDRA E O SALNÉS","395","12.534","176"
"2021-05-17","A.S. SANTIAGO E BARBANZA","410","17.756","363"
"2021-05-17","A.S. VIGO","782","21.609","432"
"2021-05-17","SEN A.S. ASIGNADA","0","0","0"
"2021-05-17","GALICIA","2.614","111.595","2.411"
"2021-05-18","A.S. A CORUÑA E CEE","557","27.009","590"
"2021-05-18","A.S. FERROL","82","7.632","217"
"2021-05-18","A.S. LUGO, A MARIÑA E MONFORTE","157","11.412","215"
"2021-05-18","A.S. OURENSE, VERÍN E O BARCO","208","13.720","418"
"2021-05-18","A.S. PONTEVEDRA E O SALNÉS","384","12.566","176"
"2021-05-18","A.S. SANTIAGO E BARBANZA","427","17.781","363"
"2021-05-18","A.S. VIGO","779","21.652","432"
"2021-05-18","SEN A.S. ASIGNADA","0","0","0"
"2021-05-18","GALICIA","2.594","111.772","2.411"
"2021-05-19","A.S. A CORUÑA E CEE","526","27.058","590"
"2021-05-19","A.S. FERROL","81","7.636","217"
"2021-05-19","A.S. LUGO, A MARIÑA E MONFORTE","168","11.425","215"
"2021-05-19","A.S. OURENSE, VERÍN E O BARCO","196","13.745","418"
"2021-05-19","A.S. PONTEVEDRA E O SALNÉS","374","12.595","176"
"2021-05-19","A.S. SANTIAGO E BARBANZA","420","17.809","363"
"2021-05-19","A.S. VIGO","792","21.720","432"
"2021-05-19","SEN A.S. ASIGNADA","0","0","0"
"2021-05-19","GALICIA","2.557","111.988","2.411"
"2021-05-20","A.S. A CORUÑA E CEE","519","27.100","590"
"2021-05-20","A.S. FERROL","82","7.641","217"
"2021-05-20","A.S. LUGO, A MARIÑA E MONFORTE","185","11.434","215"
"2021-05-20","A.S. OURENSE, VERÍN E O BARCO","196","13.760","418"
"2021-05-20","A.S. PONTEVEDRA E O SALNÉS","353","12.633","177"
"2021-05-20","A.S. SANTIAGO E BARBANZA","423","17.834","363"
"2021-05-20","A.S. VIGO","791","21.785","432"
"2021-05-20","SEN A.S. ASIGNADA","0","0","0"
"2021-05-20","GALICIA","2.549","112.187","2.412"
"2021-05-21","A.S. A CORUÑA E CEE","515","27.141","591"
"2021-05-21","A.S. FERROL","86","7.644","217"
"2021-05-21","A.S. LUGO, A MARIÑA E MONFORTE","200","11.443","215"
"2021-05-21","A.S. OURENSE, VERÍN E O BARCO","188","13.775","418"
"2021-05-21","A.S. PONTEVEDRA E O SALNÉS","351","12.649","177"
"2021-05-21","A.S. SANTIAGO E BARBANZA","416","17.862","363"
"2021-05-21","A.S. VIGO","791","21.843","432"
"2021-05-21","SEN A.S. ASIGNADA","0","0","0"
"2021-05-21","GALICIA","2.547","112.357","2.413"
"2021-05-22","A.S. A CORUÑA E CEE","504","27.183","591"
"2021-05-22","A.S. FERROL","85","7.652","217"
"2021-05-22","A.S. LUGO, A MARIÑA E MONFORTE","211","11.454","215"
"2021-05-22","A.S. OURENSE, VERÍN E O BARCO","182","13.787","418"
"2021-05-22","A.S. PONTEVEDRA E O SALNÉS","337","12.685","177"
"2021-05-22","A.S. SANTIAGO E BARBANZA","439","17.876","363"
"2021-05-22","A.S. VIGO","780","21.899","433"
"2021-05-22","SEN A.S. ASIGNADA","0","0","0"
"2021-05-22","GALICIA","2.538","112.536","2.414"
"2021-05-23","A.S. A CORUÑA E CEE","485","27.212","591"
"2021-05-23","A.S. FERROL","78","7.660","217"
"2021-05-23","A.S. LUGO, A MARIÑA E MONFORTE","220","11.465","215"
"2021-05-23","A.S. OURENSE, VERÍN E O BARCO","183","13.796","418"
"2021-05-23","A.S. PONTEVEDRA E O SALNÉS","318","12.710","177"
"2021-05-23","A.S. SANTIAGO E BARBANZA","434","17.901","363"
"2021-05-23","A.S. VIGO","752","21.938","433"
"2021-05-23","SEN A.S. ASIGNADA","0","0","0"
"2021-05-23","GALICIA","2.470","112.682","2.414"
"2021-05-24","A.S. A CORUÑA E CEE","463","27.253","591"
"2021-05-24","A.S. FERROL","77","7.664","217"
"2021-05-24","A.S. LUGO, A MARIÑA E MONFORTE","217","11.477","215"
"2021-05-24","A.S. OURENSE, VERÍN E O BARCO","180","13.808","418"
"2021-05-24","A.S. PONTEVEDRA E O SALNÉS","310","12.728","178"
"2021-05-24","A.S. SANTIAGO E BARBANZA","435","17.927","363"
"2021-05-24","A.S. VIGO","737","21.981","433"
"2021-05-24","SEN A.S. ASIGNADA","0","0","0"
"2021-05-24","GALICIA","2.419","112.838","2.415"
"2021-05-25","A.S. A CORUÑA E CEE","447","27.283","591"
"2021-05-25","A.S. FERROL","78","7.671","217"
"2021-05-25","A.S. LUGO, A MARIÑA E MONFORTE","209","11.496","215"
"2021-05-25","A.S. OURENSE, VERÍN E O BARCO","179","13.817","418"
"2021-05-25","A.S. PONTEVEDRA E O SALNÉS","311","12.751","178"
"2021-05-25","A.S. SANTIAGO E BARBANZA","424","17.972","363"
"2021-05-25","A.S. VIGO","707","22.042","434"
"2021-05-25","SEN A.S. ASIGNADA","0","0","0"
"2021-05-25","GALICIA","2.355","113.032","2.416"
"2021-05-26","A.S. A CORUÑA E CEE","425","27.313","591"
"2021-05-26","A.S. FERROL","77","7.681","217"
"2021-05-26","A.S. LUGO, A MARIÑA E MONFORTE","215","11.504","215"
"2021-05-26","A.S. OURENSE, VERÍN E O BARCO","174","13.831","418"
"2021-05-26","A.S. PONTEVEDRA E O SALNÉS","301","12.781","178"
"2021-05-26","A.S. SANTIAGO E BARBANZA","418","17.999","363"
"2021-05-26","A.S. VIGO","687","22.106","434"
"2021-05-26","SEN A.S. ASIGNADA","0","0","0"
"2021-05-26","GALICIA","2.297","113.215","2.416"
"2021-05-27","A.S. A CORUÑA E CEE","409","27.339","591"
"2021-05-27","A.S. FERROL","80","7.685","217"
"2021-05-27","A.S. LUGO, A MARIÑA E MONFORTE","222","11.514","216"
"2021-05-27","A.S. OURENSE, VERÍN E O BARCO","176","13.842","418"
"2021-05-27","A.S. PONTEVEDRA E O SALNÉS","283","12.809","179"
"2021-05-27","A.S. SANTIAGO E BARBANZA","418","18.020","363"
"2021-05-27","A.S. VIGO","681","22.154","434"
"2021-05-27","SEN A.S. ASIGNADA","0","0","0"
"2021-05-27","GALICIA","2.269","113.363","2.418"
"2021-05-28","A.S. A CORUÑA E CEE","396","27.365","591"
"2021-05-28","A.S. FERROL","84","7.690","217"
"2021-05-28","A.S. LUGO, A MARIÑA E MONFORTE","220","11.526","216"
"2021-05-28","A.S. OURENSE, VERÍN E O BARCO","173","13.855","418"
"2021-05-28","A.S. PONTEVEDRA E O SALNÉS","283","12.832","179"
"2021-05-28","A.S. SANTIAGO E BARBANZA","408","18.049","363"
"2021-05-28","A.S. VIGO","674","22.199","434"
"2021-05-28","SEN A.S. ASIGNADA","0","0","0"
"2021-05-28","GALICIA","2.238","113.516","2.418"
"2021-05-29","A.S. A CORUÑA E CEE","387","27.400","591"
"2021-05-29","A.S. FERROL","90","7.692","217"
"2021-05-29","A.S. LUGO, A MARIÑA E MONFORTE","233","11.531","216"
"2021-05-29","A.S. OURENSE, VERÍN E O BARCO","160","13.872","418"
"2021-05-29","A.S. PONTEVEDRA E O SALNÉS","265","12.855","179"
"2021-05-29","A.S. SANTIAGO E BARBANZA","392","18.079","363"
"2021-05-29","A.S. VIGO","642","22.253","434"
"2021-05-29","SEN A.S. ASIGNADA","0","0","0"
"2021-05-29","GALICIA","2.169","113.682","2.418"
"2021-05-30","A.S. A CORUÑA E CEE","367","27.429","592"
"2021-05-30","A.S. FERROL","89","7.696","217"
"2021-05-30","A.S. LUGO, A MARIÑA E MONFORTE","242","11.538","216"
"2021-05-30","A.S. OURENSE, VERÍN E O BARCO","160","13.883","418"
"2021-05-30","A.S. PONTEVEDRA E O SALNÉS","257","12.870","179"
"2021-05-30","A.S. SANTIAGO E BARBANZA","387","18.093","363"
"2021-05-30","A.S. VIGO","629","22.283","434"
"2021-05-30","SEN A.S. ASIGNADA","0","0","0"
"2021-05-30","GALICIA","2.131","113.792","2.419"
"2021-05-31","A.S. A CORUÑA E CEE","339","27.467","592"
"2021-05-31","A.S. FERROL","94","7.698","217"
"2021-05-31","A.S. LUGO, A MARIÑA E MONFORTE","249","11.545","216"
"2021-05-31","A.S. OURENSE, VERÍN E O BARCO","151","13.900","418"
"2021-05-31","A.S. PONTEVEDRA E O SALNÉS","248","12.883","180"
"2021-05-31","A.S. SANTIAGO E BARBANZA","376","18.116","363"
"2021-05-31","A.S. VIGO","616","22.313","435"
"2021-05-31","SEN A.S. ASIGNADA","0","0","0"
"2021-05-31","GALICIA","2.073","113.922","2.421"
"2021-06-01","A.S. A CORUÑA E CEE","338","27.492","592"
"2021-06-01","A.S. FERROL","106","7.701","217"
"2021-06-01","A.S. LUGO, A MARIÑA E MONFORTE","255","11.554","216"
"2021-06-01","A.S. OURENSE, VERÍN E O BARCO","156","13.907","418"
"2021-06-01","A.S. PONTEVEDRA E O SALNÉS","239","12.897","181"
"2021-06-01","A.S. SANTIAGO E BARBANZA","380","18.127","363"
"2021-06-01","A.S. VIGO","616","22.330","436"
"2021-06-01","SEN A.S. ASIGNADA","0","0","0"
"2021-06-01","GALICIA","2.090","114.008","2.423"
"2021-06-02","A.S. A CORUÑA E CEE","328","27.515","592"
"2021-06-02","A.S. FERROL","104","7.710","217"
"2021-06-02","A.S. LUGO, A MARIÑA E MONFORTE","256","11.565","216"
"2021-06-02","A.S. OURENSE, VERÍN E O BARCO","155","13.918","418"
"2021-06-02","A.S. PONTEVEDRA E O SALNÉS","234","12.916","181"
"2021-06-02","A.S. SANTIAGO E BARBANZA","348","18.166","364"
"2021-06-02","A.S. VIGO","589","22.370","437"
"2021-06-02","SEN A.S. ASIGNADA","0","0","0"
"2021-06-02","GALICIA","2.014","114.160","2.425"
"2021-06-03","A.S. A CORUÑA E CEE","334","27.539","592"
"2021-06-03","A.S. FERROL","103","7.713","217"
"2021-06-03","A.S. LUGO, A MARIÑA E MONFORTE","244","11.589","216"
"2021-06-03","A.S. OURENSE, VERÍN E O BARCO","154","13.931","418"
"2021-06-03","A.S. PONTEVEDRA E O SALNÉS","217","12.941","181"
"2021-06-03","A.S. SANTIAGO E BARBANZA","338","18.191","365"
"2021-06-03","A.S. VIGO","543","22.443","437"
"2021-06-03","SEN A.S. ASIGNADA","0","0","0"
"2021-06-03","GALICIA","1.933","114.347","2.426"
"2021-06-04","A.S. A CORUÑA E CEE","316","27.574","593"
"2021-06-04","A.S. FERROL","97","7.719","217"
"2021-06-04","A.S. LUGO, A MARIÑA E MONFORTE","235","11.611","216"
"2021-06-04","A.S. OURENSE, VERÍN E O BARCO","147","13.947","418"
"2021-06-04","A.S. PONTEVEDRA E O SALNÉS","210","12.961","181"
"2021-06-04","A.S. SANTIAGO E BARBANZA","313","18.223","366"
"2021-06-04","A.S. VIGO","495","22.515","437"
"2021-06-04","SEN A.S. ASIGNADA","0","0","0"
"2021-06-04","GALICIA","1.813","114.550","2.428"
"2021-06-05","A.S. A CORUÑA E CEE","307","27.599","593"
"2021-06-05","A.S. FERROL","86","7.733","217"
"2021-06-05","A.S. LUGO, A MARIÑA E MONFORTE","227","11.631","216"
"2021-06-05","A.S. OURENSE, VERÍN E O BARCO","151","13.956","418"
"2021-06-05","A.S. PONTEVEDRA E O SALNÉS","195","12.978","181"
"2021-06-05","A.S. SANTIAGO E BARBANZA","307","18.242","366"
"2021-06-05","A.S. VIGO","452","22.567","437"
"2021-06-05","SEN A.S. ASIGNADA","0","0","0"
"2021-06-05","GALICIA","1.725","114.706","2.428"
"2021-06-06","A.S. A CORUÑA E CEE","296","27.627","593"
"2021-06-06","A.S. FERROL","85","7.739","217"
"2021-06-06","A.S. LUGO, A MARIÑA E MONFORTE","209","11.654","216"
"2021-06-06","A.S. OURENSE, VERÍN E O BARCO","152","13.963","418"
"2021-06-06","A.S. PONTEVEDRA E O SALNÉS","180","13.000","181"
"2021-06-06","A.S. SANTIAGO E BARBANZA","276","18.277","366"
"2021-06-06","A.S. VIGO","425","22.611","437"
"2021-06-06","SEN A.S. ASIGNADA","0","0","0"
"2021-06-06","GALICIA","1.623","114.871","2.428"
"2021-06-07","A.S. A CORUÑA E CEE","307","27.641","593"
"2021-06-07","A.S. FERROL","87","7.742","217"
"2021-06-07","A.S. LUGO, A MARIÑA E MONFORTE","195","11.674","216"
"2021-06-07","A.S. OURENSE, VERÍN E O BARCO","151","13.972","418"
"2021-06-07","A.S. PONTEVEDRA E O SALNÉS","179","13.006","181"
"2021-06-07","A.S. SANTIAGO E BARBANZA","266","18.294","366"
"2021-06-07","A.S. VIGO","421","22.627","437"
"2021-06-07","SEN A.S. ASIGNADA","0","0","0"
"2021-06-07","GALICIA","1.606","114.956","2.428"
"2021-06-08","A.S. A CORUÑA E CEE","307","27.662","593"
"2021-06-08","A.S. FERROL","94","7.745","217"
"2021-06-08","A.S. LUGO, A MARIÑA E MONFORTE","194","11.682","216"
"2021-06-08","A.S. OURENSE, VERÍN E O BARCO","155","13.980","418"
"2021-06-08","A.S. PONTEVEDRA E O SALNÉS","174","13.019","181"
"2021-06-08","A.S. SANTIAGO E BARBANZA","243","18.324","366"
"2021-06-08","A.S. VIGO","409","22.658","438"
"2021-06-08","SEN A.S. ASIGNADA","0","0","0"
"2021-06-08","GALICIA","1.576","115.070","2.429"
"2021-06-09","A.S. A CORUÑA E CEE","308","27.687","593"
"2021-06-09","A.S. FERROL","102","7.749","217"
"2021-06-09","A.S. LUGO, A MARIÑA E MONFORTE","195","11.692","216"
"2021-06-09","A.S. OURENSE, VERÍN E O BARCO","147","13.991","418"
"2021-06-09","A.S. PONTEVEDRA E O SALNÉS","165","13.040","181"
"2021-06-09","A.S. SANTIAGO E BARBANZA","204","18.367","366"
"2021-06-09","A.S. VIGO","388","22.690","438"
"2021-06-09","SEN A.S. ASIGNADA","0","0","0"
"2021-06-09","GALICIA","1.509","115.216","2.429"
"2021-06-10","A.S. A CORUÑA E CEE","335","27.701","594"
"2021-06-10","A.S. FERROL","99","7.759","217"
"2021-06-10","A.S. LUGO, A MARIÑA E MONFORTE","199","11.704","216"
"2021-06-10","A.S. OURENSE, VERÍN E O BARCO","140","14.001","418"
"2021-06-10","A.S. PONTEVEDRA E O SALNÉS","147","13.059","181"
"2021-06-10","A.S. SANTIAGO E BARBANZA","191","18.390","366"
"2021-06-10","A.S. VIGO","364","22.734","439"
"2021-06-10","SEN A.S. ASIGNADA","0","0","0"
"2021-06-10","GALICIA","1.475","115.348","2.431"
"2021-06-11","A.S. A CORUÑA E CEE","344","27.715","594"
"2021-06-11","A.S. FERROL","99","7.765","217"
"2021-06-11","A.S. LUGO, A MARIÑA E MONFORTE","194","11.723","216"
"2021-06-11","A.S. OURENSE, VERÍN E O BARCO","138","14.017","418"
"2021-06-11","A.S. PONTEVEDRA E O SALNÉS","138","13.072","181"
"2021-06-11","A.S. SANTIAGO E BARBANZA","169","18.415","366"
"2021-06-11","A.S. VIGO","336","22.778","439"
"2021-06-11","SEN A.S. ASIGNADA","0","0","0"
"2021-06-11","GALICIA","1.418","115.485","2.431"
"2021-06-12","A.S. A CORUÑA E CEE","352","27.731","594"
"2021-06-12","A.S. FERROL","88","7.777","217"
"2021-06-12","A.S. LUGO, A MARIÑA E MONFORTE","197","11.730","216"
"2021-06-12","A.S. OURENSE, VERÍN E O BARCO","133","14.030","418"
"2021-06-12","A.S. PONTEVEDRA E O SALNÉS","123","13.090","181"
"2021-06-12","A.S. SANTIAGO E BARBANZA","157","18.435","366"
"2021-06-12","A.S. VIGO","308","22.813","439"
"2021-06-12","SEN A.S. ASIGNADA","0","0","0"
"2021-06-12","GALICIA","1.358","115.606","2.431"
"2021-06-13","A.S. A CORUÑA E CEE","351","27.755","594"
"2021-06-13","A.S. FERROL","84","7.785","217"
"2021-06-13","A.S. LUGO, A MARIÑA E MONFORTE","181","11.751","216"
"2021-06-13","A.S. OURENSE, VERÍN E O BARCO","133","14.036","418"
"2021-06-13","A.S. PONTEVEDRA E O SALNÉS","121","13.096","181"
"2021-06-13","A.S. SANTIAGO E BARBANZA","145","18.450","366"
"2021-06-13","A.S. VIGO","289","22.839","439"
"2021-06-13","SEN A.S. ASIGNADA","0","0","0"
"2021-06-13","GALICIA","1.304","115.712","2.431"
"2021-06-14","A.S. A CORUÑA E CEE","360","27.769","594"
"2021-06-14","A.S. FERROL","85","7.787","217"
"2021-06-14","A.S. LUGO, A MARIÑA E MONFORTE","171","11.766","216"
"2021-06-14","A.S. OURENSE, VERÍN E O BARCO","137","14.044","418"
"2021-06-14","A.S. PONTEVEDRA E O SALNÉS","120","13.104","181"
"2021-06-14","A.S. SANTIAGO E BARBANZA","137","18.461","366"
"2021-06-14","A.S. VIGO","271","22.861","439"
"2021-06-14","SEN A.S. ASIGNADA","0","0","0"
"2021-06-14","GALICIA","1.281","115.792","2.431"
"2021-06-15","A.S. A CORUÑA E CEE","380","27.781","594"
"2021-06-15","A.S. FERROL","89","7.792","217"
"2021-06-15","A.S. LUGO, A MARIÑA E MONFORTE","160","11.785","216"
"2021-06-15","A.S. OURENSE, VERÍN E O BARCO","141","14.053","418"
"2021-06-15","A.S. PONTEVEDRA E O SALNÉS","117","13.112","181"
"2021-06-15","A.S. SANTIAGO E BARBANZA","130","18.474","366"
"2021-06-15","A.S. VIGO","262","22.883","439"
"2021-06-15","SEN A.S. ASIGNADA","0","0","0"
"2021-06-15","GALICIA","1.279","115.880","2.431"
"2021-06-16","A.S. A CORUÑA E CEE","389","27.804","594"
"2021-06-16","A.S. FERROL","89","7.797","217"
"2021-06-16","A.S. LUGO, A MARIÑA E MONFORTE","170","11.800","216"
"2021-06-16","A.S. OURENSE, VERÍN E O BARCO","145","14.066","418"
"2021-06-16","A.S. PONTEVEDRA E O SALNÉS","122","13.116","181"
"2021-06-16","A.S. SANTIAGO E BARBANZA","124","18.488","366"
"2021-06-16","A.S. VIGO","250","22.905","439"
"2021-06-16","SEN A.S. ASIGNADA","0","0","0"
"2021-06-16","GALICIA","1.289","115.976","2.431"
"2021-06-17","A.S. A CORUÑA E CEE","403","27.818","595"
"2021-06-17","A.S. FERROL","96","7.806","217"
"2021-06-17","A.S. LUGO, A MARIÑA E MONFORTE","164","11.812","216"
"2021-06-17","A.S. OURENSE, VERÍN E O BARCO","142","14.074","418"
"2021-06-17","A.S. PONTEVEDRA E O SALNÉS","114","13.133","181"
"2021-06-17","A.S. SANTIAGO E BARBANZA","123","18.496","366"
"2021-06-17","A.S. VIGO","236","22.931","439"
"2021-06-17","SEN A.S. ASIGNADA","0","0","0"
"2021-06-17","GALICIA","1.278","116.070","2.432"
"2021-06-18","A.S. A CORUÑA E CEE","396","27.862","597"
"2021-06-18","A.S. FERROL","92","7.810","217"
"2021-06-18","A.S. LUGO, A MARIÑA E MONFORTE","156","11.830","216"
"2021-06-18","A.S. OURENSE, VERÍN E O BARCO","139","14.086","418"
"2021-06-18","A.S. PONTEVEDRA E O SALNÉS","117","13.139","181"
"2021-06-18","A.S. SANTIAGO E BARBANZA","115","18.512","366"
"2021-06-18","A.S. VIGO","221","22.956","439"
"2021-06-18","SEN A.S. ASIGNADA","0","0","0"
"2021-06-18","GALICIA","1.236","116.195","2.434"
"2021-06-19","A.S. A CORUÑA E CEE","406","27.877","598"
"2021-06-19","A.S. FERROL","93","7.811","217"
"2021-06-19","A.S. LUGO, A MARIÑA E MONFORTE","151","11.844","216"
"2021-06-19","A.S. OURENSE, VERÍN E O BARCO","128","14.100","418"
"2021-06-19","A.S. PONTEVEDRA E O SALNÉS","112","13.149","181"
"2021-06-19","A.S. SANTIAGO E BARBANZA","108","18.527","366"
"2021-06-19","A.S. VIGO","199","22.985","439"
"2021-06-19","SEN A.S. ASIGNADA","0","0","0"
"2021-06-19","GALICIA","1.197","116.293","2.435"
"2021-06-20","A.S. A CORUÑA E CEE","415","27.891","598"
"2021-06-20","A.S. FERROL","92","7.813","217"
"2021-06-20","A.S. LUGO, A MARIÑA E MONFORTE","150","11.856","216"
"2021-06-20","A.S. OURENSE, VERÍN E O BARCO","127","14.108","418"
"2021-06-20","A.S. PONTEVEDRA E O SALNÉS","117","13.151","181"
"2021-06-20","A.S. SANTIAGO E BARBANZA","100","18.542","366"
"2021-06-20","A.S. VIGO","194","22.999","439"
"2021-06-20","SEN A.S. ASIGNADA","0","0","0"
"2021-06-20","GALICIA","1.195","116.360","2.435"
"2021-06-21","A.S. A CORUÑA E CEE","435","27.904","598"
"2021-06-21","A.S. FERROL","87","7.820","217"
"2021-06-21","A.S. LUGO, A MARIÑA E MONFORTE","155","11.861","216"
"2021-06-21","A.S. OURENSE, VERÍN E O BARCO","126","14.114","418"
"2021-06-21","A.S. PONTEVEDRA E O SALNÉS","112","13.163","181"
"2021-06-21","A.S. SANTIAGO E BARBANZA","101","18.546","366"
"2021-06-21","A.S. VIGO","188","23.014","439"
"2021-06-21","SEN A.S. ASIGNADA","0","0","0"
"2021-06-21","GALICIA","1.204","116.422","2.435"
"2021-06-22","A.S. A CORUÑA E CEE","441","27.932","598"
"2021-06-22","A.S. FERROL","83","7.825","217"
"2021-06-22","A.S. LUGO, A MARIÑA E MONFORTE","159","11.865","216"
"2021-06-22","A.S. OURENSE, VERÍN E O BARCO","124","14.123","418"
"2021-06-22","A.S. PONTEVEDRA E O SALNÉS","113","13.175","181"
"2021-06-22","A.S. SANTIAGO E BARBANZA","105","18.553","366"
"2021-06-22","A.S. VIGO","189","23.032","439"
"2021-06-22","SEN A.S. ASIGNADA","0","0","0"
"2021-06-22","GALICIA","1.214","116.505","2.435"
"2021-06-23","A.S. A CORUÑA E CEE","452","27.945","598"
"2021-06-23","A.S. FERROL","72","7.837","217"
"2021-06-23","A.S. LUGO, A MARIÑA E MONFORTE","172","11.870","216"
"2021-06-23","A.S. OURENSE, VERÍN E O BARCO","133","14.136","418"
"2021-06-23","A.S. PONTEVEDRA E O SALNÉS","122","13.189","181"
"2021-06-23","A.S. SANTIAGO E BARBANZA","112","18.559","366"
"2021-06-23","A.S. VIGO","194","23.053","439"
"2021-06-23","SEN A.S. ASIGNADA","0","0","0"
"2021-06-23","GALICIA","1.257","116.589","2.435"
"2021-06-24","A.S. A CORUÑA E CEE","454","27.967","599"
"2021-06-24","A.S. FERROL","61","7.852","217"
"2021-06-24","A.S. LUGO, A MARIÑA E MONFORTE","200","11.878","216"
"2021-06-24","A.S. OURENSE, VERÍN E O BARCO","137","14.139","418"
"2021-06-24","A.S. PONTEVEDRA E O SALNÉS","141","13.203","181"
"2021-06-24","A.S. SANTIAGO E BARBANZA","126","18.565","366"
"2021-06-24","A.S. VIGO","203","23.060","439"
"2021-06-24","SEN A.S. ASIGNADA","0","0","0"
"2021-06-24","GALICIA","1.322","116.664","2.436"
"2021-06-25","A.S. A CORUÑA E CEE","449","27.998","599"
"2021-06-25","A.S. FERROL","59","7.857","217"
"2021-06-25","A.S. LUGO, A MARIÑA E MONFORTE","193","11.897","216"
"2021-06-25","A.S. OURENSE, VERÍN E O BARCO","151","14.141","418"
"2021-06-25","A.S. PONTEVEDRA E O SALNÉS","171","13.205","181"
"2021-06-25","A.S. SANTIAGO E BARBANZA","134","18.576","366"
"2021-06-25","A.S. VIGO","208","23.080","439"
"2021-06-25","SEN A.S. ASIGNADA","0","0","0"
"2021-06-25","GALICIA","1.365","116.754","2.436"
"2021-06-26","A.S. A CORUÑA E CEE","463","28.018","599"
"2021-06-26","A.S. FERROL","61","7.861","217"
"2021-06-26","A.S. LUGO, A MARIÑA E MONFORTE","187","11.913","216"
"2021-06-26","A.S. OURENSE, VERÍN E O BARCO","152","14.153","418"
"2021-06-26","A.S. PONTEVEDRA E O SALNÉS","192","13.210","181"
"2021-06-26","A.S. SANTIAGO E BARBANZA","137","18.584","366"
"2021-06-26","A.S. VIGO","207","23.098","439"
"2021-06-26","SEN A.S. ASIGNADA","0","0","0"
"2021-06-26","GALICIA","1.399","116.837","2.436"
"2021-06-27","A.S. A CORUÑA E CEE","464","28.043","600"
"2021-06-27","A.S. FERROL","63","7.863","217"
"2021-06-27","A.S. LUGO, A MARIÑA E MONFORTE","186","11.923","216"
"2021-06-27","A.S. OURENSE, VERÍN E O BARCO","154","14.160","418"
"2021-06-27","A.S. PONTEVEDRA E O SALNÉS","207","13.211","181"
"2021-06-27","A.S. SANTIAGO E BARBANZA","141","18.591","366"
"2021-06-27","A.S. VIGO","222","23.114","439"
"2021-06-27","SEN A.S. ASIGNADA","0","0","0"
"2021-06-27","GALICIA","1.437","116.905","2.437"
"2021-06-28","A.S. A CORUÑA E CEE","483","28.062","600"
"2021-06-28","A.S. FERROL","64","7.866","217"
"2021-06-28","A.S. LUGO, A MARIÑA E MONFORTE","193","11.929","216"
"2021-06-28","A.S. OURENSE, VERÍN E O BARCO","154","14.166","418"
"2021-06-28","A.S. PONTEVEDRA E O SALNÉS","221","13.214","181"
"2021-06-28","A.S. SANTIAGO E BARBANZA","148","18.594","366"
"2021-06-28","A.S. VIGO","258","23.120","439"
"2021-06-28","SEN A.S. ASIGNADA","0","0","0"
"2021-06-28","GALICIA","1.521","116.951","2.437"
"2021-06-29","A.S. A CORUÑA E CEE","508","28.084","600"
"2021-06-29","A.S. FERROL","65","7.869","217"
"2021-06-29","A.S. LUGO, A MARIÑA E MONFORTE","201","11.935","216"
"2021-06-29","A.S. OURENSE, VERÍN E O BARCO","159","14.179","418"
"2021-06-29","A.S. PONTEVEDRA E O SALNÉS","259","13.225","181"
"2021-06-29","A.S. SANTIAGO E BARBANZA","165","18.598","366"
"2021-06-29","A.S. VIGO","281","23.130","439"
"2021-06-29","SEN A.S. ASIGNADA","0","0","0"
"2021-06-29","GALICIA","1.638","117.020","2.437"
"2021-06-30","A.S. A CORUÑA E CEE","517","28.116","600"
"2021-06-30","A.S. FERROL","73","7.878","217"
"2021-06-30","A.S. LUGO, A MARIÑA E MONFORTE","216","11.947","216"
"2021-06-30","A.S. OURENSE, VERÍN E O BARCO","189","14.189","418"
"2021-06-30","A.S. PONTEVEDRA E O SALNÉS","301","13.228","181"
"2021-06-30","A.S. SANTIAGO E BARBANZA","178","18.603","366"
"2021-06-30","A.S. VIGO","286","23.149","439"
"2021-06-30","SEN A.S. ASIGNADA","0","0","0"
"2021-06-30","GALICIA","1.760","117.110","2.437"
"2021-07-01","A.S. A CORUÑA E CEE","548","28.149","600"
"2021-07-01","A.S. FERROL","73","7.884","217"
"2021-07-01","A.S. LUGO, A MARIÑA E MONFORTE","206","11.972","217"
"2021-07-01","A.S. OURENSE, VERÍN E O BARCO","222","14.202","418"
"2021-07-01","A.S. PONTEVEDRA E O SALNÉS","350","13.241","181"
"2021-07-01","A.S. SANTIAGO E BARBANZA","183","18.611","366"
"2021-07-01","A.S. VIGO","318","23.162","439"
"2021-07-01","SEN A.S. ASIGNADA","0","0","0"
"2021-07-01","GALICIA","1.900","117.221","2.438"
"2021-07-02","A.S. A CORUÑA E CEE","565","28.176","600"
"2021-07-02","A.S. FERROL","71","7.899","217"
"2021-07-02","A.S. LUGO, A MARIÑA E MONFORTE","213","11.977","217"
"2021-07-02","A.S. OURENSE, VERÍN E O BARCO","234","14.209","418"
"2021-07-02","A.S. PONTEVEDRA E O SALNÉS","398","13.253","181"
"2021-07-02","A.S. SANTIAGO E BARBANZA","201","18.617","366"
"2021-07-02","A.S. VIGO","346","23.172","439"
"2021-07-02","SEN A.S. ASIGNADA","0","0","0"
"2021-07-02","GALICIA","2.028","117.303","2.438"
"2021-07-03","A.S. A CORUÑA E CEE","584","28.209","600"
"2021-07-03","A.S. FERROL","76","7.899","217"
"2021-07-03","A.S. LUGO, A MARIÑA E MONFORTE","233","11.986","217"
"2021-07-03","A.S. OURENSE, VERÍN E O BARCO","259","14.219","418"
"2021-07-03","A.S. PONTEVEDRA E O SALNÉS","442","13.262","181"
"2021-07-03","A.S. SANTIAGO E BARBANZA","214","18.624","366"
"2021-07-03","A.S. VIGO","380","23.181","439"
"2021-07-03","SEN A.S. ASIGNADA","0","0","0"
"2021-07-03","GALICIA","2.188","117.380","2.438"
"2021-07-04","A.S. A CORUÑA E CEE","589","28.232","600"
"2021-07-04","A.S. FERROL","83","7.901","217"
"2021-07-04","A.S. LUGO, A MARIÑA E MONFORTE","243","11.995","217"
"2021-07-04","A.S. OURENSE, VERÍN E O BARCO","285","14.221","418"
"2021-07-04","A.S. PONTEVEDRA E O SALNÉS","471","13.270","181"
"2021-07-04","A.S. SANTIAGO E BARBANZA","226","18.634","366"
"2021-07-04","A.S. VIGO","427","23.188","439"
"2021-07-04","SEN A.S. ASIGNADA","0","0","0"
"2021-07-04","GALICIA","2.324","117.441","2.438"
"2021-07-05","A.S. A CORUÑA E CEE","602","28.257","601"
"2021-07-05","A.S. FERROL","89","7.903","217"
"2021-07-05","A.S. LUGO, A MARIÑA E MONFORTE","259","12.006","217"
"2021-07-05","A.S. OURENSE, VERÍN E O BARCO","310","14.231","418"
"2021-07-05","A.S. PONTEVEDRA E O SALNÉS","505","13.276","181"
"2021-07-05","A.S. SANTIAGO E BARBANZA","239","18.639","366"
"2021-07-05","A.S. VIGO","466","23.193","439"
"2021-07-05","SEN A.S. ASIGNADA","0","0","0"
"2021-07-05","GALICIA","2.470","117.505","2.439"
"2021-07-06","A.S. A CORUÑA E CEE","634","28.290","602"
"2021-07-06","A.S. FERROL","97","7.905","217"
"2021-07-06","A.S. LUGO, A MARIÑA E MONFORTE","296","12.014","217"
"2021-07-06","A.S. OURENSE, VERÍN E O BARCO","377","14.237","418"
"2021-07-06","A.S. PONTEVEDRA E O SALNÉS","536","13.286","181"
"2021-07-06","A.S. SANTIAGO E BARBANZA","263","18.649","366"
"2021-07-06","A.S. VIGO","550","23.206","439"
"2021-07-06","SEN A.S. ASIGNADA","0","0","0"
"2021-07-06","GALICIA","2.753","117.587","2.440"
"2021-07-07","A.S. A CORUÑA E CEE","674","28.322","602"
"2021-07-07","A.S. FERROL","111","7.906","217"
"2021-07-07","A.S. LUGO, A MARIÑA E MONFORTE","342","12.021","217"
"2021-07-07","A.S. OURENSE, VERÍN E O BARCO","471","14.243","418"
"2021-07-07","A.S. PONTEVEDRA E O SALNÉS","590","13.297","181"
"2021-07-07","A.S. SANTIAGO E BARBANZA","315","18.657","366"
"2021-07-07","A.S. VIGO","607","23.220","439"
"2021-07-07","SEN A.S. ASIGNADA","0","0","0"
"2021-07-07","GALICIA","3.110","117.666","2.440"
"2021-07-08","A.S. A CORUÑA E CEE","720","28.349","602"
"2021-07-08","A.S. FERROL","133","7.908","217"
"2021-07-08","A.S. LUGO, A MARIÑA E MONFORTE","373","12.040","217"
"2021-07-08","A.S. OURENSE, VERÍN E O BARCO","578","14.261","418"
"2021-07-08","A.S. PONTEVEDRA E O SALNÉS","641","13.313","181"
"2021-07-08","A.S. SANTIAGO E BARBANZA","380","18.671","366"
"2021-07-08","A.S. VIGO","671","23.248","439"
"2021-07-08","SEN A.S. ASIGNADA","0","0","0"
"2021-07-08","GALICIA","3.496","117.790","2.440"
"2021-07-09","A.S. A CORUÑA E CEE","781","28.374","602"
"2021-07-09","A.S. FERROL","154","7.912","217"
"2021-07-09","A.S. LUGO, A MARIÑA E MONFORTE","377","12.075","217"
"2021-07-09","A.S. OURENSE, VERÍN E O BARCO","670","14.268","418"
"2021-07-09","A.S. PONTEVEDRA E O SALNÉS","694","13.349","181"
"2021-07-09","A.S. SANTIAGO E BARBANZA","421","18.691","366"
"2021-07-09","A.S. VIGO","833","23.272","439"
"2021-07-09","SEN A.S. ASIGNADA","0","0","0"
"2021-07-09","GALICIA","3.930","117.941","2.440"
"2021-07-10","A.S. A CORUÑA E CEE","833","28.405","603"
"2021-07-10","A.S. FERROL","165","7.916","217"
"2021-07-10","A.S. LUGO, A MARIÑA E MONFORTE","412","12.090","217"
"2021-07-10","A.S. OURENSE, VERÍN E O BARCO","793","14.298","418"
"2021-07-10","A.S. PONTEVEDRA E O SALNÉS","748","13.377","181"
"2021-07-10","A.S. SANTIAGO E BARBANZA","464","18.703","366"
"2021-07-10","A.S. VIGO","902","23.296","439"
"2021-07-10","SEN A.S. ASIGNADA","0","0","0"
"2021-07-10","GALICIA","4.317","118.085","2.441"
"2021-07-11","A.S. A CORUÑA E CEE","899","28.438","603"
"2021-07-11","A.S. FERROL","179","7.921","217"
"2021-07-11","A.S. LUGO, A MARIÑA E MONFORTE","427","12.099","217"
"2021-07-11","A.S. OURENSE, VERÍN E O BARCO","883","14.313","418"
"2021-07-11","A.S. PONTEVEDRA E O SALNÉS","825","13.402","181"
"2021-07-11","A.S. SANTIAGO E BARBANZA","508","18.712","366"
"2021-07-11","A.S. VIGO","986","23.311","439"
"2021-07-11","SEN A.S. ASIGNADA","0","0","0"
"2021-07-11","GALICIA","4.707","118.196","2.441"
"2021-07-12","A.S. A CORUÑA E CEE","957","28.472","603"
"2021-07-12","A.S. FERROL","197","7.925","217"
"2021-07-12","A.S. LUGO, A MARIÑA E MONFORTE","464","12.106","217"
"2021-07-12","A.S. OURENSE, VERÍN E O BARCO","1.012","14.325","418"
"2021-07-12","A.S. PONTEVEDRA E O SALNÉS","948","13.417","181"
"2021-07-12","A.S. SANTIAGO E BARBANZA","535","18.723","366"
"2021-07-12","A.S. VIGO","1.212","23.351","439"
"2021-07-12","SEN A.S. ASIGNADA","0","0","0"
"2021-07-12","GALICIA","5.325","118.319","2.441"
"2021-07-13","A.S. A CORUÑA E CEE","1.026","28.501","603"
"2021-07-13","A.S. FERROL","222","7.932","218"
"2021-07-13","A.S. LUGO, A MARIÑA E MONFORTE","518","12.121","217"
"2021-07-13","A.S. OURENSE, VERÍN E O BARCO","1.146","14.330","418"
"2021-07-13","A.S. PONTEVEDRA E O SALNÉS","1.080","13.437","181"
"2021-07-13","A.S. SANTIAGO E BARBANZA","648","18.737","366"
"2021-07-13","A.S. VIGO","1.349","23.392","439"
"2021-07-13","SEN A.S. ASIGNADA","0","0","0"
"2021-07-13","GALICIA","5.989","118.450","2.442"
"2021-07-14","A.S. A CORUÑA E CEE","1.141","28.548","603"
"2021-07-14","A.S. FERROL","258","7.935","218"
"2021-07-14","A.S. LUGO, A MARIÑA E MONFORTE","609","12.133","217"
"2021-07-14","A.S. OURENSE, VERÍN E O BARCO","1.333","14.356","418"
"2021-07-14","A.S. PONTEVEDRA E O SALNÉS","1.237","13.480","181"
"2021-07-14","A.S. SANTIAGO E BARBANZA","765","18.756","366"
"2021-07-14","A.S. VIGO","1.537","23.427","439"
"2021-07-14","SEN A.S. ASIGNADA","0","0","0"
"2021-07-14","GALICIA","6.880","118.635","2.442"
"2021-07-15","A.S. A CORUÑA E CEE","1.303","28.595","603"
"2021-07-15","A.S. FERROL","294","7.952","218"
"2021-07-15","A.S. LUGO, A MARIÑA E MONFORTE","690","12.162","217"
"2021-07-15","A.S. OURENSE, VERÍN E O BARCO","1.524","14.384","419"
"2021-07-15","A.S. PONTEVEDRA E O SALNÉS","1.441","13.522","181"
"2021-07-15","A.S. SANTIAGO E BARBANZA","912","18.776","366"
"2021-07-15","A.S. VIGO","1.754","23.463","439"
"2021-07-15","SEN A.S. ASIGNADA","0","0","0"
"2021-07-15","GALICIA","7.918","118.854","2.443"
"2021-07-16","A.S. A CORUÑA E CEE","1.454","28.645","603"
"2021-07-16","A.S. FERROL","333","7.959","218"
"2021-07-16","A.S. LUGO, A MARIÑA E MONFORTE","789","12.181","217"
"2021-07-16","A.S. OURENSE, VERÍN E O BARCO","1.645","14.430","419"
"2021-07-16","A.S. PONTEVEDRA E O SALNÉS","1.585","13.581","181"
"2021-07-16","A.S. SANTIAGO E BARBANZA","1.074","18.788","367"
"2021-07-16","A.S. VIGO","1.989","23.503","439"
"2021-07-16","SEN A.S. ASIGNADA","0","0","0"
"2021-07-16","GALICIA","8.869","119.087","2.444"
"2021-07-17","A.S. A CORUÑA E CEE","1.641","28.683","603"
"2021-07-17","A.S. FERROL","364","7.970","218"
"2021-07-17","A.S. LUGO, A MARIÑA E MONFORTE","902","12.193","217"
"2021-07-17","A.S. OURENSE, VERÍN E O BARCO","1.790","14.454","419"
"2021-07-17","A.S. PONTEVEDRA E O SALNÉS","1.658","13.647","181"
"2021-07-17","A.S. SANTIAGO E BARBANZA","1.155","18.815","367"
"2021-07-17","A.S. VIGO","2.196","23.550","439"
"2021-07-17","SEN A.S. ASIGNADA","0","0","0"
"2021-07-17","GALICIA","9.706","119.312","2.444"
"2021-07-18","A.S. A CORUÑA E CEE","1.791","28.737","603"
"2021-07-18","A.S. FERROL","391","7.973","218"
"2021-07-18","A.S. LUGO, A MARIÑA E MONFORTE","995","12.214","217"
"2021-07-18","A.S. OURENSE, VERÍN E O BARCO","1.828","14.493","419"
"2021-07-18","A.S. PONTEVEDRA E O SALNÉS","1.724","13.701","181"
"2021-07-18","A.S. SANTIAGO E BARBANZA","1.250","18.835","367"
"2021-07-18","A.S. VIGO","2.303","23.602","439"
"2021-07-18","SEN A.S. ASIGNADA","0","0","0"
"2021-07-18","GALICIA","10.282","119.555","2.444"
"2021-07-19","A.S. A CORUÑA E CEE","1.978","28.762","603"
"2021-07-19","A.S. FERROL","428","7.981","218"
"2021-07-19","A.S. LUGO, A MARIÑA E MONFORTE","1.078","12.234","217"
"2021-07-19","A.S. OURENSE, VERÍN E O BARCO","1.927","14.519","419"
"2021-07-19","A.S. PONTEVEDRA E O SALNÉS","1.959","13.741","181"
"2021-07-19","A.S. SANTIAGO E BARBANZA","1.349","18.858","367"
"2021-07-19","A.S. VIGO","2.551","23.666","439"
"2021-07-19","SEN A.S. ASIGNADA","0","0","0"
"2021-07-19","GALICIA","11.270","119.761","2.444"
"2021-07-20","A.S. A CORUÑA E CEE","2.079","28.814","603"
"2021-07-20","A.S. FERROL","473","7.988","218"
"2021-07-20","A.S. LUGO, A MARIÑA E MONFORTE","1.218","12.258","217"
"2021-07-20","A.S. OURENSE, VERÍN E O BARCO","2.017","14.555","419"
"2021-07-20","A.S. PONTEVEDRA E O SALNÉS","2.077","13.773","181"
"2021-07-20","A.S. SANTIAGO E BARBANZA","1.463","18.878","367"
"2021-07-20","A.S. VIGO","2.716","23.714","439"
"2021-07-20","SEN A.S. ASIGNADA","0","0","0"
"2021-07-20","GALICIA","12.043","119.980","2.444"
"2021-07-21","A.S. A CORUÑA E CEE","2.211","28.888","603"
"2021-07-21","A.S. FERROL","544","8.001","218"
"2021-07-21","A.S. LUGO, A MARIÑA E MONFORTE","1.316","12.305","217"
"2021-07-21","A.S. OURENSE, VERÍN E O BARCO","2.080","14.621","419"
"2021-07-21","A.S. PONTEVEDRA E O SALNÉS","2.313","13.818","181"
"2021-07-21","A.S. SANTIAGO E BARBANZA","1.616","18.912","367"
"2021-07-21","A.S. VIGO","2.993","23.826","440"
"2021-07-21","SEN A.S. ASIGNADA","0","0","0"
"2021-07-21","GALICIA","13.073","120.371","2.445"
"2021-07-22","A.S. A CORUÑA E CEE","2.432","28.952","604"
"2021-07-22","A.S. FERROL","596","8.016","218"
"2021-07-22","A.S. LUGO, A MARIÑA E MONFORTE","1.428","12.358","217"
"2021-07-22","A.S. OURENSE, VERÍN E O BARCO","2.154","14.717","419"
"2021-07-22","A.S. PONTEVEDRA E O SALNÉS","2.425","13.888","181"
"2021-07-22","A.S. SANTIAGO E BARBANZA","1.741","18.975","367"
"2021-07-22","A.S. VIGO","3.280","23.888","440"
"2021-07-22","SEN A.S. ASIGNADA","0","0","0"
"2021-07-22","GALICIA","14.056","120.794","2.446"
"2021-07-23","A.S. A CORUÑA E CEE","2.615","29.023","604"
"2021-07-23","A.S. FERROL","661","8.038","219"
"2021-07-23","A.S. LUGO, A MARIÑA E MONFORTE","1.545","12.409","217"
"2021-07-23","A.S. OURENSE, VERÍN E O BARCO","2.171","14.843","421"
"2021-07-23","A.S. PONTEVEDRA E O SALNÉS","2.576","13.960","181"
"2021-07-23","A.S. SANTIAGO E BARBANZA","1.843","19.051","367"
"2021-07-23","A.S. VIGO","3.524","23.968","441"
"2021-07-23","SEN A.S. ASIGNADA","0","0","0"
"2021-07-23","GALICIA","14.935","121.292","2.450"
"2021-07-24","A.S. A CORUÑA E CEE","2.782","29.104","604"
"2021-07-24","A.S. FERROL","699","8.062","220"
"2021-07-24","A.S. LUGO, A MARIÑA E MONFORTE","1.671","12.449","217"
"2021-07-24","A.S. OURENSE, VERÍN E O BARCO","2.172","14.919","421"
"2021-07-24","A.S. PONTEVEDRA E O SALNÉS","2.658","14.042","182"
"2021-07-24","A.S. SANTIAGO E BARBANZA","1.964","19.115","367"
"2021-07-24","A.S. VIGO","3.650","24.130","441"
"2021-07-24","SEN A.S. ASIGNADA","0","0","0"
"2021-07-24","GALICIA","15.596","121.821","2.452"
"2021-07-25","A.S. A CORUÑA E CEE","2.931","29.183","604"
"2021-07-25","A.S. FERROL","731","8.079","220"
"2021-07-25","A.S. LUGO, A MARIÑA E MONFORTE","1.756","12.503","217"
"2021-07-25","A.S. OURENSE, VERÍN E O BARCO","2.110","15.079","422"
"2021-07-25","A.S. PONTEVEDRA E O SALNÉS","2.723","14.125","182"
"2021-07-25","A.S. SANTIAGO E BARBANZA","2.039","19.169","367"
"2021-07-25","A.S. VIGO","3.870","24.246","441"
"2021-07-25","SEN A.S. ASIGNADA","0","0","0"
"2021-07-25","GALICIA","16.160","122.384","2.453"
"2021-07-26","A.S. A CORUÑA E CEE","3.117","29.275","604"
"2021-07-26","A.S. FERROL","766","8.098","220"
"2021-07-26","A.S. LUGO, A MARIÑA E MONFORTE","1.875","12.525","217"
"2021-07-26","A.S. OURENSE, VERÍN E O BARCO","2.086","15.182","422"
"2021-07-26","A.S. PONTEVEDRA E O SALNÉS","2.791","14.233","182"
"2021-07-26","A.S. SANTIAGO E BARBANZA","2.114","19.238","367"
"2021-07-26","A.S. VIGO","4.038","24.335","442"
"2021-07-26","SEN A.S. ASIGNADA","0","0","0"
"2021-07-26","GALICIA","16.787","122.886","2.454"
"2021-07-27","A.S. A CORUÑA E CEE","3.299","29.383","605"
"2021-07-27","A.S. FERROL","809","8.119","220"
"2021-07-27","A.S. LUGO, A MARIÑA E MONFORTE","1.952","12.568","217"
"2021-07-27","A.S. OURENSE, VERÍN E O BARCO","2.049","15.310","422"
"2021-07-27","A.S. PONTEVEDRA E O SALNÉS","2.823","14.366","182"
"2021-07-27","A.S. SANTIAGO E BARBANZA","2.217","19.282","367"
"2021-07-27","A.S. VIGO","4.053","24.591","443"
"2021-07-27","SEN A.S. ASIGNADA","0","0","0"
"2021-07-27","GALICIA","17.202","123.619","2.456"
"2021-07-28","A.S. A CORUÑA E CEE","3.463","29.496","606"
"2021-07-28","A.S. FERROL","852","8.152","220"
"2021-07-28","A.S. LUGO, A MARIÑA E MONFORTE","2.055","12.634","218"
"2021-07-28","A.S. OURENSE, VERÍN E O BARCO","2.043","15.441","422"
"2021-07-28","A.S. PONTEVEDRA E O SALNÉS","2.761","14.496","183"
"2021-07-28","A.S. SANTIAGO E BARBANZA","2.219","19.401","367"
"2021-07-28","A.S. VIGO","4.166","24.773","443"
"2021-07-28","SEN A.S. ASIGNADA","0","0","0"
"2021-07-28","GALICIA","17.559","124.393","2.459"
"2021-07-29","A.S. A CORUÑA E CEE","3.523","29.641","607"
"2021-07-29","A.S. FERROL","880","8.190","220"
"2021-07-29","A.S. LUGO, A MARIÑA E MONFORTE","2.071","12.730","218"
"2021-07-29","A.S. OURENSE, VERÍN E O BARCO","1.942","15.638","422"
"2021-07-29","A.S. PONTEVEDRA E O SALNÉS","2.815","14.658","184"
"2021-07-29","A.S. SANTIAGO E BARBANZA","2.211","19.533","367"
"2021-07-29","A.S. VIGO","4.209","24.971","443"
"2021-07-29","SEN A.S. ASIGNADA","0","0","0"
"2021-07-29","GALICIA","17.651","125.361","2.461"
"2021-07-30","A.S. A CORUÑA E CEE","3.628","29.819","607"
"2021-07-30","A.S. FERROL","902","8.236","220"
"2021-07-30","A.S. LUGO, A MARIÑA E MONFORTE","2.075","12.849","218"
"2021-07-30","A.S. OURENSE, VERÍN E O BARCO","1.840","15.839","422"
"2021-07-30","A.S. PONTEVEDRA E O SALNÉS","2.825","14.830","184"
"2021-07-30","A.S. SANTIAGO E BARBANZA","2.174","19.688","368"
"2021-07-30","A.S. VIGO","4.374","25.221","444"
"2021-07-30","SEN A.S. ASIGNADA","0","0","0"
"2021-07-30","GALICIA","17.818","126.482","2.463"
"2021-07-31","A.S. A CORUÑA E CEE","3.686","29.985","608"
"2021-07-31","A.S. FERROL","888","8.288","220"
"2021-07-31","A.S. LUGO, A MARIÑA E MONFORTE","2.112","12.963","218"
"2021-07-31","A.S. OURENSE, VERÍN E O BARCO","1.747","16.012","422"
"2021-07-31","A.S. PONTEVEDRA E O SALNÉS","2.817","14.996","186"
"2021-07-31","A.S. SANTIAGO E BARBANZA","2.169","19.845","368"
"2021-07-31","A.S. VIGO","4.380","25.472","445"
"2021-07-31","SEN A.S. ASIGNADA","0","0","0"
"2021-07-31","GALICIA","17.799","127.561","2.467"
"2021-08-01","A.S. A CORUÑA E CEE","3.739","30.170","608"
"2021-08-01","A.S. FERROL","913","8.322","222"
"2021-08-01","A.S. LUGO, A MARIÑA E MONFORTE","2.084","13.087","220"
"2021-08-01","A.S. OURENSE, VERÍN E O BARCO","1.638","16.181","422"
"2021-08-01","A.S. PONTEVEDRA E O SALNÉS","2.749","15.160","187"
"2021-08-01","A.S. SANTIAGO E BARBANZA","2.146","19.943","368"
"2021-08-01","A.S. VIGO","4.325","25.719","445"
"2021-08-01","SEN A.S. ASIGNADA","0","0","0"
"2021-08-01","GALICIA","17.594","128.582","2.472"
"2021-08-02","A.S. A CORUÑA E CEE","3.821","30.354","609"
"2021-08-02","A.S. FERROL","940","8.352","223"
"2021-08-02","A.S. LUGO, A MARIÑA E MONFORTE","2.043","13.202","221"
"2021-08-02","A.S. OURENSE, VERÍN E O BARCO","1.599","16.259","422"
"2021-08-02","A.S. PONTEVEDRA E O SALNÉS","2.715","15.287","189"
"2021-08-02","A.S. SANTIAGO E BARBANZA","2.108","20.066","369"
"2021-08-02","A.S. VIGO","4.345","25.881","445"
"2021-08-02","SEN A.S. ASIGNADA","0","0","0"
"2021-08-02","GALICIA","17.571","129.401","2.478"
"2021-08-03","A.S. A CORUÑA E CEE","3.907","30.553","609"
"2021-08-03","A.S. FERROL","990","8.387","223"
"2021-08-03","A.S. LUGO, A MARIÑA E MONFORTE","2.063","13.289","222"
"2021-08-03","A.S. OURENSE, VERÍN E O BARCO","1.573","16.370","422"
"2021-08-03","A.S. PONTEVEDRA E O SALNÉS","2.561","15.546","189"
"2021-08-03","A.S. SANTIAGO E BARBANZA","2.098","20.187","369"
"2021-08-03","A.S. VIGO","4.327","26.172","446"
"2021-08-03","SEN A.S. ASIGNADA","0","0","0"
"2021-08-03","GALICIA","17.519","130.504","2.480"
"2021-08-04","A.S. A CORUÑA E CEE","4.077","30.705","609"
"2021-08-04","A.S. FERROL","996","8.446","224"
"2021-08-04","A.S. LUGO, A MARIÑA E MONFORTE","2.016","13.439","222"
"2021-08-04","A.S. OURENSE, VERÍN E O BARCO","1.501","16.513","423"
"2021-08-04","A.S. PONTEVEDRA E O SALNÉS","2.509","15.726","189"
"2021-08-04","A.S. SANTIAGO E BARBANZA","2.084","20.313","369"
"2021-08-04","A.S. VIGO","4.309","26.383","447"
"2021-08-04","SEN A.S. ASIGNADA","0","0","0"
"2021-08-04","GALICIA","17.492","131.525","2.483"
"2021-08-05","A.S. A CORUÑA E CEE","4.230","30.897","610"
"2021-08-05","A.S. FERROL","992","8.525","225"
"2021-08-05","A.S. LUGO, A MARIÑA E MONFORTE","2.026","13.582","222"
"2021-08-05","A.S. OURENSE, VERÍN E O BARCO","1.432","16.635","423"
"2021-08-05","A.S. PONTEVEDRA E O SALNÉS","2.285","16.034","189"
"2021-08-05","A.S. SANTIAGO E BARBANZA","1.999","20.493","369"
"2021-08-05","A.S. VIGO","4.199","26.749","449"
"2021-08-05","SEN A.S. ASIGNADA","0","0","0"
"2021-08-05","GALICIA","17.163","132.915","2.487"
"2021-08-06","A.S. A CORUÑA E CEE","4.249","31.157","610"
"2021-08-06","A.S. FERROL","987","8.589","225"
"2021-08-06","A.S. LUGO, A MARIÑA E MONFORTE","1.980","13.738","223"
"2021-08-06","A.S. OURENSE, VERÍN E O BARCO","1.324","16.802","424"
"2021-08-06","A.S. PONTEVEDRA E O SALNÉS","2.230","16.200","190"
"2021-08-06","A.S. SANTIAGO E BARBANZA","1.903","20.681","369"
"2021-08-06","A.S. VIGO","4.129","27.079","450"
"2021-08-06","SEN A.S. ASIGNADA","0","0","0"
"2021-08-06","GALICIA","16.802","134.246","2.491"
"2021-08-07","A.S. A CORUÑA E CEE","4.319","31.380","610"
"2021-08-07","A.S. FERROL","965","8.673","225"
"2021-08-07","A.S. LUGO, A MARIÑA E MONFORTE","1.895","13.900","223"
"2021-08-07","A.S. OURENSE, VERÍN E O BARCO","1.242","16.945","425"
"2021-08-07","A.S. PONTEVEDRA E O SALNÉS","2.097","16.424","191"
"2021-08-07","A.S. SANTIAGO E BARBANZA","1.825","20.850","369"
"2021-08-07","A.S. VIGO","4.055","27.398","451"
"2021-08-07","SEN A.S. ASIGNADA","0","0","0"
"2021-08-07","GALICIA","16.398","135.570","2.494"
"2021-08-08","A.S. A CORUÑA E CEE","4.314","31.643","610"
"2021-08-08","A.S. FERROL","953","8.740","225"
"2021-08-08","A.S. LUGO, A MARIÑA E MONFORTE","1.779","14.069","224"
"2021-08-08","A.S. OURENSE, VERÍN E O BARCO","1.212","17.016","425"
"2021-08-08","A.S. PONTEVEDRA E O SALNÉS","2.010","16.592","191"
"2021-08-08","A.S. SANTIAGO E BARBANZA","1.717","21.029","369"
"2021-08-08","A.S. VIGO","3.958","27.684","451"
"2021-08-08","SEN A.S. ASIGNADA","0","0","0"
"2021-08-08","GALICIA","15.943","136.773","2.495"
"2021-08-09","A.S. A CORUÑA E CEE","4.298","31.868","612"
"2021-08-09","A.S. FERROL","949","8.794","225"
"2021-08-09","A.S. LUGO, A MARIÑA E MONFORTE","1.722","14.205","224"
"2021-08-09","A.S. OURENSE, VERÍN E O BARCO","1.165","17.109","426"
"2021-08-09","A.S. PONTEVEDRA E O SALNÉS","1.944","16.731","191"
"2021-08-09","A.S. SANTIAGO E BARBANZA","1.676","21.139","370"
"2021-08-09","A.S. VIGO","3.837","28.000","451"
"2021-08-09","SEN A.S. ASIGNADA","0","0","0"
"2021-08-09","GALICIA","15.591","137.846","2.499"
"2021-08-10","A.S. A CORUÑA E CEE","4.344","32.091","612"
"2021-08-10","A.S. FERROL","969","8.828","225"
"2021-08-10","A.S. LUGO, A MARIÑA E MONFORTE","1.643","14.343","225"
"2021-08-10","A.S. OURENSE, VERÍN E O BARCO","1.124","17.196","426"
"2021-08-10","A.S. PONTEVEDRA E O SALNÉS","1.843","16.892","191"
"2021-08-10","A.S. SANTIAGO E BARBANZA","1.620","21.274","370"
"2021-08-10","A.S. VIGO","3.754","28.249","452"
"2021-08-10","SEN A.S. ASIGNADA","0","0","0"
"2021-08-10","GALICIA","15.297","138.873","2.501"
"2021-08-11","A.S. A CORUÑA E CEE","4.261","32.362","615"
"2021-08-11","A.S. FERROL","967","8.893","225"
"2021-08-11","A.S. LUGO, A MARIÑA E MONFORTE","1.598","14.469","225"
"2021-08-11","A.S. OURENSE, VERÍN E O BARCO","1.070","17.300","427"
"2021-08-11","A.S. PONTEVEDRA E O SALNÉS","1.751","17.073","193"
"2021-08-11","A.S. SANTIAGO E BARBANZA","1.544","21.426","371"
"2021-08-11","A.S. VIGO","3.617","28.574","454"
"2021-08-11","SEN A.S. ASIGNADA","0","0","0"
"2021-08-11","GALICIA","14.808","140.097","2.510"
"2021-08-12","A.S. A CORUÑA E CEE","4.241","32.649","616"
"2021-08-12","A.S. FERROL","927","8.971","225"
"2021-08-12","A.S. LUGO, A MARIÑA E MONFORTE","1.507","14.639","225"
"2021-08-12","A.S. OURENSE, VERÍN E O BARCO","979","17.428","428"
"2021-08-12","A.S. PONTEVEDRA E O SALNÉS","1.742","17.151","193"
"2021-08-12","A.S. SANTIAGO E BARBANZA","1.490","21.549","371"
"2021-08-12","A.S. VIGO","3.534","28.852","454"
"2021-08-12","SEN A.S. ASIGNADA","0","0","0"
"2021-08-12","GALICIA","14.420","141.239","2.512"
"2021-08-13","A.S. A CORUÑA E CEE","4.190","32.887","618"
"2021-08-13","A.S. FERROL","908","9.041","225"
"2021-08-13","A.S. LUGO, A MARIÑA E MONFORTE","1.450","14.755","227"
"2021-08-13","A.S. OURENSE, VERÍN E O BARCO","916","17.530","429"
"2021-08-13","A.S. PONTEVEDRA E O SALNÉS","1.595","17.369","193"
"2021-08-13","A.S. SANTIAGO E BARBANZA","1.406","21.677","371"
"2021-08-13","A.S. VIGO","3.496","29.112","454"
"2021-08-13","SEN A.S. ASIGNADA","0","0","0"
"2021-08-13","GALICIA","13.961","142.371","2.517"
"2021-08-14","A.S. A CORUÑA E CEE","4.123","33.106","618"
"2021-08-14","A.S. FERROL","890","9.103","226"
"2021-08-14","A.S. LUGO, A MARIÑA E MONFORTE","1.399","14.875","229"
"2021-08-14","A.S. OURENSE, VERÍN E O BARCO","851","17.627","430"
"2021-08-14","A.S. PONTEVEDRA E O SALNÉS","1.464","17.562","194"
"2021-08-14","A.S. SANTIAGO E BARBANZA","1.376","21.778","371"
"2021-08-14","A.S. VIGO","3.257","29.503","456"
"2021-08-14","SEN A.S. ASIGNADA","0","0","0"
"2021-08-14","GALICIA","13.360","143.554","2.524"
"2021-08-15","A.S. A CORUÑA E CEE","4.040","33.328","619"
"2021-08-15","A.S. FERROL","884","9.144","226"
"2021-08-15","A.S. LUGO, A MARIÑA E MONFORTE","1.316","15.022","229"
"2021-08-15","A.S. OURENSE, VERÍN E O BARCO","793","17.720","430"
"2021-08-15","A.S. PONTEVEDRA E O SALNÉS","1.359","17.714","194"
"2021-08-15","A.S. SANTIAGO E BARBANZA","1.254","21.930","371"
"2021-08-15","A.S. VIGO","3.116","29.752","456"
"2021-08-15","SEN A.S. ASIGNADA","0","0","0"
"2021-08-15","GALICIA","12.762","144.610","2.525"
"2021-08-16","A.S. A CORUÑA E CEE","3.964","33.551","621"
"2021-08-16","A.S. FERROL","857","9.208","226"
"2021-08-16","A.S. LUGO, A MARIÑA E MONFORTE","1.321","15.121","229"
"2021-08-16","A.S. OURENSE, VERÍN E O BARCO","760","17.781","430"
"2021-08-16","A.S. PONTEVEDRA E O SALNÉS","1.299","17.815","194"
"2021-08-16","A.S. SANTIAGO E BARBANZA","1.242","22.008","371"
"2021-08-16","A.S. VIGO","3.036","29.904","457"
"2021-08-16","SEN A.S. ASIGNADA","0","0","0"
"2021-08-16","GALICIA","12.479","145.388","2.528"
"2021-08-17","A.S. A CORUÑA E CEE","3.819","33.852","621"
"2021-08-17","A.S. FERROL","842","9.263","226"
"2021-08-17","A.S. LUGO, A MARIÑA E MONFORTE","1.286","15.204","229"
"2021-08-17","A.S. OURENSE, VERÍN E O BARCO","763","17.836","431"
"2021-08-17","A.S. PONTEVEDRA E O SALNÉS","1.237","17.921","194"
"2021-08-17","A.S. SANTIAGO E BARBANZA","1.215","22.104","371"
"2021-08-17","A.S. VIGO","2.990","30.109","458"
"2021-08-17","SEN A.S. ASIGNADA","0","0","0"
"2021-08-17","GALICIA","12.152","146.289","2.530"
"2021-08-18","A.S. A CORUÑA E CEE","3.640","34.172","622"
"2021-08-18","A.S. FERROL","835","9.341","227"
"2021-08-18","A.S. LUGO, A MARIÑA E MONFORTE","1.211","15.315","230"
"2021-08-18","A.S. OURENSE, VERÍN E O BARCO","711","17.932","432"
"2021-08-18","A.S. PONTEVEDRA E O SALNÉS","1.156","18.036","194"
"2021-08-18","A.S. SANTIAGO E BARBANZA","1.164","22.225","371"
"2021-08-18","A.S. VIGO","2.845","30.405","458"
"2021-08-18","SEN A.S. ASIGNADA","0","0","0"
"2021-08-18","GALICIA","11.562","147.426","2.534"
"2021-08-19","A.S. A CORUÑA E CEE","3.480","34.499","622"
"2021-08-19","A.S. FERROL","830","9.408","227"
"2021-08-19","A.S. LUGO, A MARIÑA E MONFORTE","1.248","15.422","231"
"2021-08-19","A.S. OURENSE, VERÍN E O BARCO","711","17.993","433"
"2021-08-19","A.S. PONTEVEDRA E O SALNÉS","1.079","18.175","194"
"2021-08-19","A.S. SANTIAGO E BARBANZA","1.138","22.349","371"
"2021-08-19","A.S. VIGO","2.819","30.610","460"
"2021-08-19","SEN A.S. ASIGNADA","0","0","0"
"2021-08-19","GALICIA","11.305","148.456","2.538"
"2021-08-20","A.S. A CORUÑA E CEE","3.284","34.829","625"
"2021-08-20","A.S. FERROL","800","9.481","227"
"2021-08-20","A.S. LUGO, A MARIÑA E MONFORTE","1.211","15.565","231"
"2021-08-20","A.S. OURENSE, VERÍN E O BARCO","730","18.042","433"
"2021-08-20","A.S. PONTEVEDRA E O SALNÉS","1.055","18.270","194"
"2021-08-20","A.S. SANTIAGO E BARBANZA","1.165","22.446","371"
"2021-08-20","A.S. VIGO","2.652","30.878","460"
"2021-08-20","SEN A.S. ASIGNADA","0","0","0"
"2021-08-20","GALICIA","10.897","149.511","2.541"
"2021-08-21","A.S. A CORUÑA E CEE","3.128","35.082","626"
"2021-08-21","A.S. FERROL","774","9.545","227"
"2021-08-21","A.S. LUGO, A MARIÑA E MONFORTE","1.184","15.675","232"
"2021-08-21","A.S. OURENSE, VERÍN E O BARCO","694","18.104","433"
"2021-08-21","A.S. PONTEVEDRA E O SALNÉS","959","18.398","195"
"2021-08-21","A.S. SANTIAGO E BARBANZA","1.184","22.533","371"
"2021-08-21","A.S. VIGO","2.468","31.126","462"
"2021-08-21","SEN A.S. ASIGNADA","0","0","0"
"2021-08-21","GALICIA","10.391","150.463","2.546"
"2021-08-22","A.S. A CORUÑA E CEE","2.933","35.355","627"
"2021-08-22","A.S. FERROL","754","9.599","227"
"2021-08-22","A.S. LUGO, A MARIÑA E MONFORTE","1.215","15.746","232"
"2021-08-22","A.S. OURENSE, VERÍN E O BARCO","688","18.159","433"
"2021-08-22","A.S. PONTEVEDRA E O SALNÉS","897","18.491","197"
"2021-08-22","A.S. SANTIAGO E BARBANZA","1.164","22.614","371"
"2021-08-22","A.S. VIGO","2.294","31.358","462"
"2021-08-22","SEN A.S. ASIGNADA","0","0","0"
"2021-08-22","GALICIA","9.945","151.322","2.549"
"2021-08-23","A.S. A CORUÑA E CEE","2.767","35.605","628"
"2021-08-23","A.S. FERROL","729","9.658","227"
"2021-08-23","A.S. LUGO, A MARIÑA E MONFORTE","1.283","15.797","232"
"2021-08-23","A.S. OURENSE, VERÍN E O BARCO","673","18.203","433"
"2021-08-23","A.S. PONTEVEDRA E O SALNÉS","832","18.577","198"
"2021-08-23","A.S. SANTIAGO E BARBANZA","1.175","22.697","371"
"2021-08-23","A.S. VIGO","2.165","31.551","462"
"2021-08-23","SEN A.S. ASIGNADA","0","0","0"
"2021-08-23","GALICIA","9.624","152.088","2.551"
"2021-08-24","A.S. A CORUÑA E CEE","2.646","35.845","630"
"2021-08-24","A.S. FERROL","699","9.714","227"
"2021-08-24","A.S. LUGO, A MARIÑA E MONFORTE","1.315","15.883","232"
"2021-08-24","A.S. OURENSE, VERÍN E O BARCO","662","18.257","433"
"2021-08-24","A.S. PONTEVEDRA E O SALNÉS","780","18.653","198"
"2021-08-24","A.S. SANTIAGO E BARBANZA","1.198","22.767","371"
"2021-08-24","A.S. VIGO","2.066","31.750","462"
"2021-08-24","SEN A.S. ASIGNADA","0","0","0"
"2021-08-24","GALICIA","9.366","152.869","2.553"
"2021-08-25","A.S. A CORUÑA E CEE","2.503","36.106","631"
"2021-08-25","A.S. FERROL","676","9.768","227"
"2021-08-25","A.S. LUGO, A MARIÑA E MONFORTE","1.348","15.944","232"
"2021-08-25","A.S. OURENSE, VERÍN E O BARCO","674","18.303","433"
"2021-08-25","A.S. PONTEVEDRA E O SALNÉS","757","18.722","199"
"2021-08-25","A.S. SANTIAGO E BARBANZA","1.240","22.842","371"
"2021-08-25","A.S. VIGO","1.964","31.926","462"
"2021-08-25","SEN A.S. ASIGNADA","0","0","0"
"2021-08-25","GALICIA","9.162","153.611","2.555"
"2021-08-26","A.S. A CORUÑA E CEE","2.422","36.286","633"
"2021-08-26","A.S. FERROL","635","9.829","227"
"2021-08-26","A.S. LUGO, A MARIÑA E MONFORTE","1.380","16.029","232"
"2021-08-26","A.S. OURENSE, VERÍN E O BARCO","675","18.353","433"
"2021-08-26","A.S. PONTEVEDRA E O SALNÉS","692","18.810","199"
"2021-08-26","A.S. SANTIAGO E BARBANZA","1.267","22.926","371"
"2021-08-26","A.S. VIGO","1.829","32.116","462"
"2021-08-26","SEN A.S. ASIGNADA","0","0","0"
"2021-08-26","GALICIA","8.900","154.349","2.557"
"2021-08-27","A.S. A CORUÑA E CEE","2.287","36.518","636"
"2021-08-27","A.S. FERROL","620","9.865","227"
"2021-08-27","A.S. LUGO, A MARIÑA E MONFORTE","1.392","16.108","233"
"2021-08-27","A.S. OURENSE, VERÍN E O BARCO","677","18.398","434"
"2021-08-27","A.S. PONTEVEDRA E O SALNÉS","648","18.873","200"
"2021-08-27","A.S. SANTIAGO E BARBANZA","1.280","22.992","371"
"2021-08-27","A.S. VIGO","1.680","32.314","463"
"2021-08-27","SEN A.S. ASIGNADA","0","0","0"
"2021-08-27","GALICIA","8.584","155.068","2.564"
"2021-08-28","A.S. A CORUÑA E CEE","2.162","36.717","636"
"2021-08-28","A.S. FERROL","580","9.916","227"
"2021-08-28","A.S. LUGO, A MARIÑA E MONFORTE","1.414","16.171","233"
"2021-08-28","A.S. OURENSE, VERÍN E O BARCO","657","18.449","436"
"2021-08-28","A.S. PONTEVEDRA E O SALNÉS","605","18.942","200"
"2021-08-28","A.S. SANTIAGO E BARBANZA","1.276","23.049","371"
"2021-08-28","A.S. VIGO","1.535","32.533","463"
"2021-08-28","SEN A.S. ASIGNADA","0","0","0"
"2021-08-28","GALICIA","8.229","155.777","2.566"
"2021-08-29","A.S. A CORUÑA E CEE","2.084","36.873","637"
"2021-08-29","A.S. FERROL","563","9.954","227"
"2021-08-29","A.S. LUGO, A MARIÑA E MONFORTE","1.396","16.238","234"
"2021-08-29","A.S. OURENSE, VERÍN E O BARCO","649","18.480","437"
"2021-08-29","A.S. PONTEVEDRA E O SALNÉS","558","18.999","201"
"2021-08-29","A.S. SANTIAGO E BARBANZA","1.252","23.118","371"
"2021-08-29","A.S. VIGO","1.421","32.691","463"
"2021-08-29","SEN A.S. ASIGNADA","0","0","0"
"2021-08-29","GALICIA","7.923","156.353","2.570"
"2021-08-30","A.S. A CORUÑA E CEE","1.993","37.024","637"
"2021-08-30","A.S. FERROL","543","9.993","227"
"2021-08-30","A.S. LUGO, A MARIÑA E MONFORTE","1.393","16.307","234"
"2021-08-30","A.S. OURENSE, VERÍN E O BARCO","641","18.522","437"
"2021-08-30","A.S. PONTEVEDRA E O SALNÉS","526","19.042","201"
"2021-08-30","A.S. SANTIAGO E BARBANZA","1.290","23.149","371"
"2021-08-30","A.S. VIGO","1.341","32.809","463"
"2021-08-30","SEN A.S. ASIGNADA","0","0","0"
"2021-08-30","GALICIA","7.727","156.846","2.570"
"2021-08-31","A.S. A CORUÑA E CEE","1.892","37.193","637"
"2021-08-31","A.S. FERROL","507","10.038","228"
"2021-08-31","A.S. LUGO, A MARIÑA E MONFORTE","1.358","16.407","236"
"2021-08-31","A.S. OURENSE, VERÍN E O BARCO","664","18.551","438"
"2021-08-31","A.S. PONTEVEDRA E O SALNÉS","505","19.080","201"
"2021-08-31","A.S. SANTIAGO E BARBANZA","1.278","23.212","371"
"2021-08-31","A.S. VIGO","1.300","32.897","464"
"2021-08-31","SEN A.S. ASIGNADA","0","0","0"
"2021-08-31","GALICIA","7.504","157.378","2.575"
"2021-09-01","A.S. A CORUÑA E CEE","1.793","37.371","638"
"2021-09-01","A.S. FERROL","488","10.073","228"
"2021-09-01","A.S. LUGO, A MARIÑA E MONFORTE","1.340","16.462","236"
"2021-09-01","A.S. OURENSE, VERÍN E O BARCO","635","18.605","438"
"2021-09-01","A.S. PONTEVEDRA E O SALNÉS","473","19.131","201"
"2021-09-01","A.S. SANTIAGO E BARBANZA","1.279","23.283","371"
"2021-09-01","A.S. VIGO","1.195","33.038","466"
"2021-09-01","SEN A.S. ASIGNADA","0","0","0"
"2021-09-01","GALICIA","7.203","157.963","2.578"
"2021-09-02","A.S. A CORUÑA E CEE","1.675","37.545","638"
"2021-09-02","A.S. FERROL","434","10.140","228"
"2021-09-02","A.S. LUGO, A MARIÑA E MONFORTE","1.365","16.507","237"
"2021-09-02","A.S. OURENSE, VERÍN E O BARCO","622","18.641","438"
"2021-09-02","A.S. PONTEVEDRA E O SALNÉS","453","19.171","201"
"2021-09-02","A.S. SANTIAGO E BARBANZA","1.244","23.357","372"
"2021-09-02","A.S. VIGO","1.104","33.183","467"
"2021-09-02","SEN A.S. ASIGNADA","0","0","0"
"2021-09-02","GALICIA","6.897","158.544","2.581"
"2021-09-03","A.S. A CORUÑA E CEE","1.545","37.723","641"
"2021-09-03","A.S. FERROL","383","10.205","228"
"2021-09-03","A.S. LUGO, A MARIÑA E MONFORTE","1.272","16.645","237"
"2021-09-03","A.S. OURENSE, VERÍN E O BARCO","598","18.705","438"
"2021-09-03","A.S. PONTEVEDRA E O SALNÉS","402","19.234","201"
"2021-09-03","A.S. SANTIAGO E BARBANZA","1.182","23.461","372"
"2021-09-03","A.S. VIGO","945","33.378","468"
"2021-09-03","SEN A.S. ASIGNADA","0","0","0"
"2021-09-03","GALICIA","6.327","159.351","2.585"
"2021-09-04","A.S. A CORUÑA E CEE","1.445","37.865","641"
"2021-09-04","A.S. FERROL","343","10.248","229"
"2021-09-04","A.S. LUGO, A MARIÑA E MONFORTE","1.186","16.755","237"
"2021-09-04","A.S. OURENSE, VERÍN E O BARCO","549","18.772","438"
"2021-09-04","A.S. PONTEVEDRA E O SALNÉS","354","19.297","202"
"2021-09-04","A.S. SANTIAGO E BARBANZA","1.097","23.594","372"
"2021-09-04","A.S. VIGO","865","33.482","469"
"2021-09-04","SEN A.S. ASIGNADA","0","0","0"
"2021-09-04","GALICIA","5.839","160.013","2.588"
"2021-09-05","A.S. A CORUÑA E CEE","1.365","37.972","644"
"2021-09-05","A.S. FERROL","312","10.285","229"
"2021-09-05","A.S. LUGO, A MARIÑA E MONFORTE","1.161","16.841","237"
"2021-09-05","A.S. OURENSE, VERÍN E O BARCO","543","18.798","439"
"2021-09-05","A.S. PONTEVEDRA E O SALNÉS","339","19.324","202"
"2021-09-05","A.S. SANTIAGO E BARBANZA","1.024","23.700","372"
"2021-09-05","A.S. VIGO","814","33.542","469"
"2021-09-05","SEN A.S. ASIGNADA","0","0","0"
"2021-09-05","GALICIA","5.558","160.462","2.592"
"2021-09-06","A.S. A CORUÑA E CEE","1.324","38.060","645"
"2021-09-06","A.S. FERROL","283","10.320","229"
"2021-09-06","A.S. LUGO, A MARIÑA E MONFORTE","1.087","16.941","238"
"2021-09-06","A.S. OURENSE, VERÍN E O BARCO","516","18.843","439"
"2021-09-06","A.S. PONTEVEDRA E O SALNÉS","318","19.361","202"
"2021-09-06","A.S. SANTIAGO E BARBANZA","985","23.760","372"
"2021-09-06","A.S. VIGO","783","33.601","469"
"2021-09-06","SEN A.S. ASIGNADA","0","0","0"
"2021-09-06","GALICIA","5.296","160.886","2.594"
"2021-09-07","A.S. A CORUÑA E CEE","1.226","38.183","646"
"2021-09-07","A.S. FERROL","255","10.354","229"
"2021-09-07","A.S. LUGO, A MARIÑA E MONFORTE","995","17.057","239"
"2021-09-07","A.S. OURENSE, VERÍN E O BARCO","507","18.875","439"
"2021-09-07","A.S. PONTEVEDRA E O SALNÉS","309","19.386","202"
"2021-09-07","A.S. SANTIAGO E BARBANZA","913","23.858","373"
"2021-09-07","A.S. VIGO","747","33.676","469"
"2021-09-07","SEN A.S. ASIGNADA","0","0","0"
"2021-09-07","GALICIA","4.952","161.389","2.597"
"2021-09-08","A.S. A CORUÑA E CEE","1.161","38.307","649"
"2021-09-08","A.S. FERROL","221","10.389","229"
"2021-09-08","A.S. LUGO, A MARIÑA E MONFORTE","914","17.166","240"
"2021-09-08","A.S. OURENSE, VERÍN E O BARCO","482","18.914","439"
"2021-09-08","A.S. PONTEVEDRA E O SALNÉS","290","19.413","202"
"2021-09-08","A.S. SANTIAGO E BARBANZA","855","23.945","373"
"2021-09-08","A.S. VIGO","674","33.777","469"
"2021-09-08","SEN A.S. ASIGNADA","0","0","0"
"2021-09-08","GALICIA","4.597","161.911","2.601"
"2021-09-09","A.S. A CORUÑA E CEE","1.088","38.427","649"
"2021-09-09","A.S. FERROL","201","10.415","229"
"2021-09-09","A.S. LUGO, A MARIÑA E MONFORTE","861","17.255","241"
"2021-09-09","A.S. OURENSE, VERÍN E O BARCO","454","18.966","439"
"2021-09-09","A.S. PONTEVEDRA E O SALNÉS","252","19.457","202"
"2021-09-09","A.S. SANTIAGO E BARBANZA","760","24.064","374"
"2021-09-09","A.S. VIGO","614","33.852","469"
"2021-09-09","SEN A.S. ASIGNADA","0","0","0"
"2021-09-09","GALICIA","4.230","162.436","2.603"
"2021-09-10","A.S. A CORUÑA E CEE","1.016","38.528","650"
"2021-09-10","A.S. FERROL","185","10.434","229"
"2021-09-10","A.S. LUGO, A MARIÑA E MONFORTE","772","17.372","242"
"2021-09-10","A.S. OURENSE, VERÍN E O BARCO","413","19.014","440"
"2021-09-10","A.S. PONTEVEDRA E O SALNÉS","237","19.487","202"
"2021-09-10","A.S. SANTIAGO E BARBANZA","674","24.180","375"
"2021-09-10","A.S. VIGO","590","33.909","470"
"2021-09-10","SEN A.S. ASIGNADA","0","0","0"
"2021-09-10","GALICIA","3.887","162.924","2.608"
"2021-09-11","A.S. A CORUÑA E CEE","951","38.629","651"
"2021-09-11","A.S. FERROL","167","10.453","229"
"2021-09-11","A.S. LUGO, A MARIÑA E MONFORTE","696","17.465","243"
"2021-09-11","A.S. OURENSE, VERÍN E O BARCO","367","19.067","440"
"2021-09-11","A.S. PONTEVEDRA E O SALNÉS","234","19.506","202"
"2021-09-11","A.S. SANTIAGO E BARBANZA","624","24.253","375"
"2021-09-11","A.S. VIGO","561","33.959","470"
"2021-09-11","SEN A.S. ASIGNADA","0","0","0"
"2021-09-11","GALICIA","3.600","163.332","2.610"
"2021-09-12","A.S. A CORUÑA E CEE","893","38.712","651"
"2021-09-12","A.S. FERROL","158","10.463","229"
"2021-09-12","A.S. LUGO, A MARIÑA E MONFORTE","632","17.545","243"
"2021-09-12","A.S. OURENSE, VERÍN E O BARCO","349","19.097","440"
"2021-09-12","A.S. PONTEVEDRA E O SALNÉS","214","19.532","202"
"2021-09-12","A.S. SANTIAGO E BARBANZA","584","24.307","375"
"2021-09-12","A.S. VIGO","500","34.034","470"
"2021-09-12","SEN A.S. ASIGNADA","0","0","0"
"2021-09-12","GALICIA","3.330","163.690","2.610"
"2021-09-13","A.S. A CORUÑA E CEE","826","38.799","651"
"2021-09-13","A.S. FERROL","141","10.485","229"
"2021-09-13","A.S. LUGO, A MARIÑA E MONFORTE","602","17.592","243"
"2021-09-13","A.S. OURENSE, VERÍN E O BARCO","336","19.121","440"
"2021-09-13","A.S. PONTEVEDRA E O SALNÉS","203","19.547","202"
"2021-09-13","A.S. SANTIAGO E BARBANZA","546","24.356","375"
"2021-09-13","A.S. VIGO","469","34.082","471"
"2021-09-13","SEN A.S. ASIGNADA","0","0","0"
"2021-09-13","GALICIA","3.123","163.982","2.611"
"2021-09-14","A.S. A CORUÑA E CEE","770","38.878","652"
"2021-09-14","A.S. FERROL","119","10.508","229"
"2021-09-14","A.S. LUGO, A MARIÑA E MONFORTE","549","17.661","245"
"2021-09-14","A.S. OURENSE, VERÍN E O BARCO","311","19.158","440"
"2021-09-14","A.S. PONTEVEDRA E O SALNÉS","195","19.560","202"
"2021-09-14","A.S. SANTIAGO E BARBANZA","490","24.424","375"
"2021-09-14","A.S. VIGO","457","34.120","471"
"2021-09-14","SEN A.S. ASIGNADA","0","0","0"
"2021-09-14","GALICIA","2.891","164.309","2.614"
"2021-09-15","A.S. A CORUÑA E CEE","706","38.961","652"
"2021-09-15","A.S. FERROL","105","10.523","229"
"2021-09-15","A.S. LUGO, A MARIÑA E MONFORTE","507","17.732","246"
"2021-09-15","A.S. OURENSE, VERÍN E O BARCO","289","19.200","440"
"2021-09-15","A.S. PONTEVEDRA E O SALNÉS","182","19.582","202"
"2021-09-15","A.S. SANTIAGO E BARBANZA","450","24.476","376"
"2021-09-15","A.S. VIGO","421","34.178","471"
"2021-09-15","SEN A.S. ASIGNADA","0","0","0"
"2021-09-15","GALICIA","2.660","164.652","2.616"
"2021-09-16","A.S. A CORUÑA E CEE","644","39.047","652"
"2021-09-16","A.S. FERROL","89","10.539","229"
"2021-09-16","A.S. LUGO, A MARIÑA E MONFORTE","504","17.769","246"
"2021-09-16","A.S. OURENSE, VERÍN E O BARCO","268","19.228","440"
"2021-09-16","A.S. PONTEVEDRA E O SALNÉS","169","19.599","202"
"2021-09-16","A.S. SANTIAGO E BARBANZA","393","24.540","376"
"2021-09-16","A.S. VIGO","417","34.215","471"
"2021-09-16","SEN A.S. ASIGNADA","0","0","0"
"2021-09-16","GALICIA","2.484","164.937","2.616"
"2021-09-17","A.S. A CORUÑA E CEE","584","39.114","655"
"2021-09-17","A.S. FERROL","76","10.553","229"
"2021-09-17","A.S. LUGO, A MARIÑA E MONFORTE","448","17.838","246"
"2021-09-17","A.S. OURENSE, VERÍN E O BARCO","269","19.250","440"
"2021-09-17","A.S. PONTEVEDRA E O SALNÉS","151","19.619","203"
"2021-09-17","A.S. SANTIAGO E BARBANZA","363","24.579","376"
"2021-09-17","A.S. VIGO","386","34.267","471"
"2021-09-17","SEN A.S. ASIGNADA","0","0","0"
"2021-09-17","GALICIA","2.277","165.220","2.620"
"2021-09-18","A.S. A CORUÑA E CEE","542","39.179","655"
"2021-09-18","A.S. FERROL","63","10.570","230"
"2021-09-18","A.S. LUGO, A MARIÑA E MONFORTE","424","17.884","246"
"2021-09-18","A.S. OURENSE, VERÍN E O BARCO","238","19.290","440"
"2021-09-18","A.S. PONTEVEDRA E O SALNÉS","143","19.630","203"
"2021-09-18","A.S. SANTIAGO E BARBANZA","336","24.616","376"
"2021-09-18","A.S. VIGO","374","34.297","471"
"2021-09-18","SEN A.S. ASIGNADA","0","0","0"
"2021-09-18","GALICIA","2.120","165.466","2.621"
"2021-09-19","A.S. A CORUÑA E CEE","499","39.226","655"
"2021-09-19","A.S. FERROL","59","10.574","230"
"2021-09-19","A.S. LUGO, A MARIÑA E MONFORTE","400","17.911","246"
"2021-09-19","A.S. OURENSE, VERÍN E O BARCO","235","19.305","441"
"2021-09-19","A.S. PONTEVEDRA E O SALNÉS","137","19.640","203"
"2021-09-19","A.S. SANTIAGO E BARBANZA","295","24.665","376"
"2021-09-19","A.S. VIGO","365","34.318","471"
"2021-09-19","SEN A.S. ASIGNADA","0","0","0"
"2021-09-19","GALICIA","1.990","165.639","2.622"
"2021-09-20","A.S. A CORUÑA E CEE","470","39.260","655"
"2021-09-20","A.S. FERROL","57","10.583","230"
"2021-09-20","A.S. LUGO, A MARIÑA E MONFORTE","346","17.973","247"
"2021-09-20","A.S. OURENSE, VERÍN E O BARCO","216","19.331","442"
"2021-09-20","A.S. PONTEVEDRA E O SALNÉS","135","19.651","203"
"2021-09-20","A.S. SANTIAGO E BARBANZA","265","24.699","376"
"2021-09-20","A.S. VIGO","361","34.331","472"
"2021-09-20","SEN A.S. ASIGNADA","0","0","0"
"2021-09-20","GALICIA","1.850","165.828","2.625"
"2021-09-21","A.S. A CORUÑA E CEE","438","39.308","655"
"2021-09-21","A.S. FERROL","51","10.592","230"
"2021-09-21","A.S. LUGO, A MARIÑA E MONFORTE","330","18.005","247"
"2021-09-21","A.S. OURENSE, VERÍN E O BARCO","217","19.345","442"
"2021-09-21","A.S. PONTEVEDRA E O SALNÉS","124","19.669","203"
"2021-09-21","A.S. SANTIAGO E BARBANZA","258","24.721","376"
"2021-09-21","A.S. VIGO","339","34.370","472"
"2021-09-21","SEN A.S. ASIGNADA","0","0","0"
"2021-09-21","GALICIA","1.757","166.010","2.625"
"2021-09-22","A.S. A CORUÑA E CEE","402","39.353","655"
"2021-09-22","A.S. FERROL","48","10.599","230"
"2021-09-22","A.S. LUGO, A MARIÑA E MONFORTE","315","18.028","247"
"2021-09-22","A.S. OURENSE, VERÍN E O BARCO","201","19.369","442"
"2021-09-22","A.S. PONTEVEDRA E O SALNÉS","112","19.687","204"
"2021-09-22","A.S. SANTIAGO E BARBANZA","234","24.750","377"
"2021-09-22","A.S. VIGO","307","34.410","473"
"2021-09-22","SEN A.S. ASIGNADA","0","0","0"
"2021-09-22","GALICIA","1.619","166.196","2.628"
"2021-09-23","A.S. A CORUÑA E CEE","358","39.408","655"
"2021-09-23","A.S. FERROL","45","10.602","230"
"2021-09-23","A.S. LUGO, A MARIÑA E MONFORTE","291","18.059","248"
"2021-09-23","A.S. OURENSE, VERÍN E O BARCO","209","19.384","442"
"2021-09-23","A.S. PONTEVEDRA E O SALNÉS","106","19.698","204"
"2021-09-23","A.S. SANTIAGO E BARBANZA","217","24.775","377"
"2021-09-23","A.S. VIGO","287","34.438","473"
"2021-09-23","SEN A.S. ASIGNADA","0","0","0"
"2021-09-23","GALICIA","1.513","166.364","2.629"
"2021-09-24","A.S. A CORUÑA E CEE","316","39.461","655"
"2021-09-24","A.S. FERROL","39","10.609","230"
"2021-09-24","A.S. LUGO, A MARIÑA E MONFORTE","262","18.094","249"
"2021-09-24","A.S. OURENSE, VERÍN E O BARCO","193","19.408","442"
"2021-09-24","A.S. PONTEVEDRA E O SALNÉS","100","19.706","204"
"2021-09-24","A.S. SANTIAGO E BARBANZA","203","24.796","377"
"2021-09-24","A.S. VIGO","278","34.456","473"
"2021-09-24","SEN A.S. ASIGNADA","0","0","0"
"2021-09-24","GALICIA","1.391","166.530","2.630"
"2021-09-25","A.S. A CORUÑA E CEE","293","39.490","655"
"2021-09-25","A.S. FERROL","30","10.618","230"
"2021-09-25","A.S. LUGO, A MARIÑA E MONFORTE","238","18.126","249"
"2021-09-25","A.S. OURENSE, VERÍN E O BARCO","194","19.415","442"
"2021-09-25","A.S. PONTEVEDRA E O SALNÉS","90","19.720","204"
"2021-09-25","A.S. SANTIAGO E BARBANZA","170","24.831","378"
"2021-09-25","A.S. VIGO","253","34.489","473"
"2021-09-25","SEN A.S. ASIGNADA","0","0","0"
"2021-09-25","GALICIA","1.268","166.689","2.631"
"2021-09-26","A.S. A CORUÑA E CEE","257","39.532","656"
"2021-09-26","A.S. FERROL","29","10.619","230"
"2021-09-26","A.S. LUGO, A MARIÑA E MONFORTE","221","18.146","250"
"2021-09-26","A.S. OURENSE, VERÍN E O BARCO","191","19.423","442"
"2021-09-26","A.S. PONTEVEDRA E O SALNÉS","82","19.733","204"
"2021-09-26","A.S. SANTIAGO E BARBANZA","148","24.854","378"
"2021-09-26","A.S. VIGO","236","34.510","473"
"2021-09-26","SEN A.S. ASIGNADA","0","0","0"
"2021-09-26","GALICIA","1.164","166.817","2.633"
"2021-09-27","A.S. A CORUÑA E CEE","245","39.548","656"
"2021-09-27","A.S. FERROL","29","10.620","230"
"2021-09-27","A.S. LUGO, A MARIÑA E MONFORTE","211","18.159","251"
"2021-09-27","A.S. OURENSE, VERÍN E O BARCO","186","19.437","443"
"2021-09-27","A.S. PONTEVEDRA E O SALNÉS","84","19.738","204"
"2021-09-27","A.S. SANTIAGO E BARBANZA","139","24.871","378"
"2021-09-27","A.S. VIGO","234","34.522","473"
"2021-09-27","SEN A.S. ASIGNADA","0","0","0"
"2021-09-27","GALICIA","1.128","166.895","2.635"
"2021-09-28","A.S. A CORUÑA E CEE","230","39.570","656"
"2021-09-28","A.S. FERROL","27","10.624","230"
"2021-09-28","A.S. LUGO, A MARIÑA E MONFORTE","198","18.176","251"
"2021-09-28","A.S. OURENSE, VERÍN E O BARCO","169","19.456","443"
"2021-09-28","A.S. PONTEVEDRA E O SALNÉS","75","19.748","205"
"2021-09-28","A.S. SANTIAGO E BARBANZA","130","24.882","378"
"2021-09-28","A.S. VIGO","227","34.544","474"
"2021-09-28","SEN A.S. ASIGNADA","0","0","0"
"2021-09-28","GALICIA","1.056","167.000","2.637"
"2021-09-29","A.S. A CORUÑA E CEE","208","39.597","656"
"2021-09-29","A.S. FERROL","25","10.626","230"
"2021-09-29","A.S. LUGO, A MARIÑA E MONFORTE","185","18.195","252"
"2021-09-29","A.S. OURENSE, VERÍN E O BARCO","155","19.473","443"
"2021-09-29","A.S. PONTEVEDRA E O SALNÉS","70","19.754","205"
"2021-09-29","A.S. SANTIAGO E BARBANZA","119","24.894","378"
"2021-09-29","A.S. VIGO","204","34.571","474"
"2021-09-29","SEN A.S. ASIGNADA","0","0","0"
"2021-09-29","GALICIA","966","167.110","2.638"
"2021-09-30","A.S. A CORUÑA E CEE","201","39.625","656"
"2021-09-30","A.S. FERROL","23","10.628","230"
"2021-09-30","A.S. LUGO, A MARIÑA E MONFORTE","171","18.221","252"
"2021-09-30","A.S. OURENSE, VERÍN E O BARCO","146","19.489","443"
"2021-09-30","A.S. PONTEVEDRA E O SALNÉS","65","19.763","205"
"2021-09-30","A.S. SANTIAGO E BARBANZA","111","24.908","379"
"2021-09-30","A.S. VIGO","192","34.593","474"
"2021-09-30","SEN A.S. ASIGNADA","0","0","0"
"2021-09-30","GALICIA","909","167.227","2.639"
"2021-10-01","A.S. A CORUÑA E CEE","192","39.646","656"
"2021-10-01","A.S. FERROL","24","10.628","230"
"2021-10-01","A.S. LUGO, A MARIÑA E MONFORTE","140","18.255","252"
"2021-10-01","A.S. OURENSE, VERÍN E O BARCO","138","19.502","443"
"2021-10-01","A.S. PONTEVEDRA E O SALNÉS","61","19.768","205"
"2021-10-01","A.S. SANTIAGO E BARBANZA","103","24.917","379"
"2021-10-01","A.S. VIGO","165","34.626","474"
"2021-10-01","SEN A.S. ASIGNADA","0","0","0"
"2021-10-01","GALICIA","823","167.342","2.639"
"2021-10-02","A.S. A CORUÑA E CEE","183","39.664","657"
"2021-10-02","A.S. FERROL","25","10.628","230"
"2021-10-02","A.S. LUGO, A MARIÑA E MONFORTE","132","18.270","252"
"2021-10-02","A.S. OURENSE, VERÍN E O BARCO","123","19.525","443"
"2021-10-02","A.S. PONTEVEDRA E O SALNÉS","61","19.771","205"
"2021-10-02","A.S. SANTIAGO E BARBANZA","90","24.931","379"
"2021-10-02","A.S. VIGO","146","34.649","474"
"2021-10-02","SEN A.S. ASIGNADA","0","0","0"
"2021-10-02","GALICIA","760","167.438","2.640"
"2021-10-03","A.S. A CORUÑA E CEE","173","39.682","657"
"2021-10-03","A.S. FERROL","21","10.632","230"
"2021-10-03","A.S. LUGO, A MARIÑA E MONFORTE","115","18.290","252"
"2021-10-03","A.S. OURENSE, VERÍN E O BARCO","120","19.532","443"
"2021-10-03","A.S. PONTEVEDRA E O SALNÉS","64","19.771","205"
"2021-10-03","A.S. SANTIAGO E BARBANZA","85","24.940","379"
"2021-10-03","A.S. VIGO","136","34.665","474"
"2021-10-03","SEN A.S. ASIGNADA","0","0","0"
"2021-10-03","GALICIA","714","167.512","2.640"
"2021-10-04","A.S. A CORUÑA E CEE","171","39.692","657"
"2021-10-04","A.S. FERROL","21","10.633","230"
"2021-10-04","A.S. LUGO, A MARIÑA E MONFORTE","114","18.295","252"
"2021-10-04","A.S. OURENSE, VERÍN E O BARCO","115","19.545","443"
"2021-10-04","A.S. PONTEVEDRA E O SALNÉS","60","19.776","205"
"2021-10-04","A.S. SANTIAGO E BARBANZA","80","24.947","379"
"2021-10-04","A.S. VIGO","128","34.674","474"
"2021-10-04","SEN A.S. ASIGNADA","0","0","0"
"2021-10-04","GALICIA","689","167.562","2.640"
"2021-10-05","A.S. A CORUÑA E CEE","172","39.702","657"
"2021-10-05","A.S. FERROL","15","10.640","230"
"2021-10-05","A.S. LUGO, A MARIÑA E MONFORTE","101","18.311","252"
"2021-10-05","A.S. OURENSE, VERÍN E O BARCO","116","19.551","443"
"2021-10-05","A.S. PONTEVEDRA E O SALNÉS","54","19.784","205"
"2021-10-05","A.S. SANTIAGO E BARBANZA","76","24.953","379"
"2021-10-05","A.S. VIGO","123","34.683","474"
"2021-10-05","SEN A.S. ASIGNADA","0","0","0"
"2021-10-05","GALICIA","657","167.624","2.640"
"2021-10-06","A.S. A CORUÑA E CEE","163","39.725","657"
"2021-10-06","A.S. FERROL","12","10.643","230"
"2021-10-06","A.S. LUGO, A MARIÑA E MONFORTE","93","18.328","252"
"2021-10-06","A.S. OURENSE, VERÍN E O BARCO","108","19.564","443"
"2021-10-06","A.S. PONTEVEDRA E O SALNÉS","49","19.793","205"
"2021-10-06","A.S. SANTIAGO E BARBANZA","65","24.964","380"
"2021-10-06","A.S. VIGO","114","34.698","474"
"2021-10-06","SEN A.S. ASIGNADA","0","0","0"
"2021-10-06","GALICIA","604","167.715","2.641"
"2021-10-07","A.S. A CORUÑA E CEE","158","39.739","657"
"2021-10-07","A.S. FERROL","9","10.647","230"
"2021-10-07","A.S. LUGO, A MARIÑA E MONFORTE","83","18.342","252"
"2021-10-07","A.S. OURENSE, VERÍN E O BARCO","107","19.570","443"
"2021-10-07","A.S. PONTEVEDRA E O SALNÉS","43","19.801","205"
"2021-10-07","A.S. SANTIAGO E BARBANZA","61","24.970","380"
"2021-10-07","A.S. VIGO","107","34.712","474"
"2021-10-07","SEN A.S. ASIGNADA","0","0","0"
"2021-10-07","GALICIA","568","167.781","2.641"
"2021-10-08","A.S. A CORUÑA E CEE","152","39.756","658"
"2021-10-08","A.S. FERROL","8","10.648","230"
"2021-10-08","A.S. LUGO, A MARIÑA E MONFORTE","80","18.349","252"
"2021-10-08","A.S. OURENSE, VERÍN E O BARCO","90","19.590","443"
"2021-10-08","A.S. PONTEVEDRA E O SALNÉS","41","19.805","205"
"2021-10-08","A.S. SANTIAGO E BARBANZA","62","24.975","380"
"2021-10-08","A.S. VIGO","105","34.720","474"
"2021-10-08","SEN A.S. ASIGNADA","0","0","0"
"2021-10-08","GALICIA","538","167.843","2.642"
"2021-10-09","A.S. A CORUÑA E CEE","154","39.763","658"
"2021-10-09","A.S. FERROL","6","10.651","230"
"2021-10-09","A.S. LUGO, A MARIÑA E MONFORTE","77","18.355","252"
"2021-10-09","A.S. OURENSE, VERÍN E O BARCO","82","19.599","443"
"2021-10-09","A.S. PONTEVEDRA E O SALNÉS","37","19.809","205"
"2021-10-09","A.S. SANTIAGO E BARBANZA","59","24.982","380"
"2021-10-09","A.S. VIGO","99","34.728","474"
"2021-10-09","SEN A.S. ASIGNADA","0","0","0"
"2021-10-09","GALICIA","514","167.887","2.642"
"2021-10-10","A.S. A CORUÑA E CEE","151","39.770","659"
"2021-10-10","A.S. FERROL","6","10.651","230"
"2021-10-10","A.S. LUGO, A MARIÑA E MONFORTE","69","18.364","252"
"2021-10-10","A.S. OURENSE, VERÍN E O BARCO","73","19.608","443"
"2021-10-10","A.S. PONTEVEDRA E O SALNÉS","31","19.816","205"
"2021-10-10","A.S. SANTIAGO E BARBANZA","57","24.985","380"
"2021-10-10","A.S. VIGO","93","34.736","474"
"2021-10-10","SEN A.S. ASIGNADA","0","0","0"
"2021-10-10","GALICIA","480","167.930","2.643"
"2021-10-11","A.S. A CORUÑA E CEE","146","39.782","660"
"2021-10-11","A.S. FERROL","7","10.651","230"
"2021-10-11","A.S. LUGO, A MARIÑA E MONFORTE","65","18.369","252"
"2021-10-11","A.S. OURENSE, VERÍN E O BARCO","73","19.612","443"
"2021-10-11","A.S. PONTEVEDRA E O SALNÉS","33","19.819","205"
"2021-10-11","A.S. SANTIAGO E BARBANZA","65","24.987","380"
"2021-10-11","A.S. VIGO","98","34.741","474"
"2021-10-11","SEN A.S. ASIGNADA","0","0","0"
"2021-10-11","GALICIA","487","167.961","2.644"
"2021-10-12","A.S. A CORUÑA E CEE","144","39.789","661"
"2021-10-12","A.S. FERROL","10","10.651","230"
"2021-10-12","A.S. LUGO, A MARIÑA E MONFORTE","64","18.372","252"
"2021-10-12","A.S. OURENSE, VERÍN E O BARCO","70","19.619","443"
"2021-10-12","A.S. PONTEVEDRA E O SALNÉS","30","19.825","205"
"2021-10-12","A.S. SANTIAGO E BARBANZA","63","24.994","380"
"2021-10-12","A.S. VIGO","93","34.750","474"
"2021-10-12","SEN A.S. ASIGNADA","0","0","0"
"2021-10-12","GALICIA","474","168.000","2.645"
"2021-10-13","A.S. A CORUÑA E CEE","141","39.798","661"
"2021-10-13","A.S. FERROL","9","10.653","230"
"2021-10-13","A.S. LUGO, A MARIÑA E MONFORTE","58","18.379","253"
"2021-10-13","A.S. OURENSE, VERÍN E O BARCO","73","19.621","443"
"2021-10-13","A.S. PONTEVEDRA E O SALNÉS","26","19.829","205"
"2021-10-13","A.S. SANTIAGO E BARBANZA","65","24.998","381"
"2021-10-13","A.S. VIGO","81","34.765","474"
"2021-10-13","SEN A.S. ASIGNADA","0","0","0"
"2021-10-13","GALICIA","453","168.043","2.647"
"2021-10-14","A.S. A CORUÑA E CEE","148","39.801","661"
"2021-10-14","A.S. FERROL","11","10.653","230"
"2021-10-14","A.S. LUGO, A MARIÑA E MONFORTE","50","18.388","253"
"2021-10-14","A.S. OURENSE, VERÍN E O BARCO","68","19.627","443"
"2021-10-14","A.S. PONTEVEDRA E O SALNÉS","27","19.831","205"
"2021-10-14","A.S. SANTIAGO E BARBANZA","69","25.000","381"
"2021-10-14","A.S. VIGO","84","34.773","474"
"2021-10-14","SEN A.S. ASIGNADA","0","0","0"
"2021-10-14","GALICIA","457","168.073","2.647"
"2021-10-15","A.S. A CORUÑA E CEE","135","39.817","661"
"2021-10-15","A.S. FERROL","14","10.653","230"
"2021-10-15","A.S. LUGO, A MARIÑA E MONFORTE","44","18.397","253"
"2021-10-15","A.S. OURENSE, VERÍN E O BARCO","63","19.633","443"
"2021-10-15","A.S. PONTEVEDRA E O SALNÉS","30","19.834","205"
"2021-10-15","A.S. SANTIAGO E BARBANZA","67","25.011","381"
"2021-10-15","A.S. VIGO","79","34.783","474"
"2021-10-15","SEN A.S. ASIGNADA","0","0","0"
"2021-10-15","GALICIA","432","168.128","2.647"
"2021-10-16","A.S. A CORUÑA E CEE","134","39.821","661"
"2021-10-16","A.S. FERROL","14","10.654","230"
"2021-10-16","A.S. LUGO, A MARIÑA E MONFORTE","43","18.401","253"
"2021-10-16","A.S. OURENSE, VERÍN E O BARCO","58","19.640","443"
"2021-10-16","A.S. PONTEVEDRA E O SALNÉS","31","19.837","205"
"2021-10-16","A.S. SANTIAGO E BARBANZA","68","25.015","381"
"2021-10-16","A.S. VIGO","75","34.788","475"
"2021-10-16","SEN A.S. ASIGNADA","0","0","0"
"2021-10-16","GALICIA","423","168.156","2.648"
"2021-10-17","A.S. A CORUÑA E CEE","130","39.827","661"
"2021-10-17","A.S. FERROL","15","10.654","230"
"2021-10-17","A.S. LUGO, A MARIÑA E MONFORTE","40","18.407","253"
"2021-10-17","A.S. OURENSE, VERÍN E O BARCO","49","19.649","443"
"2021-10-17","A.S. PONTEVEDRA E O SALNÉS","35","19.840","205"
"2021-10-17","A.S. SANTIAGO E BARBANZA","69","25.019","381"
"2021-10-17","A.S. VIGO","74","34.790","476"
"2021-10-17","SEN A.S. ASIGNADA","0","0","0"
"2021-10-17","GALICIA","412","168.186","2.649"
"2021-10-18","A.S. A CORUÑA E CEE","132","39.832","661"
"2021-10-18","A.S. FERROL","14","10.655","230"
"2021-10-18","A.S. LUGO, A MARIÑA E MONFORTE","38","18.414","253"
"2021-10-18","A.S. OURENSE, VERÍN E O BARCO","46","19.652","443"
"2021-10-18","A.S. PONTEVEDRA E O SALNÉS","42","19.843","205"
"2021-10-18","A.S. SANTIAGO E BARBANZA","68","25.023","381"
"2021-10-18","A.S. VIGO","76","34.794","476"
"2021-10-18","SEN A.S. ASIGNADA","0","0","0"
"2021-10-18","GALICIA","416","168.213","2.649"
"2021-10-19","A.S. A CORUÑA E CEE","130","39.841","661"
"2021-10-19","A.S. FERROL","15","10.655","230"
"2021-10-19","A.S. LUGO, A MARIÑA E MONFORTE","36","18.417","253"
"2021-10-19","A.S. OURENSE, VERÍN E O BARCO","41","19.660","443"
"2021-10-19","A.S. PONTEVEDRA E O SALNÉS","44","19.846","205"
"2021-10-19","A.S. SANTIAGO E BARBANZA","66","25.029","381"
"2021-10-19","A.S. VIGO","77","34.800","476"
"2021-10-19","SEN A.S. ASIGNADA","0","0","0"
"2021-10-19","GALICIA","409","168.248","2.649"
"2021-10-20","A.S. A CORUÑA E CEE","126","39.850","661"
"2021-10-20","A.S. FERROL","19","10.655","230"
"2021-10-20","A.S. LUGO, A MARIÑA E MONFORTE","37","18.419","253"
"2021-10-20","A.S. OURENSE, VERÍN E O BARCO","38","19.669","443"
"2021-10-20","A.S. PONTEVEDRA E O SALNÉS","49","19.849","205"
"2021-10-20","A.S. SANTIAGO E BARBANZA","65","25.033","381"
"2021-10-20","A.S. VIGO","74","34.806","476"
"2021-10-20","SEN A.S. ASIGNADA","0","0","0"
"2021-10-20","GALICIA","408","168.281","2.649"
"2021-10-21","A.S. A CORUÑA E CEE","123","39.858","661"
"2021-10-21","A.S. FERROL","21","10.655","230"
"2021-10-21","A.S. LUGO, A MARIÑA E MONFORTE","28","18.427","254"
"2021-10-21","A.S. OURENSE, VERÍN E O BARCO","40","19.675","443"
"2021-10-21","A.S. PONTEVEDRA E O SALNÉS","48","19.853","205"
"2021-10-21","A.S. SANTIAGO E BARBANZA","64","25.036","381"
"2021-10-21","A.S. VIGO","75","34.813","476"
"2021-10-21","SEN A.S. ASIGNADA","0","0","0"
"2021-10-21","GALICIA","399","168.317","2.650"
"2021-10-22","A.S. A CORUÑA E CEE","122","39.866","661"
"2021-10-22","A.S. FERROL","21","10.656","230"
"2021-10-22","A.S. LUGO, A MARIÑA E MONFORTE","26","18.430","254"
"2021-10-22","A.S. OURENSE, VERÍN E O BARCO","40","19.679","443"
"2021-10-22","A.S. PONTEVEDRA E O SALNÉS","52","19.855","205"
"2021-10-22","A.S. SANTIAGO E BARBANZA","70","25.039","381"
"2021-10-22","A.S. VIGO","69","34.824","477"
"2021-10-22","SEN A.S. ASIGNADA","0","0","0"
"2021-10-22","GALICIA","400","168.349","2.651"
"2021-10-23","A.S. A CORUÑA E CEE","127","39.871","661"
"2021-10-23","A.S. FERROL","24","10.656","230"
"2021-10-23","A.S. LUGO, A MARIÑA E MONFORTE","27","18.434","254"
"2021-10-23","A.S. OURENSE, VERÍN E O BARCO","38","19.681","443"
"2021-10-23","A.S. PONTEVEDRA E O SALNÉS","49","19.858","205"
"2021-10-23","A.S. SANTIAGO E BARBANZA","71","25.044","381"
"2021-10-23","A.S. VIGO","65","34.830","477"
"2021-10-23","SEN A.S. ASIGNADA","0","0","0"
"2021-10-23","GALICIA","401","168.374","2.651"
"2021-10-24","A.S. A CORUÑA E CEE","123","39.879","661"
"2021-10-24","A.S. FERROL","24","10.657","230"
"2021-10-24","A.S. LUGO, A MARIÑA E MONFORTE","31","18.436","254"
"2021-10-24","A.S. OURENSE, VERÍN E O BARCO","41","19.682","443"
"2021-10-24","A.S. PONTEVEDRA E O SALNÉS","51","19.859","205"
"2021-10-24","A.S. SANTIAGO E BARBANZA","68","25.049","381"
"2021-10-24","A.S. VIGO","70","34.831","477"
"2021-10-24","SEN A.S. ASIGNADA","0","0","0"
"2021-10-24","GALICIA","408","168.393","2.651"
"2021-10-25","A.S. A CORUÑA E CEE","130","39.882","661"
"2021-10-25","A.S. FERROL","31","10.657","230"
"2021-10-25","A.S. LUGO, A MARIÑA E MONFORTE","35","18.439","254"
"2021-10-25","A.S. OURENSE, VERÍN E O BARCO","54","19.683","444"
"2021-10-25","A.S. PONTEVEDRA E O SALNÉS","53","19.861","205"
"2021-10-25","A.S. SANTIAGO E BARBANZA","71","25.052","381"
"2021-10-25","A.S. VIGO","82","34.833","477"
"2021-10-25","SEN A.S. ASIGNADA","0","0","0"
"2021-10-25","GALICIA","456","168.407","2.652"
"2021-10-26","A.S. A CORUÑA E CEE","132","39.892","661"
"2021-10-26","A.S. FERROL","34","10.658","230"
"2021-10-26","A.S. LUGO, A MARIÑA E MONFORTE","35","18.446","254"
"2021-10-26","A.S. OURENSE, VERÍN E O BARCO","65","19.684","444"
"2021-10-26","A.S. PONTEVEDRA E O SALNÉS","61","19.863","205"
"2021-10-26","A.S. SANTIAGO E BARBANZA","61","25.064","381"
"2021-10-26","A.S. VIGO","75","34.845","477"
"2021-10-26","SEN A.S. ASIGNADA","0","0","0"
"2021-10-26","GALICIA","463","168.452","2.652"
"2021-10-27","A.S. A CORUÑA E CEE","137","39.900","661"
"2021-10-27","A.S. FERROL","32","10.661","230"
"2021-10-27","A.S. LUGO, A MARIÑA E MONFORTE","37","18.447","254"
"2021-10-27","A.S. OURENSE, VERÍN E O BARCO","70","19.688","445"
"2021-10-27","A.S. PONTEVEDRA E O SALNÉS","64","19.865","205"
"2021-10-27","A.S. SANTIAGO E BARBANZA","66","25.068","381"
"2021-10-27","A.S. VIGO","76","34.849","477"
"2021-10-27","SEN A.S. ASIGNADA","0","0","0"
"2021-10-27","GALICIA","482","168.478","2.653"
"2021-10-28","A.S. A CORUÑA E CEE","133","39.910","661"
"2021-10-28","A.S. FERROL","35","10.662","230"
"2021-10-28","A.S. LUGO, A MARIÑA E MONFORTE","37","18.451","254"
"2021-10-28","A.S. OURENSE, VERÍN E O BARCO","92","19.692","445"
"2021-10-28","A.S. PONTEVEDRA E O SALNÉS","65","19.867","205"
"2021-10-28","A.S. SANTIAGO E BARBANZA","59","25.076","381"
"2021-10-28","A.S. VIGO","81","34.852","477"
"2021-10-28","SEN A.S. ASIGNADA","0","0","0"
"2021-10-28","GALICIA","502","168.510","2.653"
"2021-10-29","A.S. A CORUÑA E CEE","141","39.916","661"
"2021-10-29","A.S. FERROL","36","10.664","230"
"2021-10-29","A.S. LUGO, A MARIÑA E MONFORTE","39","18.453","254"
"2021-10-29","A.S. OURENSE, VERÍN E O BARCO","97","19.693","445"
"2021-10-29","A.S. PONTEVEDRA E O SALNÉS","65","19.870","205"
"2021-10-29","A.S. SANTIAGO E BARBANZA","56","25.084","381"
"2021-10-29","A.S. VIGO","80","34.860","477"
"2021-10-29","SEN A.S. ASIGNADA","0","0","0"
"2021-10-29","GALICIA","514","168.540","2.653"
"2021-10-30","A.S. A CORUÑA E CEE","136","39.926","661"
"2021-10-30","A.S. FERROL","37","10.666","230"
"2021-10-30","A.S. LUGO, A MARIÑA E MONFORTE","37","18.456","254"
"2021-10-30","A.S. OURENSE, VERÍN E O BARCO","101","19.697","445"
"2021-10-30","A.S. PONTEVEDRA E O SALNÉS","61","19.874","205"
"2021-10-30","A.S. SANTIAGO E BARBANZA","51","25.092","381"
"2021-10-30","A.S. VIGO","78","34.866","477"
"2021-10-30","SEN A.S. ASIGNADA","0","0","0"
"2021-10-30","GALICIA","501","168.577","2.653"
"2021-10-31","A.S. A CORUÑA E CEE","136","39.934","661"
"2021-10-31","A.S. FERROL","40","10.667","230"
"2021-10-31","A.S. LUGO, A MARIÑA E MONFORTE","38","18.460","254"
"2021-10-31","A.S. OURENSE, VERÍN E O BARCO","112","19.698","445"
"2021-10-31","A.S. PONTEVEDRA E O SALNÉS","61","19.876","205"
"2021-10-31","A.S. SANTIAGO E BARBANZA","51","25.099","381"
"2021-10-31","A.S. VIGO","81","34.869","477"
"2021-10-31","SEN A.S. ASIGNADA","0","0","0"
"2021-10-31","GALICIA","519","168.603","2.653"
"2021-11-01","A.S. A CORUÑA E CEE","136","39.939","661"
"2021-11-01","A.S. FERROL","43","10.667","230"
"2021-11-01","A.S. LUGO, A MARIÑA E MONFORTE","45","18.460","254"
"2021-11-01","A.S. OURENSE, VERÍN E O BARCO","122","19.699","445"
"2021-11-01","A.S. PONTEVEDRA E O SALNÉS","64","19.877","205"
"2021-11-01","A.S. SANTIAGO E BARBANZA","51","25.103","381"
"2021-11-01","A.S. VIGO","80","34.870","478"
"2021-11-01","SEN A.S. ASIGNADA","0","0","0"
"2021-11-01","GALICIA","541","168.615","2.654"
"2021-11-02","A.S. A CORUÑA E CEE","136","39.954","661"
"2021-11-02","A.S. FERROL","44","10.667","230"
"2021-11-02","A.S. LUGO, A MARIÑA E MONFORTE","43","18.464","254"
"2021-11-02","A.S. OURENSE, VERÍN E O BARCO","131","19.701","445"
"2021-11-02","A.S. PONTEVEDRA E O SALNÉS","56","19.888","205"
"2021-11-02","A.S. SANTIAGO E BARBANZA","51","25.106","381"
"2021-11-02","A.S. VIGO","82","34.873","478"
"2021-11-02","SEN A.S. ASIGNADA","0","0","0"
"2021-11-02","GALICIA","543","168.653","2.654"
"2021-11-03","A.S. A CORUÑA E CEE","152","39.965","661"
"2021-11-03","A.S. FERROL","53","10.668","230"
"2021-11-03","A.S. LUGO, A MARIÑA E MONFORTE","50","18.464","254"
"2021-11-03","A.S. OURENSE, VERÍN E O BARCO","142","19.703","445"
"2021-11-03","A.S. PONTEVEDRA E O SALNÉS","57","19.892","205"
"2021-11-03","A.S. SANTIAGO E BARBANZA","58","25.108","381"
"2021-11-03","A.S. VIGO","89","34.877","478"
"2021-11-03","SEN A.S. ASIGNADA","0","0","0"
"2021-11-03","GALICIA","601","168.677","2.654"
"2021-11-04","A.S. A CORUÑA E CEE","166","39.973","661"
"2021-11-04","A.S. FERROL","59","10.672","230"
"2021-11-04","A.S. LUGO, A MARIÑA E MONFORTE","49","18.467","254"
"2021-11-04","A.S. OURENSE, VERÍN E O BARCO","164","19.704","445"
"2021-11-04","A.S. PONTEVEDRA E O SALNÉS","61","19.899","205"
"2021-11-04","A.S. SANTIAGO E BARBANZA","65","25.112","381"
"2021-11-04","A.S. VIGO","95","34.882","478"
"2021-11-04","SEN A.S. ASIGNADA","0","0","0"
"2021-11-04","GALICIA","659","168.709","2.654"
"2021-11-05","A.S. A CORUÑA E CEE","185","39.980","661"
"2021-11-05","A.S. FERROL","61","10.674","230"
"2021-11-05","A.S. LUGO, A MARIÑA E MONFORTE","52","18.468","254"
"2021-11-05","A.S. OURENSE, VERÍN E O BARCO","171","19.715","445"
"2021-11-05","A.S. PONTEVEDRA E O SALNÉS","64","19.903","205"
"2021-11-05","A.S. SANTIAGO E BARBANZA","72","25.113","381"
"2021-11-05","A.S. VIGO","91","34.891","478"
"2021-11-05","SEN A.S. ASIGNADA","0","0","0"
"2021-11-05","GALICIA","696","168.744","2.654"
"2021-11-06","A.S. A CORUÑA E CEE","196","39.991","661"
"2021-11-06","A.S. FERROL","70","10.675","230"
"2021-11-06","A.S. LUGO, A MARIÑA E MONFORTE","55","18.469","254"
"2021-11-06","A.S. OURENSE, VERÍN E O BARCO","178","19.718","446"
"2021-11-06","A.S. PONTEVEDRA E O SALNÉS","65","19.909","205"
"2021-11-06","A.S. SANTIAGO E BARBANZA","68","25.124","381"
"2021-11-06","A.S. VIGO","97","34.897","478"
"2021-11-06","SEN A.S. ASIGNADA","0","0","0"
"2021-11-06","GALICIA","729","168.783","2.655"
"2021-11-07","A.S. A CORUÑA E CEE","203","40.000","661"
"2021-11-07","A.S. FERROL","76","10.678","230"
"2021-11-07","A.S. LUGO, A MARIÑA E MONFORTE","59","18.471","254"
"2021-11-07","A.S. OURENSE, VERÍN E O BARCO","188","19.720","446"
"2021-11-07","A.S. PONTEVEDRA E O SALNÉS","69","19.912","205"
"2021-11-07","A.S. SANTIAGO E BARBANZA","68","25.130","381"
"2021-11-07","A.S. VIGO","108","34.899","478"
"2021-11-07","SEN A.S. ASIGNADA","0","0","0"
"2021-11-07","GALICIA","771","168.810","2.655"
"2021-11-08","A.S. A CORUÑA E CEE","214","40.008","662"
"2021-11-08","A.S. FERROL","80","10.679","230"
"2021-11-08","A.S. LUGO, A MARIÑA E MONFORTE","66","18.475","254"
"2021-11-08","A.S. OURENSE, VERÍN E O BARCO","194","19.725","446"
"2021-11-08","A.S. PONTEVEDRA E O SALNÉS","71","19.915","205"
"2021-11-08","A.S. SANTIAGO E BARBANZA","75","25.132","381"
"2021-11-08","A.S. VIGO","117","34.902","478"
"2021-11-08","SEN A.S. ASIGNADA","0","0","0"
"2021-11-08","GALICIA","817","168.836","2.656"
"2021-11-09","A.S. A CORUÑA E CEE","234","40.015","662"
"2021-11-09","A.S. FERROL","77","10.685","230"
"2021-11-09","A.S. LUGO, A MARIÑA E MONFORTE","65","18.480","254"
"2021-11-09","A.S. OURENSE, VERÍN E O BARCO","216","19.738","446"
"2021-11-09","A.S. PONTEVEDRA E O SALNÉS","80","19.918","205"
"2021-11-09","A.S. SANTIAGO E BARBANZA","75","25.139","381"
"2021-11-09","A.S. VIGO","121","34.915","478"
"2021-11-09","SEN A.S. ASIGNADA","0","0","0"
"2021-11-09","GALICIA","868","168.890","2.656"
"2021-11-10","A.S. A CORUÑA E CEE","246","40.020","662"
"2021-11-10","A.S. FERROL","79","10.690","230"
"2021-11-10","A.S. LUGO, A MARIÑA E MONFORTE","76","18.485","254"
"2021-11-10","A.S. OURENSE, VERÍN E O BARCO","240","19.751","446"
"2021-11-10","A.S. PONTEVEDRA E O SALNÉS","76","19.928","205"
"2021-11-10","A.S. SANTIAGO E BARBANZA","84","25.140","381"
"2021-11-10","A.S. VIGO","129","34.923","478"
"2021-11-10","SEN A.S. ASIGNADA","0","0","0"
"2021-11-10","GALICIA","930","168.937","2.656"
"2021-11-11","A.S. A CORUÑA E CEE","262","40.031","662"
"2021-11-11","A.S. FERROL","80","10.691","230"
"2021-11-11","A.S. LUGO, A MARIÑA E MONFORTE","93","18.487","254"
"2021-11-11","A.S. OURENSE, VERÍN E O BARCO","266","19.760","446"
"2021-11-11","A.S. PONTEVEDRA E O SALNÉS","81","19.933","205"
"2021-11-11","A.S. SANTIAGO E BARBANZA","87","25.146","381"
"2021-11-11","A.S. VIGO","151","34.926","478"
"2021-11-11","SEN A.S. ASIGNADA","0","0","0"
"2021-11-11","GALICIA","1.020","168.974","2.656"
"2021-11-12","A.S. A CORUÑA E CEE","278","40.036","663"
"2021-11-12","A.S. FERROL","89","10.693","231"
"2021-11-12","A.S. LUGO, A MARIÑA E MONFORTE","113","18.489","254"
"2021-11-12","A.S. OURENSE, VERÍN E O BARCO","275","19.787","446"
"2021-11-12","A.S. PONTEVEDRA E O SALNÉS","86","19.939","205"
"2021-11-12","A.S. SANTIAGO E BARBANZA","99","25.149","381"
"2021-11-12","A.S. VIGO","170","34.933","478"
"2021-11-12","SEN A.S. ASIGNADA","0","0","0"
"2021-11-12","GALICIA","1.110","169.026","2.658"
"2021-11-13","A.S. A CORUÑA E CEE","294","40.047","663"
"2021-11-13","A.S. FERROL","94","10.696","231"
"2021-11-13","A.S. LUGO, A MARIÑA E MONFORTE","122","18.492","254"
"2021-11-13","A.S. OURENSE, VERÍN E O BARCO","288","19.798","446"
"2021-11-13","A.S. PONTEVEDRA E O SALNÉS","100","19.942","205"
"2021-11-13","A.S. SANTIAGO E BARBANZA","106","25.150","381"
"2021-11-13","A.S. VIGO","219","34.939","478"
"2021-11-13","SEN A.S. ASIGNADA","0","0","0"
"2021-11-13","GALICIA","1.223","169.064","2.658"
"2021-11-14","A.S. A CORUÑA E CEE","312","40.052","663"
"2021-11-14","A.S. FERROL","95","10.700","231"
"2021-11-14","A.S. LUGO, A MARIÑA E MONFORTE","134","18.493","254"
"2021-11-14","A.S. OURENSE, VERÍN E O BARCO","302","19.805","447"
"2021-11-14","A.S. PONTEVEDRA E O SALNÉS","109","19.945","205"
"2021-11-14","A.S. SANTIAGO E BARBANZA","116","25.152","381"
"2021-11-14","A.S. VIGO","242","34.943","478"
"2021-11-14","SEN A.S. ASIGNADA","0","0","0"
"2021-11-14","GALICIA","1.310","169.090","2.659"
"2021-11-15","A.S. A CORUÑA E CEE","317","40.065","663"
"2021-11-15","A.S. FERROL","96","10.703","231"
"2021-11-15","A.S. LUGO, A MARIÑA E MONFORTE","140","18.498","254"
"2021-11-15","A.S. OURENSE, VERÍN E O BARCO","326","19.818","447"
"2021-11-15","A.S. PONTEVEDRA E O SALNÉS","115","19.948","205"
"2021-11-15","A.S. SANTIAGO E BARBANZA","129","25.157","381"
"2021-11-15","A.S. VIGO","278","34.947","478"
"2021-11-15","SEN A.S. ASIGNADA","0","0","0"
"2021-11-15","GALICIA","1.401","169.136","2.659"
"2021-11-16","A.S. A CORUÑA E CEE","337","40.075","664"
"2021-11-16","A.S. FERROL","112","10.705","231"
"2021-11-16","A.S. LUGO, A MARIÑA E MONFORTE","157","18.504","255"
"2021-11-16","A.S. OURENSE, VERÍN E O BARCO","366","19.827","447"
"2021-11-16","A.S. PONTEVEDRA E O SALNÉS","137","19.952","205"
"2021-11-16","A.S. SANTIAGO E BARBANZA","147","25.163","381"
"2021-11-16","A.S. VIGO","338","34.951","478"
"2021-11-16","SEN A.S. ASIGNADA","0","0","0"
"2021-11-16","GALICIA","1.594","169.177","2.661"
"2021-11-17","A.S. A CORUÑA E CEE","366","40.087","664"
"2021-11-17","A.S. FERROL","123","10.706","232"
"2021-11-17","A.S. LUGO, A MARIÑA E MONFORTE","184","18.506","255"
"2021-11-17","A.S. OURENSE, VERÍN E O BARCO","431","19.840","447"
"2021-11-17","A.S. PONTEVEDRA E O SALNÉS","157","19.959","205"
"2021-11-17","A.S. SANTIAGO E BARBANZA","176","25.165","381"
"2021-11-17","A.S. VIGO","398","34.958","478"
"2021-11-17","SEN A.S. ASIGNADA","0","0","0"
"2021-11-17","GALICIA","1.835","169.221","2.662"
"2021-11-18","A.S. A CORUÑA E CEE","392","40.109","664"
"2021-11-18","A.S. FERROL","123","10.715","232"
"2021-11-18","A.S. LUGO, A MARIÑA E MONFORTE","207","18.514","255"
"2021-11-18","A.S. OURENSE, VERÍN E O BARCO","500","19.854","448"
"2021-11-18","A.S. PONTEVEDRA E O SALNÉS","174","19.963","205"
"2021-11-18","A.S. SANTIAGO E BARBANZA","190","25.172","381"
"2021-11-18","A.S. VIGO","446","34.970","478"
"2021-11-18","SEN A.S. ASIGNADA","0","0","0"
"2021-11-18","GALICIA","2.032","169.297","2.663"
"2021-11-19","A.S. A CORUÑA E CEE","410","40.124","664"
"2021-11-19","A.S. FERROL","130","10.726","232"
"2021-11-19","A.S. LUGO, A MARIÑA E MONFORTE","229","18.517","255"
"2021-11-19","A.S. OURENSE, VERÍN E O BARCO","589","19.874","448"
"2021-11-19","A.S. PONTEVEDRA E O SALNÉS","199","19.966","205"
"2021-11-19","A.S. SANTIAGO E BARBANZA","228","25.181","381"
"2021-11-19","A.S. VIGO","529","34.981","478"
"2021-11-19","SEN A.S. ASIGNADA","0","0","0"
"2021-11-19","GALICIA","2.314","169.369","2.663"
"2021-11-20","A.S. A CORUÑA E CEE","444","40.149","664"
"2021-11-20","A.S. FERROL","136","10.729","232"
"2021-11-20","A.S. LUGO, A MARIÑA E MONFORTE","264","18.521","255"
"2021-11-20","A.S. OURENSE, VERÍN E O BARCO","645","19.888","448"
"2021-11-20","A.S. PONTEVEDRA E O SALNÉS","216","19.973","205"
"2021-11-20","A.S. SANTIAGO E BARBANZA","236","25.187","381"
"2021-11-20","A.S. VIGO","607","34.987","478"
"2021-11-20","SEN A.S. ASIGNADA","0","0","0"
"2021-11-20","GALICIA","2.548","169.434","2.663"
"2021-11-21","A.S. A CORUÑA E CEE","455","40.167","664"
"2021-11-21","A.S. FERROL","140","10.738","232"
"2021-11-21","A.S. LUGO, A MARIÑA E MONFORTE","279","18.526","255"
"2021-11-21","A.S. OURENSE, VERÍN E O BARCO","697","19.901","448"
"2021-11-21","A.S. PONTEVEDRA E O SALNÉS","224","19.983","205"
"2021-11-21","A.S. SANTIAGO E BARBANZA","244","25.195","381"
"2021-11-21","A.S. VIGO","654","35.000","478"
"2021-11-21","SEN A.S. ASIGNADA","0","0","0"
"2021-11-21","GALICIA","2.693","169.510","2.663"
"2021-11-22","A.S. A CORUÑA E CEE","460","40.181","664"
"2021-11-22","A.S. FERROL","153","10.748","232"
"2021-11-22","A.S. LUGO, A MARIÑA E MONFORTE","308","18.533","255"
"2021-11-22","A.S. OURENSE, VERÍN E O BARCO","769","19.915","448"
"2021-11-22","A.S. PONTEVEDRA E O SALNÉS","248","19.987","205"
"2021-11-22","A.S. SANTIAGO E BARBANZA","272","25.200","381"
"2021-11-22","A.S. VIGO","715","35.019","478"
"2021-11-22","SEN A.S. ASIGNADA","0","0","0"
"2021-11-22","GALICIA","2.925","169.583","2.663"
"2021-11-23","A.S. A CORUÑA E CEE","494","40.198","664"
"2021-11-23","A.S. FERROL","156","10.758","233"
"2021-11-23","A.S. LUGO, A MARIÑA E MONFORTE","337","18.545","255"
"2021-11-23","A.S. OURENSE, VERÍN E O BARCO","851","19.936","448"
"2021-11-23","A.S. PONTEVEDRA E O SALNÉS","267","19.993","205"
"2021-11-23","A.S. SANTIAGO E BARBANZA","297","25.209","381"
"2021-11-23","A.S. VIGO","823","35.030","479"
"2021-11-23","SEN A.S. ASIGNADA","0","0","0"
"2021-11-23","GALICIA","3.225","169.669","2.665"
"2021-11-24","A.S. A CORUÑA E CEE","539","40.213","664"
"2021-11-24","A.S. FERROL","195","10.760","233"
"2021-11-24","A.S. LUGO, A MARIÑA E MONFORTE","388","18.552","255"
"2021-11-24","A.S. OURENSE, VERÍN E O BARCO","949","19.974","448"
"2021-11-24","A.S. PONTEVEDRA E O SALNÉS","308","20.007","205"
"2021-11-24","A.S. SANTIAGO E BARBANZA","335","25.214","381"
"2021-11-24","A.S. VIGO","947","35.046","480"
"2021-11-24","SEN A.S. ASIGNADA","0","0","0"
"2021-11-24","GALICIA","3.661","169.766","2.666"
"2021-11-25","A.S. A CORUÑA E CEE","612","40.230","665"
"2021-11-25","A.S. FERROL","207","10.766","233"
"2021-11-25","A.S. LUGO, A MARIÑA E MONFORTE","402","18.569","255"
"2021-11-25","A.S. OURENSE, VERÍN E O BARCO","1.062","20.010","448"
"2021-11-25","A.S. PONTEVEDRA E O SALNÉS","355","20.014","205"
"2021-11-25","A.S. SANTIAGO E BARBANZA","352","25.228","381"
"2021-11-25","A.S. VIGO","1.111","35.069","480"
"2021-11-25","SEN A.S. ASIGNADA","0","0","0"
"2021-11-25","GALICIA","4.101","169.886","2.667"
"2021-11-26","A.S. A CORUÑA E CEE","650","40.254","665"
"2021-11-26","A.S. FERROL","231","10.769","233"
"2021-11-26","A.S. LUGO, A MARIÑA E MONFORTE","429","18.589","255"
"2021-11-26","A.S. OURENSE, VERÍN E O BARCO","1.139","20.049","449"
"2021-11-26","A.S. PONTEVEDRA E O SALNÉS","397","20.024","205"
"2021-11-26","A.S. SANTIAGO E BARBANZA","389","25.238","381"
"2021-11-26","A.S. VIGO","1.238","35.101","480"
"2021-11-26","SEN A.S. ASIGNADA","0","0","0"
"2021-11-26","GALICIA","4.473","170.024","2.668"
"2021-11-27","A.S. A CORUÑA E CEE","693","40.272","665"
"2021-11-27","A.S. FERROL","253","10.778","233"
"2021-11-27","A.S. LUGO, A MARIÑA E MONFORTE","453","18.606","255"
"2021-11-27","A.S. OURENSE, VERÍN E O BARCO","1.271","20.084","449"
"2021-11-27","A.S. PONTEVEDRA E O SALNÉS","429","20.030","206"
"2021-11-27","A.S. SANTIAGO E BARBANZA","404","25.252","381"
"2021-11-27","A.S. VIGO","1.343","35.133","481"
"2021-11-27","SEN A.S. ASIGNADA","0","0","0"
"2021-11-27","GALICIA","4.846","170.155","2.670"
"2021-11-28","A.S. A CORUÑA E CEE","737","40.297","665"
"2021-11-28","A.S. FERROL","260","10.785","233"
"2021-11-28","A.S. LUGO, A MARIÑA E MONFORTE","464","18.621","256"
"2021-11-28","A.S. OURENSE, VERÍN E O BARCO","1.339","20.112","449"
"2021-11-28","A.S. PONTEVEDRA E O SALNÉS","465","20.043","206"
"2021-11-28","A.S. SANTIAGO E BARBANZA","427","25.261","381"
"2021-11-28","A.S. VIGO","1.402","35.181","481"
"2021-11-28","SEN A.S. ASIGNADA","0","0","0"
"2021-11-28","GALICIA","5.094","170.300","2.671"
"2021-11-29","A.S. A CORUÑA E CEE","770","40.329","665"
"2021-11-29","A.S. FERROL","282","10.790","233"
"2021-11-29","A.S. LUGO, A MARIÑA E MONFORTE","501","18.634","256"
"2021-11-29","A.S. OURENSE, VERÍN E O BARCO","1.438","20.146","449"
"2021-11-29","A.S. PONTEVEDRA E O SALNÉS","537","20.052","206"
"2021-11-29","A.S. SANTIAGO E BARBANZA","435","25.273","381"
"2021-11-29","A.S. VIGO","1.535","35.211","481"
"2021-11-29","SEN A.S. ASIGNADA","0","0","0"
"2021-11-29","GALICIA","5.498","170.435","2.671"
"2021-11-30","A.S. A CORUÑA E CEE","851","40.355","665"
"2021-11-30","A.S. FERROL","303","10.795","233"
"2021-11-30","A.S. LUGO, A MARIÑA E MONFORTE","549","18.652","256"
"2021-11-30","A.S. OURENSE, VERÍN E O BARCO","1.579","20.206","449"
"2021-11-30","A.S. PONTEVEDRA E O SALNÉS","618","20.062","206"
"2021-11-30","A.S. SANTIAGO E BARBANZA","465","25.291","382"
"2021-11-30","A.S. VIGO","1.690","35.244","481"
"2021-11-30","SEN A.S. ASIGNADA","0","0","0"
"2021-11-30","GALICIA","6.055","170.605","2.672"
"2021-12-01","A.S. A CORUÑA E CEE","911","40.391","666"
"2021-12-01","A.S. FERROL","311","10.812","233"
"2021-12-01","A.S. LUGO, A MARIÑA E MONFORTE","574","18.678","256"
"2021-12-01","A.S. OURENSE, VERÍN E O BARCO","1.684","20.257","451"
"2021-12-01","A.S. PONTEVEDRA E O SALNÉS","696","20.082","207"
"2021-12-01","A.S. SANTIAGO E BARBANZA","502","25.318","382"
"2021-12-01","A.S. VIGO","1.894","35.309","481"
"2021-12-01","SEN A.S. ASIGNADA","0","0","0"
"2021-12-01","GALICIA","6.572","170.847","2.676"
"2021-12-02","A.S. A CORUÑA E CEE","979","40.423","666"
"2021-12-02","A.S. FERROL","324","10.827","233"
"2021-12-02","A.S. LUGO, A MARIÑA E MONFORTE","586","18.711","256"
"2021-12-02","A.S. OURENSE, VERÍN E O BARCO","1.854","20.339","452"
"2021-12-02","A.S. PONTEVEDRA E O SALNÉS","799","20.112","208"
"2021-12-02","A.S. SANTIAGO E BARBANZA","533","25.344","382"
"2021-12-02","A.S. VIGO","2.067","35.378","481"
"2021-12-02","SEN A.S. ASIGNADA","0","0","0"
"2021-12-02","GALICIA","7.142","171.134","2.678"
"2021-12-03","A.S. A CORUÑA E CEE","1.051","40.467","666"
"2021-12-03","A.S. FERROL","347","10.834","233"
"2021-12-03","A.S. LUGO, A MARIÑA E MONFORTE","618","18.738","257"
"2021-12-03","A.S. OURENSE, VERÍN E O BARCO","1.944","20.425","453"
"2021-12-03","A.S. PONTEVEDRA E O SALNÉS","881","20.140","208"
"2021-12-03","A.S. SANTIAGO E BARBANZA","580","25.370","382"
"2021-12-03","A.S. VIGO","2.253","35.435","482"
"2021-12-03","SEN A.S. ASIGNADA","0","0","0"
"2021-12-03","GALICIA","7.674","171.409","2.681"
"2021-12-04","A.S. A CORUÑA E CEE","1.151","40.496","666"
"2021-12-04","A.S. FERROL","379","10.847","233"
"2021-12-04","A.S. LUGO, A MARIÑA E MONFORTE","643","18.758","257"
"2021-12-04","A.S. OURENSE, VERÍN E O BARCO","2.045","20.518","454"
"2021-12-04","A.S. PONTEVEDRA E O SALNÉS","958","20.171","208"
"2021-12-04","A.S. SANTIAGO E BARBANZA","588","25.413","382"
"2021-12-04","A.S. VIGO","2.453","35.521","483"
"2021-12-04","SEN A.S. ASIGNADA","0","0","0"
"2021-12-04","GALICIA","8.217","171.724","2.683"
"2021-12-05","A.S. A CORUÑA E CEE","1.155","40.548","666"
"2021-12-05","A.S. FERROL","385","10.854","234"
"2021-12-05","A.S. LUGO, A MARIÑA E MONFORTE","658","18.795","257"
"2021-12-05","A.S. OURENSE, VERÍN E O BARCO","2.125","20.588","455"
"2021-12-05","A.S. PONTEVEDRA E O SALNÉS","1.060","20.200","210"
"2021-12-05","A.S. SANTIAGO E BARBANZA","613","25.428","382"
"2021-12-05","A.S. VIGO","2.624","35.611","483"
"2021-12-05","SEN A.S. ASIGNADA","0","0","0"
"2021-12-05","GALICIA","8.620","172.024","2.687"
"2021-12-06","A.S. A CORUÑA E CEE","1.201","40.590","666"
"2021-12-06","A.S. FERROL","397","10.871","235"
"2021-12-06","A.S. LUGO, A MARIÑA E MONFORTE","683","18.811","257"
"2021-12-06","A.S. OURENSE, VERÍN E O BARCO","2.261","20.638","455"
"2021-12-06","A.S. PONTEVEDRA E O SALNÉS","1.147","20.219","211"
"2021-12-06","A.S. SANTIAGO E BARBANZA","636","25.444","382"
"2021-12-06","A.S. VIGO","2.697","35.673","484"
"2021-12-06","SEN A.S. ASIGNADA","0","0","0"
"2021-12-06","GALICIA","9.022","172.246","2.690"
"2021-12-07","A.S. A CORUÑA E CEE","1.287","40.612","666"
"2021-12-07","A.S. FERROL","410","10.894","236"
"2021-12-07","A.S. LUGO, A MARIÑA E MONFORTE","681","18.845","257"
"2021-12-07","A.S. OURENSE, VERÍN E O BARCO","2.416","20.714","455"
"2021-12-07","A.S. PONTEVEDRA E O SALNÉS","1.250","20.235","211"
"2021-12-07","A.S. SANTIAGO E BARBANZA","654","25.476","382"
"2021-12-07","A.S. VIGO","2.916","35.746","484"
"2021-12-07","SEN A.S. ASIGNADA","0","0","0"
"2021-12-07","GALICIA","9.614","172.522","2.691"
"2021-12-08","A.S. A CORUÑA E CEE","1.367","40.657","666"
"2021-12-08","A.S. FERROL","435","10.900","236"
"2021-12-08","A.S. LUGO, A MARIÑA E MONFORTE","698","18.884","257"
"2021-12-08","A.S. OURENSE, VERÍN E O BARCO","2.481","20.828","455"
"2021-12-08","A.S. PONTEVEDRA E O SALNÉS","1.395","20.258","211"
"2021-12-08","A.S. SANTIAGO E BARBANZA","685","25.508","382"
"2021-12-08","A.S. VIGO","3.143","35.887","486"
"2021-12-08","SEN A.S. ASIGNADA","0","0","0"
"2021-12-08","GALICIA","10.204","172.922","2.693"
"2021-12-09","A.S. A CORUÑA E CEE","1.484","40.712","666"
"2021-12-09","A.S. FERROL","447","10.939","237"
"2021-12-09","A.S. LUGO, A MARIÑA E MONFORTE","698","18.939","257"
"2021-12-09","A.S. OURENSE, VERÍN E O BARCO","2.537","20.955","455"
"2021-12-09","A.S. PONTEVEDRA E O SALNÉS","1.508","20.306","211"
"2021-12-09","A.S. SANTIAGO E BARBANZA","702","25.547","382"
"2021-12-09","A.S. VIGO","3.460","36.048","488"
"2021-12-09","SEN A.S. ASIGNADA","0","0","0"
"2021-12-09","GALICIA","10.836","173.446","2.696"
"2021-12-10","A.S. A CORUÑA E CEE","1.511","40.790","667"
"2021-12-10","A.S. FERROL","464","10.956","237"
"2021-12-10","A.S. LUGO, A MARIÑA E MONFORTE","733","18.974","257"
"2021-12-10","A.S. OURENSE, VERÍN E O BARCO","2.582","21.124","455"
"2021-12-10","A.S. PONTEVEDRA E O SALNÉS","1.646","20.344","212"
"2021-12-10","A.S. SANTIAGO E BARBANZA","774","25.573","382"
"2021-12-10","A.S. VIGO","3.557","36.236","491"
"2021-12-10","SEN A.S. ASIGNADA","0","0","0"
"2021-12-10","GALICIA","11.267","173.997","2.701"
"2021-12-11","A.S. A CORUÑA E CEE","1.569","40.843","667"
"2021-12-11","A.S. FERROL","473","10.983","237"
"2021-12-11","A.S. LUGO, A MARIÑA E MONFORTE","749","19.019","257"
"2021-12-11","A.S. OURENSE, VERÍN E O BARCO","2.682","21.255","458"
"2021-12-11","A.S. PONTEVEDRA E O SALNÉS","1.683","20.396","212"
"2021-12-11","A.S. SANTIAGO E BARBANZA","793","25.621","382"
"2021-12-11","A.S. VIGO","3.721","36.398","492"
"2021-12-11","SEN A.S. ASIGNADA","0","0","0"
"2021-12-11","GALICIA","11.670","174.515","2.705"
"2021-12-12","A.S. A CORUÑA E CEE","1.691","40.898","667"
"2021-12-12","A.S. FERROL","486","11.012","237"
"2021-12-12","A.S. LUGO, A MARIÑA E MONFORTE","764","19.060","257"
"2021-12-12","A.S. OURENSE, VERÍN E O BARCO","2.682","21.408","459"
"2021-12-12","A.S. PONTEVEDRA E O SALNÉS","1.858","20.437","212"
"2021-12-12","A.S. SANTIAGO E BARBANZA","848","25.652","382"
"2021-12-12","A.S. VIGO","3.909","36.538","492"
"2021-12-12","SEN A.S. ASIGNADA","0","0","0"
"2021-12-12","GALICIA","12.238","175.005","2.706"
"2021-12-13","A.S. A CORUÑA E CEE","1.743","40.980","668"
"2021-12-13","A.S. FERROL","503","11.027","238"
"2021-12-13","A.S. LUGO, A MARIÑA E MONFORTE","824","19.092","257"
"2021-12-13","A.S. OURENSE, VERÍN E O BARCO","2.747","21.488","459"
"2021-12-13","A.S. PONTEVEDRA E O SALNÉS","1.924","20.481","213"
"2021-12-13","A.S. SANTIAGO E BARBANZA","913","25.685","382"
"2021-12-13","A.S. VIGO","4.143","36.653","492"
"2021-12-13","SEN A.S. ASIGNADA","0","0","0"
"2021-12-13","GALICIA","12.797","175.406","2.709"
"2021-12-14","A.S. A CORUÑA E CEE","1.880","41.049","668"
"2021-12-14","A.S. FERROL","512","11.053","238"
"2021-12-14","A.S. LUGO, A MARIÑA E MONFORTE","863","19.142","257"
"2021-12-14","A.S. OURENSE, VERÍN E O BARCO","2.761","21.623","459"
"2021-12-14","A.S. PONTEVEDRA E O SALNÉS","2.034","20.556","213"
"2021-12-14","A.S. SANTIAGO E BARBANZA","1.019","25.698","382"
"2021-12-14","A.S. VIGO","4.341","36.805","494"
"2021-12-14","SEN A.S. ASIGNADA","0","0","0"
"2021-12-14","GALICIA","13.410","175.926","2.711"
"2021-12-15","A.S. A CORUÑA E CEE","1.990","41.143","668"
"2021-12-15","A.S. FERROL","523","11.073","238"
"2021-12-15","A.S. LUGO, A MARIÑA E MONFORTE","882","19.206","257"
"2021-12-15","A.S. OURENSE, VERÍN E O BARCO","2.753","21.829","460"
"2021-12-15","A.S. PONTEVEDRA E O SALNÉS","2.119","20.641","214"
"2021-12-15","A.S. SANTIAGO E BARBANZA","1.142","25.755","382"
"2021-12-15","A.S. VIGO","4.469","37.002","494"
"2021-12-15","SEN A.S. ASIGNADA","0","0","0"
"2021-12-15","GALICIA","13.878","176.649","2.713"
"2021-12-16","A.S. A CORUÑA E CEE","2.068","41.235","668"
"2021-12-16","A.S. FERROL","549","11.098","238"
"2021-12-16","A.S. LUGO, A MARIÑA E MONFORTE","918","19.262","257"
"2021-12-16","A.S. OURENSE, VERÍN E O BARCO","2.782","21.996","461"
"2021-12-16","A.S. PONTEVEDRA E O SALNÉS","2.222","20.726","215"
"2021-12-16","A.S. SANTIAGO E BARBANZA","1.274","25.820","382"
"2021-12-16","A.S. VIGO","4.575","37.234","496"
"2021-12-16","SEN A.S. ASIGNADA","0","0","0"
"2021-12-16","GALICIA","14.388","177.371","2.717"
"2021-12-17","A.S. A CORUÑA E CEE","2.194","41.335","668"
"2021-12-17","A.S. FERROL","560","11.125","238"
"2021-12-17","A.S. LUGO, A MARIÑA E MONFORTE","979","19.300","257"
"2021-12-17","A.S. OURENSE, VERÍN E O BARCO","2.695","22.236","462"
"2021-12-17","A.S. PONTEVEDRA E O SALNÉS","2.304","20.851","217"
"2021-12-17","A.S. SANTIAGO E BARBANZA","1.386","25.871","382"
"2021-12-17","A.S. VIGO","4.808","37.467","498"
"2021-12-17","SEN A.S. ASIGNADA","0","0","0"
"2021-12-17","GALICIA","14.926","178.185","2.722"
"2021-12-18","A.S. A CORUÑA E CEE","2.301","41.439","668"
"2021-12-18","A.S. FERROL","568","11.157","238"
"2021-12-18","A.S. LUGO, A MARIÑA E MONFORTE","997","19.360","257"
"2021-12-18","A.S. OURENSE, VERÍN E O BARCO","2.607","22.455","463"
"2021-12-18","A.S. PONTEVEDRA E O SALNÉS","2.370","20.964","217"
"2021-12-18","A.S. SANTIAGO E BARBANZA","1.473","25.946","382"
"2021-12-18","A.S. VIGO","5.042","37.722","499"
"2021-12-18","SEN A.S. ASIGNADA","0","0","0"
"2021-12-18","GALICIA","15.358","179.043","2.724"
"2021-12-19","A.S. A CORUÑA E CEE","2.361","41.562","668"
"2021-12-19","A.S. FERROL","568","11.193","238"
"2021-12-19","A.S. LUGO, A MARIÑA E MONFORTE","1.025","19.410","257"
"2021-12-19","A.S. OURENSE, VERÍN E O BARCO","2.541","22.634","463"
"2021-12-19","A.S. PONTEVEDRA E O SALNÉS","2.484","21.073","218"
"2021-12-19","A.S. SANTIAGO E BARBANZA","1.615","25.992","382"
"2021-12-19","A.S. VIGO","5.229","37.997","504"
"2021-12-19","SEN A.S. ASIGNADA","0","0","0"
"2021-12-19","GALICIA","15.823","179.861","2.730"
"2021-12-20","A.S. A CORUÑA E CEE","2.500","41.623","669"
"2021-12-20","A.S. FERROL","614","11.208","238"
"2021-12-20","A.S. LUGO, A MARIÑA E MONFORTE","1.102","19.456","257"
"2021-12-20","A.S. OURENSE, VERÍN E O BARCO","2.534","22.782","464"
"2021-12-20","A.S. PONTEVEDRA E O SALNÉS","2.533","21.198","220"
"2021-12-20","A.S. SANTIAGO E BARBANZA","1.738","26.028","382"
"2021-12-20","A.S. VIGO","5.416","38.235","506"
"2021-12-20","SEN A.S. ASIGNADA","0","0","0"
"2021-12-20","GALICIA","16.437","180.530","2.736"
"2021-12-21","A.S. A CORUÑA E CEE","2.711","41.704","670"
"2021-12-21","A.S. FERROL","702","11.236","238"
"2021-12-21","A.S. LUGO, A MARIÑA E MONFORTE","1.194","19.498","258"
"2021-12-21","A.S. OURENSE, VERÍN E O BARCO","2.537","22.997","464"
"2021-12-21","A.S. PONTEVEDRA E O SALNÉS","2.642","21.306","220"
"2021-12-21","A.S. SANTIAGO E BARBANZA","2.047","26.063","382"
"2021-12-21","A.S. VIGO","5.793","38.424","507"
"2021-12-21","SEN A.S. ASIGNADA","0","0","0"
"2021-12-21","GALICIA","17.626","181.228","2.739"
"2021-12-22","A.S. A CORUÑA E CEE","3.026","41.817","670"
"2021-12-22","A.S. FERROL","813","11.274","238"
"2021-12-22","A.S. LUGO, A MARIÑA E MONFORTE","1.379","19.535","258"
"2021-12-22","A.S. OURENSE, VERÍN E O BARCO","2.591","23.216","465"
"2021-12-22","A.S. PONTEVEDRA E O SALNÉS","2.922","21.420","222"
"2021-12-22","A.S. SANTIAGO E BARBANZA","2.356","26.116","382"
"2021-12-22","A.S. VIGO","6.056","38.739","508"
"2021-12-22","SEN A.S. ASIGNADA","0","0","0"
"2021-12-22","GALICIA","19.143","182.117","2.743"
"2021-12-23","A.S. A CORUÑA E CEE","3.442","41.951","670"
"2021-12-23","A.S. FERROL","1.002","11.305","238"
"2021-12-23","A.S. LUGO, A MARIÑA E MONFORTE","1.600","19.595","258"
"2021-12-23","A.S. OURENSE, VERÍN E O BARCO","2.644","23.410","465"
"2021-12-23","A.S. PONTEVEDRA E O SALNÉS","3.088","21.568","222"
"2021-12-23","A.S. SANTIAGO E BARBANZA","2.780","26.185","382"
"2021-12-23","A.S. VIGO","6.333","39.108","509"
"2021-12-23","SEN A.S. ASIGNADA","0","0","0"
"2021-12-23","GALICIA","20.889","183.122","2.744"
"2021-12-24","A.S. A CORUÑA E CEE","3.884","42.119","670"
"2021-12-24","A.S. FERROL","1.162","11.358","238"
"2021-12-24","A.S. LUGO, A MARIÑA E MONFORTE","1.834","19.658","258"
"2021-12-24","A.S. OURENSE, VERÍN E O BARCO","2.898","23.600","465"
"2021-12-24","A.S. PONTEVEDRA E O SALNÉS","3.320","21.717","223"
"2021-12-24","A.S. SANTIAGO E BARBANZA","3.319","26.247","382"
"2021-12-24","A.S. VIGO","6.590","39.560","510"
"2021-12-24","SEN A.S. ASIGNADA","0","0","0"
"2021-12-24","GALICIA","23.007","184.259","2.746"
"2021-12-25","A.S. A CORUÑA E CEE","4.245","42.241","670"
"2021-12-25","A.S. FERROL","1.291","11.395","238"
"2021-12-25","A.S. LUGO, A MARIÑA E MONFORTE","2.038","19.723","258"
"2021-12-25","A.S. OURENSE, VERÍN E O BARCO","2.823","23.791","465"
"2021-12-25","A.S. PONTEVEDRA E O SALNÉS","3.559","21.879","224"
"2021-12-25","A.S. SANTIAGO E BARBANZA","3.578","26.339","382"
"2021-12-25","A.S. VIGO","7.274","39.849","512"
"2021-12-25","SEN A.S. ASIGNADA","0","0","0"
"2021-12-25","GALICIA","24.808","185.217","2.749"
"2021-12-26","A.S. A CORUÑA E CEE","4.615","42.362","670"
"2021-12-26","A.S. FERROL","1.456","11.432","238"
"2021-12-26","A.S. LUGO, A MARIÑA E MONFORTE","2.146","19.779","258"
"2021-12-26","A.S. OURENSE, VERÍN E O BARCO","2.794","23.992","466"
"2021-12-26","A.S. PONTEVEDRA E O SALNÉS","3.891","21.969","225"
"2021-12-26","A.S. SANTIAGO E BARBANZA","3.971","26.406","382"
"2021-12-26","A.S. VIGO","7.562","40.136","514"
"2021-12-26","SEN A.S. ASIGNADA","0","0","0"
"2021-12-26","GALICIA","26.435","186.076","2.753"
"2021-12-27","A.S. A CORUÑA E CEE","5.218","42.520","670"
"2021-12-27","A.S. FERROL","1.666","11.471","238"
"2021-12-27","A.S. LUGO, A MARIÑA E MONFORTE","2.375","19.847","259"
"2021-12-27","A.S. OURENSE, VERÍN E O BARCO","3.091","24.145","466"
"2021-12-27","A.S. PONTEVEDRA E O SALNÉS","4.212","22.183","227"
"2021-12-27","A.S. SANTIAGO E BARBANZA","4.564","26.492","382"
"2021-12-27","A.S. VIGO","8.232","40.471","514"
"2021-12-27","SEN A.S. ASIGNADA","0","0","0"
"2021-12-27","GALICIA","29.358","187.129","2.756"
"2021-12-28","A.S. A CORUÑA E CEE","5.931","42.648","672"
"2021-12-28","A.S. FERROL","1.954","11.505","239"
"2021-12-28","A.S. LUGO, A MARIÑA E MONFORTE","2.817","19.938","259"
"2021-12-28","A.S. OURENSE, VERÍN E O BARCO","3.545","24.311","466"
"2021-12-28","A.S. PONTEVEDRA E O SALNÉS","4.654","22.292","228"
"2021-12-28","A.S. SANTIAGO E BARBANZA","5.753","26.591","382"
"2021-12-28","A.S. VIGO","8.846","40.817","515"
"2021-12-28","SEN A.S. ASIGNADA","0","0","0"
"2021-12-28","GALICIA","33.500","188.102","2.761"
"2021-12-29","A.S. A CORUÑA E CEE","6.909","42.843","673"
"2021-12-29","A.S. FERROL","2.217","11.543","239"
"2021-12-29","A.S. LUGO, A MARIÑA E MONFORTE","3.295","20.033","259"
"2021-12-29","A.S. OURENSE, VERÍN E O BARCO","4.100","24.472","466"
"2021-12-29","A.S. PONTEVEDRA E O SALNÉS","5.127","22.467","228"
"2021-12-29","A.S. SANTIAGO E BARBANZA","7.185","26.738","383"
"2021-12-29","A.S. VIGO","9.609","41.167","518"
"2021-12-29","SEN A.S. ASIGNADA","0","0","0"
"2021-12-29","GALICIA","38.442","189.263","2.766"
"2021-12-30","A.S. A CORUÑA E CEE","7.645","43.058","673"
"2021-12-30","A.S. FERROL","2.587","11.571","239"
"2021-12-30","A.S. LUGO, A MARIÑA E MONFORTE","3.626","20.127","260"
"2021-12-30","A.S. OURENSE, VERÍN E O BARCO","4.608","24.662","467"
"2021-12-30","A.S. PONTEVEDRA E O SALNÉS","5.742","22.642","229"
"2021-12-30","A.S. SANTIAGO E BARBANZA","8.101","26.907","383"
"2021-12-30","A.S. VIGO","10.672","41.532","520"
"2021-12-30","SEN A.S. ASIGNADA","0","0","0"
"2021-12-30","GALICIA","42.981","190.499","2.771"
"2021-12-31","A.S. A CORUÑA E CEE","8.324","43.247","673"
"2021-12-31","A.S. FERROL","2.851","11.625","239"
"2021-12-31","A.S. LUGO, A MARIÑA E MONFORTE","4.127","20.222","260"
"2021-12-31","A.S. OURENSE, VERÍN E O BARCO","5.041","24.872","468"
"2021-12-31","A.S. PONTEVEDRA E O SALNÉS","6.168","22.826","229"
"2021-12-31","A.S. SANTIAGO E BARBANZA","8.756","27.101","383"
"2021-12-31","A.S. VIGO","11.571","41.885","523"
"2021-12-31","SEN A.S. ASIGNADA","0","0","0"
"2021-12-31","GALICIA","46.838","191.778","2.775"
"2022-01-01","A.S. A CORUÑA E CEE","8.743","43.506","673"
"2022-01-01","A.S. FERROL","2.985","11.670","239"
"2022-01-01","A.S. LUGO, A MARIÑA E MONFORTE","4.369","20.313","262"
"2022-01-01","A.S. OURENSE, VERÍN E O BARCO","5.189","25.018","468"
"2022-01-01","A.S. PONTEVEDRA E O SALNÉS","6.346","23.031","229"
"2022-01-01","A.S. SANTIAGO E BARBANZA","9.106","27.266","384"
"2022-01-01","A.S. VIGO","11.910","42.339","523"
"2022-01-01","SEN A.S. ASIGNADA","0","0","0"
"2022-01-01","GALICIA","48.648","193.143","2.778"
"2022-01-02","A.S. A CORUÑA E CEE","9.170","43.735","674"
"2022-01-02","A.S. FERROL","3.246","11.716","240"
"2022-01-02","A.S. LUGO, A MARIÑA E MONFORTE","4.782","20.393","262"
"2022-01-02","A.S. OURENSE, VERÍN E O BARCO","5.538","25.142","468"
"2022-01-02","A.S. PONTEVEDRA E O SALNÉS","6.611","23.207","229"
"2022-01-02","A.S. SANTIAGO E BARBANZA","9.310","27.434","384"
"2022-01-02","A.S. VIGO","12.071","42.805","524"
"2022-01-02","SEN A.S. ASIGNADA","0","0","0"
"2022-01-02","GALICIA","50.728","194.432","2.781"
"2022-01-03","A.S. A CORUÑA E CEE","9.698","43.923","677"
"2022-01-03","A.S. FERROL","3.429","11.752","240"
"2022-01-03","A.S. LUGO, A MARIÑA E MONFORTE","5.161","20.479","263"
"2022-01-03","A.S. OURENSE, VERÍN E O BARCO","6.076","25.258","468"
"2022-01-03","A.S. PONTEVEDRA E O SALNÉS","6.746","23.451","231"
"2022-01-03","A.S. SANTIAGO E BARBANZA","9.783","27.627","384"
"2022-01-03","A.S. VIGO","12.413","43.289","525"
"2022-01-03","SEN A.S. ASIGNADA","0","0","0"
"2022-01-03","GALICIA","53.306","195.779","2.788"
"2022-01-04","A.S. A CORUÑA E CEE","10.554","44.152","677"
"2022-01-04","A.S. FERROL","3.732","11.818","241"
"2022-01-04","A.S. LUGO, A MARIÑA E MONFORTE","5.624","20.591","264"
"2022-01-04","A.S. OURENSE, VERÍN E O BARCO","6.727","25.393","474"
"2022-01-04","A.S. PONTEVEDRA E O SALNÉS","7.153","23.618","233"
"2022-01-04","A.S. SANTIAGO E BARBANZA","10.647","27.796","385"
"2022-01-04","A.S. VIGO","12.967","43.702","526"
"2022-01-04","SEN A.S. ASIGNADA","0","0","0"
"2022-01-04","GALICIA","57.404","197.070","2.800"
"2022-01-05","A.S. A CORUÑA E CEE","11.284","44.421","677"
"2022-01-05","A.S. FERROL","3.847","11.938","241"
"2022-01-05","A.S. LUGO, A MARIÑA E MONFORTE","6.050","20.741","265"
"2022-01-05","A.S. OURENSE, VERÍN E O BARCO","7.301","25.623","476"
"2022-01-05","A.S. PONTEVEDRA E O SALNÉS","7.393","23.833","234"
"2022-01-05","A.S. SANTIAGO E BARBANZA","11.201","28.131","387"
"2022-01-05","A.S. VIGO","13.412","44.218","530"
"2022-01-05","SEN A.S. ASIGNADA","0","0","0"
"2022-01-05","GALICIA","60.488","198.905","2.810"
"2022-01-06","A.S. A CORUÑA E CEE","11.649","44.833","678"
"2022-01-06","A.S. FERROL","4.037","12.081","241"
"2022-01-06","A.S. LUGO, A MARIÑA E MONFORTE","6.192","20.959","265"
"2022-01-06","A.S. OURENSE, VERÍN E O BARCO","7.517","25.892","477"
"2022-01-06","A.S. PONTEVEDRA E O SALNÉS","7.503","24.220","234"
"2022-01-06","A.S. SANTIAGO E BARBANZA","11.304","28.493","387"
"2022-01-06","A.S. VIGO","13.709","44.755","531"
"2022-01-06","SEN A.S. ASIGNADA","0","0","0"
"2022-01-06","GALICIA","61.911","201.233","2.813"
"2022-01-07","A.S. A CORUÑA E CEE","12.062","45.343","678"
"2022-01-07","A.S. FERROL","4.114","12.292","241"
"2022-01-07","A.S. LUGO, A MARIÑA E MONFORTE","6.471","21.212","265"
"2022-01-07","A.S. OURENSE, VERÍN E O BARCO","7.910","26.158","478"
"2022-01-07","A.S. PONTEVEDRA E O SALNÉS","7.612","24.522","234"
"2022-01-07","A.S. SANTIAGO E BARBANZA","11.575","28.983","388"
"2022-01-07","A.S. VIGO","14.161","45.369","531"
"2022-01-07","SEN A.S. ASIGNADA","0","0","0"
"2022-01-07","GALICIA","63.905","203.879","2.815"
"2022-01-08","A.S. A CORUÑA E CEE","12.478","45.897","678"
"2022-01-08","A.S. FERROL","4.190","12.504","241"
"2022-01-08","A.S. LUGO, A MARIÑA E MONFORTE","6.740","21.502","267"
"2022-01-08","A.S. OURENSE, VERÍN E O BARCO","8.245","26.607","479"
"2022-01-08","A.S. PONTEVEDRA E O SALNÉS","7.815","24.907","234"
"2022-01-08","A.S. SANTIAGO E BARBANZA","11.729","29.552","389"
"2022-01-08","A.S. VIGO","15.250","46.065","533"
"2022-01-08","SEN A.S. ASIGNADA","0","0","0"
"2022-01-08","GALICIA","66.447","207.034","2.821"
"2022-01-09","A.S. A CORUÑA E CEE","12.001","47.478","680"
"2022-01-09","A.S. FERROL","4.035","12.957","241"
"2022-01-09","A.S. LUGO, A MARIÑA E MONFORTE","6.429","22.329","267"
"2022-01-09","A.S. OURENSE, VERÍN E O BARCO","8.098","27.369","479"
"2022-01-09","A.S. PONTEVEDRA E O SALNÉS","7.354","25.957","235"
"2022-01-09","A.S. SANTIAGO E BARBANZA","10.489","31.484","389"
"2022-01-09","A.S. VIGO","14.395","48.120","536"
"2022-01-09","SEN A.S. ASIGNADA","0","0","0"
"2022-01-09","GALICIA","62.801","215.694","2.827"
"2022-01-10","A.S. A CORUÑA E CEE","12.141","48.845","681"
"2022-01-10","A.S. FERROL","3.875","13.544","241"
"2022-01-10","A.S. LUGO, A MARIÑA E MONFORTE","6.581","22.918","268"
"2022-01-10","A.S. OURENSE, VERÍN E O BARCO","8.217","28.247","480"
"2022-01-10","A.S. PONTEVEDRA E O SALNÉS","7.043","27.160","235"
"2022-01-10","A.S. SANTIAGO E BARBANZA","10.348","32.967","389"
"2022-01-10","A.S. VIGO","14.350","50.122","536"
"2022-01-10","SEN A.S. ASIGNADA","0","0","0"
"2022-01-10","GALICIA","62.555","223.803","2.830"
"2022-01-11","A.S. A CORUÑA E CEE","12.181","50.396","681"
"2022-01-11","A.S. FERROL","3.747","14.087","241"
"2022-01-11","A.S. LUGO, A MARIÑA E MONFORTE","6.635","23.778","268"
"2022-01-11","A.S. OURENSE, VERÍN E O BARCO","7.963","29.333","482"
"2022-01-11","A.S. PONTEVEDRA E O SALNÉS","6.830","28.295","235"
"2022-01-11","A.S. SANTIAGO E BARBANZA","10.126","34.454","390"
"2022-01-11","A.S. VIGO","14.261","52.381","537"
"2022-01-11","SEN A.S. ASIGNADA","0","0","0"
"2022-01-11","GALICIA","61.743","232.724","2.834"
"2022-01-12","A.S. A CORUÑA E CEE","12.496","51.850","681"
"2022-01-12","A.S. FERROL","3.778","14.573","241"
"2022-01-12","A.S. LUGO, A MARIÑA E MONFORTE","6.588","24.645","268"
"2022-01-12","A.S. OURENSE, VERÍN E O BARCO","7.967","30.231","482"
"2022-01-12","A.S. PONTEVEDRA E O SALNÉS","6.963","29.218","236"
"2022-01-12","A.S. SANTIAGO E BARBANZA","9.605","36.266","391"
"2022-01-12","A.S. VIGO","15.021","54.110","540"
"2022-01-12","SEN A.S. ASIGNADA","0","0","0"
"2022-01-12","GALICIA","62.418","240.893","2.839"
"2022-01-13","A.S. A CORUÑA E CEE","13.635","52.529","681"
"2022-01-13","A.S. FERROL","3.928","14.892","242"
"2022-01-13","A.S. LUGO, A MARIÑA E MONFORTE","7.027","25.129","269"
"2022-01-13","A.S. OURENSE, VERÍN E O BARCO","8.400","30.717","482"
"2022-01-13","A.S. PONTEVEDRA E O SALNÉS","7.686","29.676","237"
"2022-01-13","A.S. SANTIAGO E BARBANZA","10.561","36.647","391"
"2022-01-13","A.S. VIGO","16.979","54.765","541"
"2022-01-13","SEN A.S. ASIGNADA","0","0","0"
"2022-01-13","GALICIA","68.216","244.355","2.843"
"2022-01-14","A.S. A CORUÑA E CEE","14.758","53.249","681"
"2022-01-14","A.S. FERROL","4.182","15.116","242"
"2022-01-14","A.S. LUGO, A MARIÑA E MONFORTE","7.646","25.590","269"
"2022-01-14","A.S. OURENSE, VERÍN E O BARCO","8.699","31.399","483"
"2022-01-14","A.S. PONTEVEDRA E O SALNÉS","8.303","30.055","237"
"2022-01-14","A.S. SANTIAGO E BARBANZA","11.196","37.302","391"
"2022-01-14","A.S. VIGO","18.365","55.605","546"
"2022-01-14","SEN A.S. ASIGNADA","0","0","0"
"2022-01-14","GALICIA","73.149","248.316","2.849"
"2022-01-15","A.S. A CORUÑA E CEE","14.792","54.330","681"
"2022-01-15","A.S. FERROL","4.062","15.483","242"
"2022-01-15","A.S. LUGO, A MARIÑA E MONFORTE","7.628","26.160","269"
"2022-01-15","A.S. OURENSE, VERÍN E O BARCO","8.464","32.184","483"
"2022-01-15","A.S. PONTEVEDRA E O SALNÉS","8.448","30.632","238"
"2022-01-15","A.S. SANTIAGO E BARBANZA","10.991","38.330","392"
"2022-01-15","A.S. VIGO","18.882","56.645","546"
"2022-01-15","SEN A.S. ASIGNADA","0","0","0"
"2022-01-15","GALICIA","73.267","253.764","2.851"
"2022-01-16","A.S. A CORUÑA E CEE","14.782","55.339","682"
"2022-01-16","A.S. FERROL","4.055","15.716","244"
"2022-01-16","A.S. LUGO, A MARIÑA E MONFORTE","7.468","26.735","269"
"2022-01-16","A.S. OURENSE, VERÍN E O BARCO","8.193","32.935","483"
"2022-01-16","A.S. PONTEVEDRA E O SALNÉS","8.512","31.098","239"
"2022-01-16","A.S. SANTIAGO E BARBANZA","10.787","39.225","393"
"2022-01-16","A.S. VIGO","19.014","57.600","546"
"2022-01-16","SEN A.S. ASIGNADA","0","0","0"
"2022-01-16","GALICIA","72.811","258.648","2.856"
"2022-01-17","A.S. A CORUÑA E CEE","15.338","56.091","682"
"2022-01-17","A.S. FERROL","4.019","16.060","244"
"2022-01-17","A.S. LUGO, A MARIÑA E MONFORTE","7.735","27.113","269"
"2022-01-17","A.S. OURENSE, VERÍN E O BARCO","8.449","33.405","484"
"2022-01-17","A.S. PONTEVEDRA E O SALNÉS","8.754","31.595","239"
"2022-01-17","A.S. SANTIAGO E BARBANZA","11.383","39.700","394"
"2022-01-17","A.S. VIGO","20.185","58.449","547"
"2022-01-17","SEN A.S. ASIGNADA","0","0","0"
"2022-01-17","GALICIA","75.863","262.413","2.859"
"2022-01-18","A.S. A CORUÑA E CEE","15.636","57.018","682"
"2022-01-18","A.S. FERROL","4.032","16.343","244"
"2022-01-18","A.S. LUGO, A MARIÑA E MONFORTE","7.921","27.655","270"
"2022-01-18","A.S. OURENSE, VERÍN E O BARCO","8.441","34.104","484"
"2022-01-18","A.S. PONTEVEDRA E O SALNÉS","9.087","32.018","239"
"2022-01-18","A.S. SANTIAGO E BARBANZA","11.638","40.449","395"
"2022-01-18","A.S. VIGO","20.823","59.528","547"
"2022-01-18","SEN A.S. ASIGNADA","0","0","0"
"2022-01-18","GALICIA","77.578","267.115","2.861"
"2022-01-19","A.S. A CORUÑA E CEE","16.158","57.978","684"
"2022-01-19","A.S. FERROL","4.016","16.632","245"
"2022-01-19","A.S. LUGO, A MARIÑA E MONFORTE","8.075","28.211","270"
"2022-01-19","A.S. OURENSE, VERÍN E O BARCO","8.399","34.891","487"
"2022-01-19","A.S. PONTEVEDRA E O SALNÉS","9.337","32.591","239"
"2022-01-19","A.S. SANTIAGO E BARBANZA","12.038","41.181","396"
"2022-01-19","A.S. VIGO","20.900","61.325","549"
"2022-01-19","SEN A.S. ASIGNADA","0","0","0"
"2022-01-19","GALICIA","78.923","272.809","2.870"
"2022-01-20","A.S. A CORUÑA E CEE","16.569","59.049","685"
"2022-01-20","A.S. FERROL","4.058","16.921","245"
"2022-01-20","A.S. LUGO, A MARIÑA E MONFORTE","8.247","28.726","271"
"2022-01-20","A.S. OURENSE, VERÍN E O BARCO","8.451","35.558","487"
"2022-01-20","A.S. PONTEVEDRA E O SALNÉS","9.456","33.183","239"
"2022-01-20","A.S. SANTIAGO E BARBANZA","12.436","41.880","396"
"2022-01-20","A.S. VIGO","21.543","62.538","551"
"2022-01-20","SEN A.S. ASIGNADA","0","0","0"
"2022-01-20","GALICIA","80.760","277.855","2.874"
"2022-01-21","A.S. A CORUÑA E CEE","16.499","60.509","686"
"2022-01-21","A.S. FERROL","3.985","17.337","245"
"2022-01-21","A.S. LUGO, A MARIÑA E MONFORTE","8.190","29.429","275"
"2022-01-21","A.S. OURENSE, VERÍN E O BARCO","8.201","36.508","488"
"2022-01-21","A.S. PONTEVEDRA E O SALNÉS","9.435","34.035","240"
"2022-01-21","A.S. SANTIAGO E BARBANZA","12.111","43.204","396"
"2022-01-21","A.S. VIGO","21.396","64.414","552"
"2022-01-21","SEN A.S. ASIGNADA","0","0","0"
"2022-01-21","GALICIA","79.817","285.436","2.882"
"2022-01-22","A.S. A CORUÑA E CEE","15.958","62.049","688"
"2022-01-22","A.S. FERROL","3.782","17.740","245"
"2022-01-22","A.S. LUGO, A MARIÑA E MONFORTE","7.702","30.336","275"
"2022-01-22","A.S. OURENSE, VERÍN E O BARCO","7.822","37.308","489"
"2022-01-22","A.S. PONTEVEDRA E O SALNÉS","9.087","34.927","240"
"2022-01-22","A.S. SANTIAGO E BARBANZA","11.519","44.491","396"
"2022-01-22","A.S. VIGO","20.416","66.522","552"
"2022-01-22","SEN A.S. ASIGNADA","0","0","0"
"2022-01-22","GALICIA","76.286","293.373","2.885"
"2022-01-23","A.S. A CORUÑA E CEE","15.187","63.764","691"
"2022-01-23","A.S. FERROL","3.490","18.251","246"
"2022-01-23","A.S. LUGO, A MARIÑA E MONFORTE","7.335","31.143","276"
"2022-01-23","A.S. OURENSE, VERÍN E O BARCO","7.505","38.153","492"
"2022-01-23","A.S. PONTEVEDRA E O SALNÉS","8.566","35.965","240"
"2022-01-23","A.S. SANTIAGO E BARBANZA","10.935","45.769","397"
"2022-01-23","A.S. VIGO","19.071","68.961","552"
"2022-01-23","SEN A.S. ASIGNADA","0","0","0"
"2022-01-23","GALICIA","72.089","302.006","2.894"
"2022-01-24","A.S. A CORUÑA E CEE","14.965","65.522","693"
"2022-01-24","A.S. FERROL","3.369","18.713","246"
"2022-01-24","A.S. LUGO, A MARIÑA E MONFORTE","7.162","32.023","277"
"2022-01-24","A.S. OURENSE, VERÍN E O BARCO","7.293","39.031","492"
"2022-01-24","A.S. PONTEVEDRA E O SALNÉS","8.163","37.118","240"
"2022-01-24","A.S. SANTIAGO E BARBANZA","10.653","47.078","397"
"2022-01-24","A.S. VIGO","18.441","71.535","553"
"2022-01-24","SEN A.S. ASIGNADA","0","0","0"
"2022-01-24","GALICIA","70.046","311.020","2.898"
"2022-01-25","A.S. A CORUÑA E CEE","14.449","67.336","693"
"2022-01-25","A.S. FERROL","3.232","19.183","247"
"2022-01-25","A.S. LUGO, A MARIÑA E MONFORTE","6.772","33.062","278"
"2022-01-25","A.S. OURENSE, VERÍN E O BARCO","6.908","40.003","493"
"2022-01-25","A.S. PONTEVEDRA E O SALNÉS","7.802","38.078","240"
"2022-01-25","A.S. SANTIAGO E BARBANZA","10.376","48.369","398"
"2022-01-25","A.S. VIGO","17.763","73.734","556"
"2022-01-25","SEN A.S. ASIGNADA","0","0","0"
"2022-01-25","GALICIA","67.302","319.765","2.905"
"2022-01-26","A.S. A CORUÑA E CEE","14.733","68.466","693"
"2022-01-26","A.S. FERROL","3.281","19.437","247"
"2022-01-26","A.S. LUGO, A MARIÑA E MONFORTE","6.896","33.616","280"
"2022-01-26","A.S. OURENSE, VERÍN E O BARCO","7.020","40.622","494"
"2022-01-26","A.S. PONTEVEDRA E O SALNÉS","7.776","38.805","241"
"2022-01-26","A.S. SANTIAGO E BARBANZA","10.624","49.198","399"
"2022-01-26","A.S. VIGO","17.894","75.374","558"
"2022-01-26","SEN A.S. ASIGNADA","0","0","0"
"2022-01-26","GALICIA","68.224","325.518","2.912"
"2022-01-27","A.S. A CORUÑA E CEE","14.930","69.544","695"
"2022-01-27","A.S. FERROL","3.315","19.674","248"
"2022-01-27","A.S. LUGO, A MARIÑA E MONFORTE","7.107","34.043","281"
"2022-01-27","A.S. OURENSE, VERÍN E O BARCO","7.110","41.141","495"
"2022-01-27","A.S. PONTEVEDRA E O SALNÉS","7.901","39.361","241"
"2022-01-27","A.S. SANTIAGO E BARBANZA","11.024","49.874","399"
"2022-01-27","A.S. VIGO","18.541","76.451","559"
"2022-01-27","SEN A.S. ASIGNADA","0","0","0"
"2022-01-27","GALICIA","69.928","330.088","2.918"
"2022-01-28","A.S. A CORUÑA E CEE","14.773","70.845","696"
"2022-01-28","A.S. FERROL","3.248","19.978","249"
"2022-01-28","A.S. LUGO, A MARIÑA E MONFORTE","7.075","34.670","281"
"2022-01-28","A.S. OURENSE, VERÍN E O BARCO","6.941","41.885","498"
"2022-01-28","A.S. PONTEVEDRA E O SALNÉS","7.682","40.093","241"
"2022-01-28","A.S. SANTIAGO E BARBANZA","10.812","50.919","402"
"2022-01-28","A.S. VIGO","17.967","78.471","563"
"2022-01-28","SEN A.S. ASIGNADA","0","0","0"
"2022-01-28","GALICIA","68.498","336.861","2.930"
"2022-01-29","A.S. A CORUÑA E CEE","14.456","72.070","698"
"2022-01-29","A.S. FERROL","3.141","20.275","249"
"2022-01-29","A.S. LUGO, A MARIÑA E MONFORTE","6.820","35.405","284"
"2022-01-29","A.S. OURENSE, VERÍN E O BARCO","6.618","42.550","499"
"2022-01-29","A.S. PONTEVEDRA E O SALNÉS","7.406","40.851","241"
"2022-01-29","A.S. SANTIAGO E BARBANZA","10.557","51.929","402"
"2022-01-29","A.S. VIGO","17.375","80.187","564"
"2022-01-29","SEN A.S. ASIGNADA","0","0","0"
"2022-01-29","GALICIA","66.373","343.267","2.937"
"2022-01-30","A.S. A CORUÑA E CEE","13.943","73.545","699"
"2022-01-30","A.S. FERROL","3.053","20.556","249"
"2022-01-30","A.S. LUGO, A MARIÑA E MONFORTE","6.456","36.110","284"
"2022-01-30","A.S. OURENSE, VERÍN E O BARCO","6.364","43.250","500"
"2022-01-30","A.S. PONTEVEDRA E O SALNÉS","7.025","41.683","243"
"2022-01-30","A.S. SANTIAGO E BARBANZA","10.123","53.068","404"
"2022-01-30","A.S. VIGO","16.532","82.070","564"
"2022-01-30","SEN A.S. ASIGNADA","0","0","0"
"2022-01-30","GALICIA","63.496","350.282","2.943"
"2022-01-31","A.S. A CORUÑA E CEE","13.632","75.042","699"
"2022-01-31","A.S. FERROL","3.013","20.874","249"
"2022-01-31","A.S. LUGO, A MARIÑA E MONFORTE","6.359","36.788","286"
"2022-01-31","A.S. OURENSE, VERÍN E O BARCO","6.274","43.968","500"
"2022-01-31","A.S. PONTEVEDRA E O SALNÉS","6.943","42.384","244"
"2022-01-31","A.S. SANTIAGO E BARBANZA","10.030","54.157","407"
"2022-01-31","A.S. VIGO","16.250","83.900","567"
"2022-01-31","SEN A.S. ASIGNADA","0","0","0"
"2022-01-31","GALICIA","62.501","357.113","2.952"
"2022-02-01","A.S. A CORUÑA E CEE","13.564","76.370","699"
"2022-02-01","A.S. FERROL","2.943","21.214","250"
"2022-02-01","A.S. LUGO, A MARIÑA E MONFORTE","6.345","37.458","286"
"2022-02-01","A.S. OURENSE, VERÍN E O BARCO","6.173","44.686","500"
"2022-02-01","A.S. PONTEVEDRA E O SALNÉS","6.689","43.187","245"
"2022-02-01","A.S. SANTIAGO E BARBANZA","10.138","55.119","408"
"2022-02-01","A.S. VIGO","16.176","85.580","568"
"2022-02-01","SEN A.S. ASIGNADA","0","0","0"
"2022-02-01","GALICIA","62.028","363.614","2.956"
"2022-02-02","A.S. A CORUÑA E CEE","13.565","77.371","699"
"2022-02-02","A.S. FERROL","3.015","21.409","250"
"2022-02-02","A.S. LUGO, A MARIÑA E MONFORTE","6.465","37.899","288"
"2022-02-02","A.S. OURENSE, VERÍN E O BARCO","6.158","45.160","501"
"2022-02-02","A.S. PONTEVEDRA E O SALNÉS","6.642","43.759","246"
"2022-02-02","A.S. SANTIAGO E BARBANZA","10.517","55.831","409"
"2022-02-02","A.S. VIGO","16.420","86.771","568"
"2022-02-02","SEN A.S. ASIGNADA","0","0","0"
"2022-02-02","GALICIA","62.782","368.200","2.961"
"2022-02-03","A.S. A CORUÑA E CEE","13.586","78.353","701"
"2022-02-03","A.S. FERROL","2.984","21.637","250"
"2022-02-03","A.S. LUGO, A MARIÑA E MONFORTE","6.481","38.341","289"
"2022-02-03","A.S. OURENSE, VERÍN E O BARCO","6.116","45.690","505"
"2022-02-03","A.S. PONTEVEDRA E O SALNÉS","6.589","44.297","246"
"2022-02-03","A.S. SANTIAGO E BARBANZA","10.752","56.530","411"
"2022-02-03","A.S. VIGO","16.628","87.855","569"
"2022-02-03","SEN A.S. ASIGNADA","0","0","0"
"2022-02-03","GALICIA","63.136","372.703","2.971"
"2022-02-04","A.S. A CORUÑA E CEE","12.960","79.872","704"
"2022-02-04","A.S. FERROL","2.869","21.972","250"
"2022-02-04","A.S. LUGO, A MARIÑA E MONFORTE","6.255","39.040","290"
"2022-02-04","A.S. OURENSE, VERÍN E O BARCO","5.972","46.328","507"
"2022-02-04","A.S. PONTEVEDRA E O SALNÉS","6.320","45.042","246"
"2022-02-04","A.S. SANTIAGO E BARBANZA","10.507","57.548","412"
"2022-02-04","A.S. VIGO","15.782","89.744","570"
"2022-02-04","SEN A.S. ASIGNADA","39","0","0"
"2022-02-04","GALICIA","60.704","379.546","2.979"
"2022-02-05","A.S. A CORUÑA E CEE","12.416","81.136","704"
"2022-02-05","A.S. FERROL","2.703","22.297","250"
"2022-02-05","A.S. LUGO, A MARIÑA E MONFORTE","5.944","39.662","290"
"2022-02-05","A.S. OURENSE, VERÍN E O BARCO","5.661","46.888","507"
"2022-02-05","A.S. PONTEVEDRA E O SALNÉS","6.095","45.634","246"
"2022-02-05","A.S. SANTIAGO E BARBANZA","10.061","58.568","413"
"2022-02-05","A.S. VIGO","15.043","91.252","570"
"2022-02-05","SEN A.S. ASIGNADA","69","0","0"
"2022-02-05","GALICIA","57.992","385.437","2.980"
"2022-02-06","A.S. A CORUÑA E CEE","11.657","82.520","705"
"2022-02-06","A.S. FERROL","2.554","22.602","251"
"2022-02-06","A.S. LUGO, A MARIÑA E MONFORTE","5.601","40.323","291"
"2022-02-06","A.S. OURENSE, VERÍN E O BARCO","5.233","47.618","511"
"2022-02-06","A.S. PONTEVEDRA E O SALNÉS","5.795","46.309","247"
"2022-02-06","A.S. SANTIAGO E BARBANZA","9.554","59.648","413"
"2022-02-06","A.S. VIGO","13.832","93.026","572"
"2022-02-06","SEN A.S. ASIGNADA","100","0","0"
"2022-02-06","GALICIA","54.326","392.046","2.990"
"2022-02-07","A.S. A CORUÑA E CEE","11.309","83.769","707"
"2022-02-07","A.S. FERROL","2.490","22.875","252"
"2022-02-07","A.S. LUGO, A MARIÑA E MONFORTE","5.394","40.969","296"
"2022-02-07","A.S. OURENSE, VERÍN E O BARCO","5.085","48.216","512"
"2022-02-07","A.S. PONTEVEDRA E O SALNÉS","5.521","47.005","248"
"2022-02-07","A.S. SANTIAGO E BARBANZA","9.256","60.716","416"
"2022-02-07","A.S. VIGO","13.039","94.768","579"
"2022-02-07","SEN A.S. ASIGNADA","177","0","0"
"2022-02-07","GALICIA","52.271","398.318","3.010"
"2022-02-08","A.S. A CORUÑA E CEE","10.928","84.932","710"
"2022-02-08","A.S. FERROL","2.405","23.122","252"
"2022-02-08","A.S. LUGO, A MARIÑA E MONFORTE","5.166","41.593","298"
"2022-02-08","A.S. OURENSE, VERÍN E O BARCO","4.856","48.790","513"
"2022-02-08","A.S. PONTEVEDRA E O SALNÉS","5.406","47.523","248"
"2022-02-08","A.S. SANTIAGO E BARBANZA","9.012","61.538","416"
"2022-02-08","A.S. VIGO","12.402","96.268","580"
"2022-02-08","SEN A.S. ASIGNADA","222","0","0"
"2022-02-08","GALICIA","50.397","403.766","3.017"
"2022-02-09","A.S. A CORUÑA E CEE","10.806","85.826","712"
"2022-02-09","A.S. FERROL","2.376","23.327","252"
"2022-02-09","A.S. LUGO, A MARIÑA E MONFORTE","5.074","42.092","299"
"2022-02-09","A.S. OURENSE, VERÍN E O BARCO","4.988","49.137","514"
"2022-02-09","A.S. PONTEVEDRA E O SALNÉS","5.304","48.010","248"
"2022-02-09","A.S. SANTIAGO E BARBANZA","8.937","62.299","416"
"2022-02-09","A.S. VIGO","12.002","97.392","580"
"2022-02-09","SEN A.S. ASIGNADA","264","0","0"
"2022-02-09","GALICIA","49.751","408.083","3.021"
"2022-02-10","A.S. A CORUÑA E CEE","10.509","86.784","713"
"2022-02-10","A.S. FERROL","2.373","23.520","254"
"2022-02-10","A.S. LUGO, A MARIÑA E MONFORTE","5.122","42.436","299"
"2022-02-10","A.S. OURENSE, VERÍN E O BARCO","4.958","49.619","514"
"2022-02-10","A.S. PONTEVEDRA E O SALNÉS","5.247","48.465","249"
"2022-02-10","A.S. SANTIAGO E BARBANZA","8.874","63.006","416"
"2022-02-10","A.S. VIGO","11.843","98.401","583"
"2022-02-10","SEN A.S. ASIGNADA","301","0","0"
"2022-02-10","GALICIA","49.227","412.231","3.028"
"2022-02-11","A.S. A CORUÑA E CEE","9.879","87.914","716"
"2022-02-11","A.S. FERROL","2.255","23.781","254"
"2022-02-11","A.S. LUGO, A MARIÑA E MONFORTE","4.849","43.011","299"
"2022-02-11","A.S. OURENSE, VERÍN E O BARCO","4.626","50.236","519"
"2022-02-11","A.S. PONTEVEDRA E O SALNÉS","4.976","49.083","249"
"2022-02-11","A.S. SANTIAGO E BARBANZA","8.435","63.971","417"
"2022-02-11","A.S. VIGO","10.960","99.940","584"
"2022-02-11","SEN A.S. ASIGNADA","330","0","0"
"2022-02-11","GALICIA","46.310","417.936","3.038"
"2022-02-12","A.S. A CORUÑA E CEE","9.110","89.141","716"
"2022-02-12","A.S. FERROL","2.115","24.040","254"
"2022-02-12","A.S. LUGO, A MARIÑA E MONFORTE","4.394","43.667","301"
"2022-02-12","A.S. OURENSE, VERÍN E O BARCO","4.264","50.867","521"
"2022-02-12","A.S. PONTEVEDRA E O SALNÉS","4.631","49.630","252"
"2022-02-12","A.S. SANTIAGO E BARBANZA","7.711","65.035","418"
"2022-02-12","A.S. VIGO","9.755","101.563","584"
"2022-02-12","SEN A.S. ASIGNADA","348","0","0"
"2022-02-12","GALICIA","42.328","423.943","3.046"
"2022-02-13","A.S. A CORUÑA E CEE","8.458","90.144","719"
"2022-02-13","A.S. FERROL","1.945","24.310","254"
"2022-02-13","A.S. LUGO, A MARIÑA E MONFORTE","4.026","44.208","302"
"2022-02-13","A.S. OURENSE, VERÍN E O BARCO","4.030","51.294","522"
"2022-02-13","A.S. PONTEVEDRA E O SALNÉS","4.333","50.129","252"
"2022-02-13","A.S. SANTIAGO E BARBANZA","6.899","66.161","418"
"2022-02-13","A.S. VIGO","8.689","102.974","585"
"2022-02-13","SEN A.S. ASIGNADA","368","0","0"
"2022-02-13","GALICIA","38.748","429.220","3.052"
"2022-02-14","A.S. A CORUÑA E CEE","7.987","91.162","721"
"2022-02-14","A.S. FERROL","1.862","24.511","254"
"2022-02-14","A.S. LUGO, A MARIÑA E MONFORTE","3.849","44.671","302"
"2022-02-14","A.S. OURENSE, VERÍN E O BARCO","3.849","51.784","523"
"2022-02-14","A.S. PONTEVEDRA E O SALNÉS","4.069","50.620","252"
"2022-02-14","A.S. SANTIAGO E BARBANZA","6.370","67.089","419"
"2022-02-14","A.S. VIGO","7.946","104.280","585"
"2022-02-14","SEN A.S. ASIGNADA","398","0","0"
"2022-02-14","GALICIA","36.330","434.117","3.056"
"2022-02-15","A.S. A CORUÑA E CEE","7.581","92.046","724"
"2022-02-15","A.S. FERROL","1.779","24.729","254"
"2022-02-15","A.S. LUGO, A MARIÑA E MONFORTE","3.646","45.180","303"
"2022-02-15","A.S. OURENSE, VERÍN E O BARCO","3.648","52.296","524"
"2022-02-15","A.S. PONTEVEDRA E O SALNÉS","3.818","51.101","253"
"2022-02-15","A.S. SANTIAGO E BARBANZA","6.089","67.853","419"
"2022-02-15","A.S. VIGO","7.421","105.333","585"
"2022-02-15","SEN A.S. ASIGNADA","391","37","0"
"2022-02-15","GALICIA","34.373","438.575","3.062"
"2022-02-16","A.S. A CORUÑA E CEE","7.307","92.810","727"
"2022-02-16","A.S. FERROL","1.743","24.889","254"
"2022-02-16","A.S. LUGO, A MARIÑA E MONFORTE","3.689","45.489","304"
"2022-02-16","A.S. OURENSE, VERÍN E O BARCO","3.706","52.553","524"
"2022-02-16","A.S. PONTEVEDRA E O SALNÉS","3.733","51.451","254"
"2022-02-16","A.S. SANTIAGO E BARBANZA","5.950","68.444","419"
"2022-02-16","A.S. VIGO","7.109","106.156","586"
"2022-02-16","SEN A.S. ASIGNADA","396","65","0"
"2022-02-16","GALICIA","33.633","441.857","3.068"
"2022-02-17","A.S. A CORUÑA E CEE","7.156","93.482","729"
"2022-02-17","A.S. FERROL","1.724","25.046","255"
"2022-02-17","A.S. LUGO, A MARIÑA E MONFORTE","3.665","45.802","305"
"2022-02-17","A.S. OURENSE, VERÍN E O BARCO","3.688","52.856","524"
"2022-02-17","A.S. PONTEVEDRA E O SALNÉS","3.587","51.837","255"
"2022-02-17","A.S. SANTIAGO E BARBANZA","5.831","69.022","421"
"2022-02-17","A.S. VIGO","7.058","106.693","586"
"2022-02-17","SEN A.S. ASIGNADA","399","94","0"
"2022-02-17","GALICIA","33.108","444.832","3.075"
"2022-02-18","A.S. A CORUÑA E CEE","6.599","94.370","729"
"2022-02-18","A.S. FERROL","1.630","25.267","255"
"2022-02-18","A.S. LUGO, A MARIÑA E MONFORTE","3.472","46.246","305"
"2022-02-18","A.S. OURENSE, VERÍN E O BARCO","3.520","53.285","524"
"2022-02-18","A.S. PONTEVEDRA E O SALNÉS","3.385","52.259","255"
"2022-02-18","A.S. SANTIAGO E BARBANZA","5.436","69.778","423"
"2022-02-18","A.S. VIGO","6.525","107.632","586"
"2022-02-18","SEN A.S. ASIGNADA","337","170","0"
"2022-02-18","GALICIA","30.904","449.007","3.077"
"2022-02-19","A.S. A CORUÑA E CEE","6.073","95.159","729"
"2022-02-19","A.S. FERROL","1.545","25.437","255"
"2022-02-19","A.S. LUGO, A MARIÑA E MONFORTE","3.222","46.635","305"
"2022-02-19","A.S. OURENSE, VERÍN E O BARCO","3.313","53.639","524"
"2022-02-19","A.S. PONTEVEDRA E O SALNÉS","3.127","52.655","255"
"2022-02-19","A.S. SANTIAGO E BARBANZA","5.077","70.348","423"
"2022-02-19","A.S. VIGO","5.917","108.518","588"
"2022-02-19","SEN A.S. ASIGNADA","312","210","0"
"2022-02-19","GALICIA","28.586","452.601","3.079"
"2022-02-20","A.S. A CORUÑA E CEE","5.506","95.940","731"
"2022-02-20","A.S. FERROL","1.460","25.607","255"
"2022-02-20","A.S. LUGO, A MARIÑA E MONFORTE","2.943","47.055","306"
"2022-02-20","A.S. OURENSE, VERÍN E O BARCO","3.003","54.091","524"
"2022-02-20","A.S. PONTEVEDRA E O SALNÉS","2.857","53.050","255"
"2022-02-20","A.S. SANTIAGO E BARBANZA","4.583","71.032","423"
"2022-02-20","A.S. VIGO","5.468","109.234","588"
"2022-02-20","SEN A.S. ASIGNADA","282","256","0"
"2022-02-20","GALICIA","26.102","456.265","3.082"
"2022-02-21","A.S. A CORUÑA E CEE","5.170","96.613","731"
"2022-02-21","A.S. FERROL","1.376","25.804","255"
"2022-02-21","A.S. LUGO, A MARIÑA E MONFORTE","2.814","47.445","306"
"2022-02-21","A.S. OURENSE, VERÍN E O BARCO","2.838","54.506","524"
"2022-02-21","A.S. PONTEVEDRA E O SALNÉS","2.628","53.450","255"
"2022-02-21","A.S. SANTIAGO E BARBANZA","4.224","71.704","423"
"2022-02-21","A.S. VIGO","4.962","110.086","588"
"2022-02-21","SEN A.S. ASIGNADA","254","292","0"
"2022-02-21","GALICIA","24.266","459.900","3.082"
"2022-02-22","A.S. A CORUÑA E CEE","4.923","97.139","732"
"2022-02-22","A.S. FERROL","1.315","25.933","257"
"2022-02-22","A.S. LUGO, A MARIÑA E MONFORTE","2.710","47.755","308"
"2022-02-22","A.S. OURENSE, VERÍN E O BARCO","2.756","54.826","524"
"2022-02-22","A.S. PONTEVEDRA E O SALNÉS","2.423","53.814","256"
"2022-02-22","A.S. SANTIAGO E BARBANZA","3.999","72.249","423"
"2022-02-22","A.S. VIGO","4.626","110.782","588"
"2022-02-22","SEN A.S. ASIGNADA","231","323","0"
"2022-02-22","GALICIA","22.983","462.821","3.088"
"2022-02-23","A.S. A CORUÑA E CEE","4.716","97.613","733"
"2022-02-23","A.S. FERROL","1.313","26.048","257"
"2022-02-23","A.S. LUGO, A MARIÑA E MONFORTE","2.758","47.956","309"
"2022-02-23","A.S. OURENSE, VERÍN E O BARCO","2.657","55.121","524"
"2022-02-23","A.S. PONTEVEDRA E O SALNÉS","2.384","54.039","256"
"2022-02-23","A.S. SANTIAGO E BARBANZA","3.984","72.594","423"
"2022-02-23","A.S. VIGO","4.600","111.189","589"
"2022-02-23","SEN A.S. ASIGNADA","224","340","0"
"2022-02-23","GALICIA","22.636","464.900","3.091"
"2022-02-24","A.S. A CORUÑA E CEE","4.670","98.015","734"
"2022-02-24","A.S. FERROL","1.304","26.153","257"
"2022-02-24","A.S. LUGO, A MARIÑA E MONFORTE","2.784","48.132","310"
"2022-02-24","A.S. OURENSE, VERÍN E O BARCO","2.653","55.313","526"
"2022-02-24","A.S. PONTEVEDRA E O SALNÉS","2.342","54.244","258"
"2022-02-24","A.S. SANTIAGO E BARBANZA","3.973","72.921","424"
"2022-02-24","A.S. VIGO","4.521","111.552","591"
"2022-02-24","SEN A.S. ASIGNADA","212","360","0"
"2022-02-24","GALICIA","22.459","466.690","3.100"
"2022-02-25","A.S. A CORUÑA E CEE","4.361","98.552","734"
"2022-02-25","A.S. FERROL","1.250","26.279","258"
"2022-02-25","A.S. LUGO, A MARIÑA E MONFORTE","2.691","48.409","311"
"2022-02-25","A.S. OURENSE, VERÍN E O BARCO","2.505","55.626","526"
"2022-02-25","A.S. PONTEVEDRA E O SALNÉS","2.257","54.471","258"
"2022-02-25","A.S. SANTIAGO E BARBANZA","3.807","73.303","424"
"2022-02-25","A.S. VIGO","4.242","112.112","591"
"2022-02-25","SEN A.S. ASIGNADA","189","390","0"
"2022-02-25","GALICIA","21.302","469.142","3.102"
"2022-02-26","A.S. A CORUÑA E CEE","4.060","99.009","736"
"2022-02-26","A.S. FERROL","1.163","26.416","258"
"2022-02-26","A.S. LUGO, A MARIÑA E MONFORTE","2.483","48.734","311"
"2022-02-26","A.S. OURENSE, VERÍN E O BARCO","2.337","55.912","527"
"2022-02-26","A.S. PONTEVEDRA E O SALNÉS","2.148","54.703","258"
"2022-02-26","A.S. SANTIAGO E BARBANZA","3.517","73.778","427"
"2022-02-26","A.S. VIGO","3.921","112.635","591"
"2022-02-26","SEN A.S. ASIGNADA","158","425","0"
"2022-02-26","GALICIA","19.787","471.612","3.108"
"2022-02-27","A.S. A CORUÑA E CEE","3.711","99.559","736"
"2022-02-27","A.S. FERROL","1.099","26.539","258"
"2022-02-27","A.S. LUGO, A MARIÑA E MONFORTE","2.259","49.071","311"
"2022-02-27","A.S. OURENSE, VERÍN E O BARCO","2.136","56.211","528"
"2022-02-27","A.S. PONTEVEDRA E O SALNÉS","1.989","54.968","258"
"2022-02-27","A.S. SANTIAGO E BARBANZA","3.220","74.238","427"
"2022-02-27","A.S. VIGO","3.603","113.149","591"
"2022-02-27","SEN A.S. ASIGNADA","128","457","0"
"2022-02-27","GALICIA","18.145","474.192","3.109"
"2022-02-28","A.S. A CORUÑA E CEE","3.351","100.114","736"
"2022-02-28","A.S. FERROL","1.041","26.678","258"
"2022-02-28","A.S. LUGO, A MARIÑA E MONFORTE","2.151","49.348","311"
"2022-02-28","A.S. OURENSE, VERÍN E O BARCO","2.004","56.510","528"
"2022-02-28","A.S. PONTEVEDRA E O SALNÉS","1.907","55.218","259"
"2022-02-28","A.S. SANTIAGO E BARBANZA","3.033","74.694","428"
"2022-02-28","A.S. VIGO","3.371","113.645","592"
"2022-02-28","SEN A.S. ASIGNADA","103","492","0"
"2022-02-28","GALICIA","16.961","476.699","3.112"
"2022-03-01","A.S. A CORUÑA E CEE","3.230","100.464","736"
"2022-03-01","A.S. FERROL","968","26.812","258"
"2022-03-01","A.S. LUGO, A MARIÑA E MONFORTE","2.014","49.605","312"
"2022-03-01","A.S. OURENSE, VERÍN E O BARCO","1.878","56.776","530"
"2022-03-01","A.S. PONTEVEDRA E O SALNÉS","1.863","55.450","260"
"2022-03-01","A.S. SANTIAGO E BARBANZA","2.925","75.068","428"
"2022-03-01","A.S. VIGO","3.275","114.036","592"
"2022-03-01","SEN A.S. ASIGNADA","96","504","0"
"2022-03-01","GALICIA","16.249","478.715","3.116"
"2022-03-02","A.S. A CORUÑA E CEE","3.228","100.745","736"
"2022-03-02","A.S. FERROL","964","26.892","259"
"2022-03-02","A.S. LUGO, A MARIÑA E MONFORTE","2.087","49.759","312"
"2022-03-02","A.S. OURENSE, VERÍN E O BARCO","1.962","56.913","531"
"2022-03-02","A.S. PONTEVEDRA E O SALNÉS","1.912","55.607","260"
"2022-03-02","A.S. SANTIAGO E BARBANZA","3.003","75.282","429"
"2022-03-02","A.S. VIGO","3.348","114.318","592"
"2022-03-02","SEN A.S. ASIGNADA","91","517","0"
"2022-03-02","GALICIA","16.595","480.033","3.119"
"2022-03-03","A.S. A CORUÑA E CEE","3.293","101.013","736"
"2022-03-03","A.S. FERROL","968","26.984","259"
"2022-03-03","A.S. LUGO, A MARIÑA E MONFORTE","2.179","49.910","312"
"2022-03-03","A.S. OURENSE, VERÍN E O BARCO","2.122","57.061","531"
"2022-03-03","A.S. PONTEVEDRA E O SALNÉS","2.058","55.737","260"
"2022-03-03","A.S. SANTIAGO E BARBANZA","3.171","75.467","429"
"2022-03-03","A.S. VIGO","3.391","114.604","594"
"2022-03-03","SEN A.S. ASIGNADA","86","533","0"
"2022-03-03","GALICIA","17.268","481.309","3.121"
"2022-03-04","A.S. A CORUÑA E CEE","3.346","101.382","736"
"2022-03-04","A.S. FERROL","976","27.096","259"
"2022-03-04","A.S. LUGO, A MARIÑA E MONFORTE","2.190","50.182","312"
"2022-03-04","A.S. OURENSE, VERÍN E O BARCO","2.243","57.313","531"
"2022-03-04","A.S. PONTEVEDRA E O SALNÉS","2.114","55.907","260"
"2022-03-04","A.S. SANTIAGO E BARBANZA","3.173","75.766","430"
"2022-03-04","A.S. VIGO","3.365","114.941","595"
"2022-03-04","SEN A.S. ASIGNADA","84","543","0"
"2022-03-04","GALICIA","17.491","483.130","3.123"
"2022-03-05","A.S. A CORUÑA E CEE","3.397","101.672","737"
"2022-03-05","A.S. FERROL","986","27.163","259"
"2022-03-05","A.S. LUGO, A MARIÑA E MONFORTE","2.133","50.404","312"
"2022-03-05","A.S. OURENSE, VERÍN E O BARCO","2.290","57.557","532"
"2022-03-05","A.S. PONTEVEDRA E O SALNÉS","2.116","56.070","262"
"2022-03-05","A.S. SANTIAGO E BARBANZA","3.104","76.109","430"
"2022-03-05","A.S. VIGO","3.275","115.345","595"
"2022-03-05","SEN A.S. ASIGNADA","81","550","0"
"2022-03-05","GALICIA","17.382","484.870","3.127"
"2022-03-06","A.S. A CORUÑA E CEE","3.466","101.932","739"
"2022-03-06","A.S. FERROL","942","27.284","261"
"2022-03-06","A.S. LUGO, A MARIÑA E MONFORTE","2.040","50.653","313"
"2022-03-06","A.S. OURENSE, VERÍN E O BARCO","2.293","57.753","533"
"2022-03-06","A.S. PONTEVEDRA E O SALNÉS","2.081","56.258","262"
"2022-03-06","A.S. SANTIAGO E BARBANZA","2.995","76.437","431"
"2022-03-06","A.S. VIGO","3.126","115.700","598"
"2022-03-06","SEN A.S. ASIGNADA","75","560","0"
"2022-03-06","GALICIA","17.018","486.577","3.137"
"2022-03-07","A.S. A CORUÑA E CEE","3.418","102.325","739"
"2022-03-07","A.S. FERROL","959","27.378","261"
"2022-03-07","A.S. LUGO, A MARIÑA E MONFORTE","2.066","50.842","313"
"2022-03-07","A.S. OURENSE, VERÍN E O BARCO","2.419","57.935","533"
"2022-03-07","A.S. PONTEVEDRA E O SALNÉS","2.065","56.453","262"
"2022-03-07","A.S. SANTIAGO E BARBANZA","2.997","76.764","432"
"2022-03-07","A.S. VIGO","3.123","116.002","599"
"2022-03-07","SEN A.S. ASIGNADA","75","570","0"
"2022-03-07","GALICIA","17.122","488.269","3.139"
"2022-03-08","A.S. A CORUÑA E CEE","3.621","102.579","739"
"2022-03-08","A.S. FERROL","1.013","27.456","261"
"2022-03-08","A.S. LUGO, A MARIÑA E MONFORTE","2.156","51.028","313"
"2022-03-08","A.S. OURENSE, VERÍN E O BARCO","2.535","58.125","533"
"2022-03-08","A.S. PONTEVEDRA E O SALNÉS","2.140","56.588","263"
"2022-03-08","A.S. SANTIAGO E BARBANZA","3.095","76.998","433"
"2022-03-08","A.S. VIGO","3.210","116.299","599"
"2022-03-08","SEN A.S. ASIGNADA","72","577","0"
"2022-03-08","GALICIA","17.842","489.650","3.141"
"2022-03-09","A.S. A CORUÑA E CEE","3.865","102.738","739"
"2022-03-09","A.S. FERROL","1.138","27.509","261"
"2022-03-09","A.S. LUGO, A MARIÑA E MONFORTE","2.296","51.164","313"
"2022-03-09","A.S. OURENSE, VERÍN E O BARCO","2.688","58.241","533"
"2022-03-09","A.S. PONTEVEDRA E O SALNÉS","2.241","56.700","263"
"2022-03-09","A.S. SANTIAGO E BARBANZA","3.217","77.191","434"
"2022-03-09","A.S. VIGO","3.379","116.496","600"
"2022-03-09","SEN A.S. ASIGNADA","80","582","0"
"2022-03-09","GALICIA","18.904","490.621","3.143"
"2022-03-10","A.S. A CORUÑA E CEE","3.970","102.985","740"
"2022-03-10","A.S. FERROL","1.239","27.573","261"
"2022-03-10","A.S. LUGO, A MARIÑA E MONFORTE","2.418","51.278","313"
"2022-03-10","A.S. OURENSE, VERÍN E O BARCO","2.834","58.370","535"
"2022-03-10","A.S. PONTEVEDRA E O SALNÉS","2.336","56.818","263"
"2022-03-10","A.S. SANTIAGO E BARBANZA","3.341","77.354","437"
"2022-03-10","A.S. VIGO","3.588","116.687","601"
"2022-03-10","SEN A.S. ASIGNADA","85","584","0"
"2022-03-10","GALICIA","19.811","491.649","3.150"
"2022-03-11","A.S. A CORUÑA E CEE","4.140","103.178","741"
"2022-03-11","A.S. FERROL","1.303","27.656","261"
"2022-03-11","A.S. LUGO, A MARIÑA E MONFORTE","2.454","51.439","313"
"2022-03-11","A.S. OURENSE, VERÍN E O BARCO","2.927","58.528","535"
"2022-03-11","A.S. PONTEVEDRA E O SALNÉS","2.349","56.990","263"
"2022-03-11","A.S. SANTIAGO E BARBANZA","3.352","77.618","438"
"2022-03-11","A.S. VIGO","3.638","116.953","604"
"2022-03-11","SEN A.S. ASIGNADA","84","593","0"
"2022-03-11","GALICIA","20.247","492.955","3.155"
"2022-03-12","A.S. A CORUÑA E CEE","4.146","103.430","742"
"2022-03-12","A.S. FERROL","1.360","27.717","261"
"2022-03-12","A.S. LUGO, A MARIÑA E MONFORTE","2.476","51.562","313"
"2022-03-12","A.S. OURENSE, VERÍN E O BARCO","2.936","58.674","535"
"2022-03-12","A.S. PONTEVEDRA E O SALNÉS","2.287","57.185","263"
"2022-03-12","A.S. SANTIAGO E BARBANZA","3.280","77.866","438"
"2022-03-12","A.S. VIGO","3.587","117.237","606"
"2022-03-12","SEN A.S. ASIGNADA","85","600","0"
"2022-03-12","GALICIA","20.157","494.271","3.158"
"2022-03-13","A.S. A CORUÑA E CEE","4.116","103.698","742"
"2022-03-13","A.S. FERROL","1.402","27.797","261"
"2022-03-13","A.S. LUGO, A MARIÑA E MONFORTE","2.378","51.796","313"
"2022-03-13","A.S. OURENSE, VERÍN E O BARCO","2.840","58.884","535"
"2022-03-13","A.S. PONTEVEDRA E O SALNÉS","2.220","57.398","263"
"2022-03-13","A.S. SANTIAGO E BARBANZA","3.202","78.147","438"
"2022-03-13","A.S. VIGO","3.403","117.593","607"
"2022-03-13","SEN A.S. ASIGNADA","81","608","0"
"2022-03-13","GALICIA","19.642","495.921","3.159"
"2022-03-14","A.S. A CORUÑA E CEE","4.256","104.033","742"
"2022-03-14","A.S. FERROL","1.487","27.889","261"
"2022-03-14","A.S. LUGO, A MARIÑA E MONFORTE","2.486","52.022","314"
"2022-03-14","A.S. OURENSE, VERÍN E O BARCO","2.833","59.165","537"
"2022-03-14","A.S. PONTEVEDRA E O SALNÉS","2.178","57.664","263"
"2022-03-14","A.S. SANTIAGO E BARBANZA","3.197","78.531","438"
"2022-03-14","A.S. VIGO","3.491","117.916","608"
"2022-03-14","SEN A.S. ASIGNADA","84","619","0"
"2022-03-14","GALICIA","20.012","497.839","3.163"
"2022-03-15","A.S. A CORUÑA E CEE","4.255","104.446","742"
"2022-03-15","A.S. FERROL","1.544","28.007","261"
"2022-03-15","A.S. LUGO, A MARIÑA E MONFORTE","2.429","52.314","314"
"2022-03-15","A.S. OURENSE, VERÍN E O BARCO","2.738","59.548","537"
"2022-03-15","A.S. PONTEVEDRA E O SALNÉS","2.111","57.900","263"
"2022-03-15","A.S. SANTIAGO E BARBANZA","3.175","78.843","438"
"2022-03-15","A.S. VIGO","3.532","118.233","611"
"2022-03-15","SEN A.S. ASIGNADA","89","627","0"
"2022-03-15","GALICIA","19.873","499.918","3.166"
"2022-03-16","A.S. A CORUÑA E CEE","4.391","104.786","742"
"2022-03-16","A.S. FERROL","1.679","28.083","262"
"2022-03-16","A.S. LUGO, A MARIÑA E MONFORTE","2.492","52.479","315"
"2022-03-16","A.S. OURENSE, VERÍN E O BARCO","2.691","59.832","537"
"2022-03-16","A.S. PONTEVEDRA E O SALNÉS","2.169","58.065","263"
"2022-03-16","A.S. SANTIAGO E BARBANZA","3.289","79.113","438"
"2022-03-16","A.S. VIGO","3.691","118.540","613"
"2022-03-16","SEN A.S. ASIGNADA","93","632","0"
"2022-03-16","GALICIA","20.495","501.530","3.170"
"2022-03-17","A.S. A CORUÑA E CEE","4.510","105.126","742"
"2022-03-17","A.S. FERROL","1.793","28.165","263"
"2022-03-17","A.S. LUGO, A MARIÑA E MONFORTE","2.602","52.660","315"
"2022-03-17","A.S. OURENSE, VERÍN E O BARCO","2.803","60.016","537"
"2022-03-17","A.S. PONTEVEDRA E O SALNÉS","2.247","58.232","263"
"2022-03-17","A.S. SANTIAGO E BARBANZA","3.457","79.319","440"
"2022-03-17","A.S. VIGO","3.886","118.748","615"
"2022-03-17","SEN A.S. ASIGNADA","101","636","0"
"2022-03-17","GALICIA","21.399","502.902","3.175"
"2022-03-18","A.S. A CORUÑA E CEE","4.604","105.449","742"
"2022-03-18","A.S. FERROL","1.864","28.281","263"
"2022-03-18","A.S. LUGO, A MARIÑA E MONFORTE","2.645","52.871","315"
"2022-03-18","A.S. OURENSE, VERÍN E O BARCO","2.760","60.339","538"
"2022-03-18","A.S. PONTEVEDRA E O SALNÉS","2.290","58.412","263"
"2022-03-18","A.S. SANTIAGO E BARBANZA","3.490","79.656","440"
"2022-03-18","A.S. VIGO","4.005","119.039","615"
"2022-03-18","SEN A.S. ASIGNADA","96","646","0"
"2022-03-18","GALICIA","21.754","504.693","3.176"
"2022-03-19","A.S. A CORUÑA E CEE","4.430","105.893","742"
"2022-03-19","A.S. FERROL","1.907","28.399","263"
"2022-03-19","A.S. LUGO, A MARIÑA E MONFORTE","2.547","53.143","315"
"2022-03-19","A.S. OURENSE, VERÍN E O BARCO","2.606","60.619","538"
"2022-03-19","A.S. PONTEVEDRA E O SALNÉS","2.246","58.623","263"
"2022-03-19","A.S. SANTIAGO E BARBANZA","3.355","80.009","442"
"2022-03-19","A.S. VIGO","3.883","119.410","616"
"2022-03-19","SEN A.S. ASIGNADA","100","649","0"
"2022-03-19","GALICIA","21.074","506.745","3.179"
"2022-03-20","A.S. A CORUÑA E CEE","4.333","106.288","743"
"2022-03-20","A.S. FERROL","1.865","28.569","263"
"2022-03-20","A.S. LUGO, A MARIÑA E MONFORTE","2.451","53.401","316"
"2022-03-20","A.S. OURENSE, VERÍN E O BARCO","2.459","60.919","540"
"2022-03-20","A.S. PONTEVEDRA E O SALNÉS","2.208","58.837","263"
"2022-03-20","A.S. SANTIAGO E BARBANZA","3.256","80.337","442"
"2022-03-20","A.S. VIGO","3.802","119.757","616"
"2022-03-20","SEN A.S. ASIGNADA","94","661","0"
"2022-03-20","GALICIA","20.468","508.769","3.183"
"2022-03-21","A.S. A CORUÑA E CEE","4.409","106.651","745"
"2022-03-21","A.S. FERROL","1.932","28.731","263"
"2022-03-21","A.S. LUGO, A MARIÑA E MONFORTE","2.519","53.653","316"
"2022-03-21","A.S. OURENSE, VERÍN E O BARCO","2.458","61.182","540"
"2022-03-21","A.S. PONTEVEDRA E O SALNÉS","2.244","59.039","263"
"2022-03-21","A.S. SANTIAGO E BARBANZA","3.448","80.617","442"
"2022-03-21","A.S. VIGO","3.931","120.152","618"
"2022-03-21","SEN A.S. ASIGNADA","97","667","0"
"2022-03-21","GALICIA","21.038","510.692","3.187"
"2022-03-22","A.S. A CORUÑA E CEE","4.562","106.997","745"
"2022-03-22","A.S. FERROL","2.022","28.867","264"
"2022-03-22","A.S. LUGO, A MARIÑA E MONFORTE","2.630","53.847","317"
"2022-03-22","A.S. OURENSE, VERÍN E O BARCO","2.468","61.437","541"
"2022-03-22","A.S. PONTEVEDRA E O SALNÉS","2.319","59.218","263"
"2022-03-22","A.S. SANTIAGO E BARBANZA","3.555","80.892","442"
"2022-03-22","A.S. VIGO","4.065","120.490","618"
"2022-03-22","SEN A.S. ASIGNADA","99","675","0"
"2022-03-22","GALICIA","21.720","512.423","3.190"
"2022-03-23","A.S. A CORUÑA E CEE","4.876","107.260","745"
"2022-03-23","A.S. FERROL","2.175","28.976","264"
"2022-03-23","A.S. LUGO, A MARIÑA E MONFORTE","2.775","53.996","318"
"2022-03-23","A.S. OURENSE, VERÍN E O BARCO","2.593","61.599","541"
"2022-03-23","A.S. PONTEVEDRA E O SALNÉS","2.454","59.360","263"
"2022-03-23","A.S. SANTIAGO E BARBANZA","3.837","81.061","443"
"2022-03-23","A.S. VIGO","4.316","120.737","620"
"2022-03-23","SEN A.S. ASIGNADA","96","684","0"
"2022-03-23","GALICIA","23.122","513.673","3.194"
"2022-03-24","A.S. A CORUÑA E CEE","5.061","107.522","745"
"2022-03-24","A.S. FERROL","2.276","29.088","264"
"2022-03-24","A.S. LUGO, A MARIÑA E MONFORTE","2.865","54.151","319"
"2022-03-24","A.S. OURENSE, VERÍN E O BARCO","2.728","61.747","541"
"2022-03-24","A.S. PONTEVEDRA E O SALNÉS","2.557","59.501","264"
"2022-03-24","A.S. SANTIAGO E BARBANZA","4.006","81.272","444"
"2022-03-24","A.S. VIGO","4.566","120.917","621"
"2022-03-24","SEN A.S. ASIGNADA","103","689","0"
"2022-03-24","GALICIA","24.162","514.887","3.198"
"2022-03-25","A.S. A CORUÑA E CEE","5.064","107.969","745"
"2022-03-25","A.S. FERROL","2.332","29.279","264"
"2022-03-25","A.S. LUGO, A MARIÑA E MONFORTE","2.789","54.476","319"
"2022-03-25","A.S. OURENSE, VERÍN E O BARCO","2.705","62.001","541"
"2022-03-25","A.S. PONTEVEDRA E O SALNÉS","2.574","59.704","266"
"2022-03-25","A.S. SANTIAGO E BARBANZA","3.952","81.639","444"
"2022-03-25","A.S. VIGO","4.590","121.303","625"
"2022-03-25","SEN A.S. ASIGNADA","97","701","0"
"2022-03-25","GALICIA","24.103","517.072","3.204"
"2022-03-26","A.S. A CORUÑA E CEE","4.903","108.368","745"
"2022-03-26","A.S. FERROL","2.277","29.448","265"
"2022-03-26","A.S. LUGO, A MARIÑA E MONFORTE","2.696","54.705","319"
"2022-03-26","A.S. OURENSE, VERÍN E O BARCO","2.575","62.253","541"
"2022-03-26","A.S. PONTEVEDRA E O SALNÉS","2.559","59.884","266"
"2022-03-26","A.S. SANTIAGO E BARBANZA","3.868","81.923","444"
"2022-03-26","A.S. VIGO","4.492","121.660","625"
"2022-03-26","SEN A.S. ASIGNADA","91","714","0"
"2022-03-26","GALICIA","23.461","518.955","3.205"
"2022-03-27","A.S. A CORUÑA E CEE","4.643","108.856","745"
"2022-03-27","A.S. FERROL","2.167","29.660","265"
"2022-03-27","A.S. LUGO, A MARIÑA E MONFORTE","2.608","54.944","319"
"2022-03-27","A.S. OURENSE, VERÍN E O BARCO","2.463","62.503","541"
"2022-03-27","A.S. PONTEVEDRA E O SALNÉS","2.482","60.107","266"
"2022-03-27","A.S. SANTIAGO E BARBANZA","3.669","82.298","445"
"2022-03-27","A.S. VIGO","4.238","122.128","626"
"2022-03-27","SEN A.S. ASIGNADA","87","724","0"
"2022-03-27","GALICIA","22.357","521.220","3.207"
"2022-03-28","A.S. A CORUÑA E CEE","4.380","109.304","745"
"2022-03-28","A.S. FERROL","2.060","29.848","265"
"2022-03-28","A.S. LUGO, A MARIÑA E MONFORTE","2.452","55.234","319"
"2022-03-28","A.S. OURENSE, VERÍN E O BARCO","2.299","62.799","543"
"2022-03-28","A.S. PONTEVEDRA E O SALNÉS","2.346","60.351","266"
"2022-03-28","A.S. SANTIAGO E BARBANZA","3.445","82.668","445"
"2022-03-28","A.S. VIGO","3.966","122.537","627"
"2022-03-28","SEN A.S. ASIGNADA","74","737","0"
"2022-03-28","GALICIA","21.022","523.478","3.210"
"2022-03-29","A.S. A CORUÑA E CEE","4.157","109.709","745"
"2022-03-29","A.S. FERROL","1.964","30.039","265"
"2022-03-29","A.S. LUGO, A MARIÑA E MONFORTE","2.332","55.491","319"
"2022-03-29","A.S. OURENSE, VERÍN E O BARCO","2.180","63.088","543"
"2022-03-29","A.S. PONTEVEDRA E O SALNÉS","2.229","60.575","266"
"2022-03-29","A.S. SANTIAGO E BARBANZA","3.184","83.040","445"
"2022-03-29","A.S. VIGO","3.679","122.954","628"
"2022-03-29","SEN A.S. ASIGNADA","69","742","0"
"2022-03-29","GALICIA","19.794","525.638","3.211"
"2022-03-30","A.S. A CORUÑA E CEE","4.074","110.005","745"
"2022-03-30","A.S. FERROL","1.908","30.199","266"
"2022-03-30","A.S. LUGO, A MARIÑA E MONFORTE","2.351","55.654","320"
"2022-03-30","A.S. OURENSE, VERÍN E O BARCO","2.176","63.237","543"
"2022-03-30","A.S. PONTEVEDRA E O SALNÉS","2.162","60.748","267"
"2022-03-30","A.S. SANTIAGO E BARBANZA","3.162","83.247","445"
"2022-03-30","A.S. VIGO","3.661","123.216","628"
"2022-03-30","SEN A.S. ASIGNADA","63","748","0"
"2022-03-30","GALICIA","19.557","527.054","3.214"
"2022-03-31","A.S. A CORUÑA E CEE","3.944","110.321","746"
"2022-03-31","A.S. FERROL","1.875","30.331","267"
"2022-03-31","A.S. LUGO, A MARIÑA E MONFORTE","2.337","55.817","320"
"2022-03-31","A.S. OURENSE, VERÍN E O BARCO","2.105","63.401","543"
"2022-03-31","A.S. PONTEVEDRA E O SALNÉS","2.113","60.924","267"
"2022-03-31","A.S. SANTIAGO E BARBANZA","3.107","83.459","445"
"2022-03-31","A.S. VIGO","3.680","123.457","629"
"2022-03-31","SEN A.S. ASIGNADA","57","754","0"
"2022-03-31","GALICIA","19.218","528.464","3.217"
"2022-04-01","A.S. A CORUÑA E CEE","3.639","108.743","747"
"2022-04-01","A.S. FERROL","1.712","29.937","267"
"2022-04-01","A.S. LUGO, A MARIÑA E MONFORTE","2.164","54.870","320"
"2022-04-01","A.S. OURENSE, VERÍN E O BARCO","1.948","62.179","543"
"2022-04-01","A.S. PONTEVEDRA E O SALNÉS","1.957","60.263","268"
"2022-04-01","A.S. SANTIAGO E BARBANZA","2.797","82.597","446"
"2022-04-01","A.S. VIGO","3.307","122.464","631"
"2022-04-01","SEN A.S. ASIGNADA","50","729","0"
"2022-04-01","GALICIA","17.574","521.782","3.222"
"2022-04-02","A.S. A CORUÑA E CEE","3.304","109.211","747"
"2022-04-02","A.S. FERROL","1.576","30.142","267"
"2022-04-02","A.S. LUGO, A MARIÑA E MONFORTE","1.933","55.170","322"
"2022-04-02","A.S. OURENSE, VERÍN E O BARCO","1.777","62.431","544"
"2022-04-02","A.S. PONTEVEDRA E O SALNÉS","1.781","60.510","268"
"2022-04-02","A.S. SANTIAGO E BARBANZA","2.464","82.985","448"
"2022-04-02","A.S. VIGO","2.988","122.933","631"
"2022-04-02","SEN A.S. ASIGNADA","41","739","0"
"2022-04-02","GALICIA","15.864","524.121","3.227"
"2022-04-03","A.S. A CORUÑA E CEE","2.870","109.771","747"
"2022-04-03","A.S. FERROL","1.367","30.401","267"
"2022-04-03","A.S. LUGO, A MARIÑA E MONFORTE","1.716","55.462","322"
"2022-04-03","A.S. OURENSE, VERÍN E O BARCO","1.597","62.705","544"
"2022-04-03","A.S. PONTEVEDRA E O SALNÉS","1.552","60.791","268"
"2022-04-03","A.S. SANTIAGO E BARBANZA","2.085","83.438","449"
"2022-04-03","A.S. VIGO","2.577","123.436","633"
"2022-04-03","SEN A.S. ASIGNADA","39","744","0"
"2022-04-03","GALICIA","13.803","526.748","3.230"
"2022-04-04","A.S. A CORUÑA E CEE","2.617","110.196","747"
"2022-04-04","A.S. FERROL","1.250","30.611","267"
"2022-04-04","A.S. LUGO, A MARIÑA E MONFORTE","1.699","55.698","322"
"2022-04-04","A.S. OURENSE, VERÍN E O BARCO","1.530","62.959","544"
"2022-04-04","A.S. PONTEVEDRA E O SALNÉS","1.387","61.044","268"
"2022-04-04","A.S. SANTIAGO E BARBANZA","1.838","83.824","450"
"2022-04-04","A.S. VIGO","2.354","123.890","633"
"2022-04-04","SEN A.S. ASIGNADA","28","757","0"
"2022-04-04","GALICIA","12.703","528.979","3.231"
"2022-04-05","A.S. A CORUÑA E CEE","2.344","110.638","748"
"2022-04-05","A.S. FERROL","1.104","30.842","268"
"2022-04-05","A.S. LUGO, A MARIÑA E MONFORTE","1.600","55.951","322"
"2022-04-05","A.S. OURENSE, VERÍN E O BARCO","1.423","63.188","546"
"2022-04-05","A.S. PONTEVEDRA E O SALNÉS","1.287","61.258","269"
"2022-04-05","A.S. SANTIAGO E BARBANZA","1.685","84.129","450"
"2022-04-05","A.S. VIGO","2.113","124.324","633"
"2022-04-05","SEN A.S. ASIGNADA","24","763","0"
"2022-04-05","GALICIA","11.580","531.093","3.236"
"2022-04-06","A.S. A CORUÑA E CEE","2.347","110.882","748"
"2022-04-06","A.S. FERROL","1.081","30.959","269"
"2022-04-06","A.S. LUGO, A MARIÑA E MONFORTE","1.618","56.106","322"
"2022-04-06","A.S. OURENSE, VERÍN E O BARCO","1.429","63.304","546"
"2022-04-06","A.S. PONTEVEDRA E O SALNÉS","1.247","61.413","270"
"2022-04-06","A.S. SANTIAGO E BARBANZA","1.647","84.328","452"
"2022-04-06","A.S. VIGO","2.094","124.594","633"
"2022-04-06","SEN A.S. ASIGNADA","18","769","0"
"2022-04-06","GALICIA","11.481","532.355","3.240"
"2022-04-07","A.S. A CORUÑA E CEE","2.278","111.134","750"
"2022-04-07","A.S. FERROL","1.093","31.081","270"
"2022-04-07","A.S. LUGO, A MARIÑA E MONFORTE","1.643","56.265","323"
"2022-04-07","A.S. OURENSE, VERÍN E O BARCO","1.490","63.450","546"
"2022-04-07","A.S. PONTEVEDRA E O SALNÉS","1.255","61.557","270"
"2022-04-07","A.S. SANTIAGO E BARBANZA","1.687","84.518","453"
"2022-04-07","A.S. VIGO","2.185","124.800","633"
"2022-04-07","SEN A.S. ASIGNADA","13","775","0"
"2022-04-07","GALICIA","11.644","533.580","3.245"
"2022-04-08","A.S. A CORUÑA E CEE","2.323","111.321","751"
"2022-04-08","A.S. FERROL","1.126","31.155","271"
"2022-04-08","A.S. LUGO, A MARIÑA E MONFORTE","1.706","56.394","324"
"2022-04-08","A.S. OURENSE, VERÍN E O BARCO","1.523","63.587","546"
"2022-04-08","A.S. PONTEVEDRA E O SALNÉS","1.270","61.653","272"
"2022-04-08","A.S. SANTIAGO E BARBANZA","1.755","84.672","454"
"2022-04-08","A.S. VIGO","2.272","124.933","635"
"2022-04-08","SEN A.S. ASIGNADA","14","775","0"
"2022-04-08","GALICIA","11.989","534.490","3.253"
"2022-04-09","A.S. A CORUÑA E CEE","2.316","111.510","751"
"2022-04-09","A.S. FERROL","1.095","31.244","271"
"2022-04-09","A.S. LUGO, A MARIÑA E MONFORTE","1.694","56.529","325"
"2022-04-09","A.S. OURENSE, VERÍN E O BARCO","1.480","63.752","548"
"2022-04-09","A.S. PONTEVEDRA E O SALNÉS","1.282","61.760","272"
"2022-04-09","A.S. SANTIAGO E BARBANZA","1.844","84.777","454"
"2022-04-09","A.S. VIGO","2.292","125.063","636"
"2022-04-09","SEN A.S. ASIGNADA","14","775","0"
"2022-04-09","GALICIA","12.017","535.410","3.257"
"2022-04-10","A.S. A CORUÑA E CEE","2.135","111.785","752"
"2022-04-10","A.S. FERROL","1.063","31.356","273"
"2022-04-10","A.S. LUGO, A MARIÑA E MONFORTE","1.617","56.707","327"
"2022-04-10","A.S. OURENSE, VERÍN E O BARCO","1.420","63.878","550"
"2022-04-10","A.S. PONTEVEDRA E O SALNÉS","1.239","61.874","272"
"2022-04-10","A.S. SANTIAGO E BARBANZA","1.789","84.952","454"
"2022-04-10","A.S. VIGO","2.199","125.294","636"
"2022-04-10","SEN A.S. ASIGNADA","14","776","0"
"2022-04-10","GALICIA","11.476","536.622","3.264"
"2022-04-11","A.S. A CORUÑA E CEE","2.142","111.996","753"
"2022-04-11","A.S. FERROL","1.057","31.468","273"
"2022-04-11","A.S. LUGO, A MARIÑA E MONFORTE","1.758","56.840","327"
"2022-04-11","A.S. OURENSE, VERÍN E O BARCO","1.484","63.996","550"
"2022-04-11","A.S. PONTEVEDRA E O SALNÉS","1.275","61.989","272"
"2022-04-11","A.S. SANTIAGO E BARBANZA","1.815","85.104","455"
"2022-04-11","A.S. VIGO","2.181","125.555","637"
"2022-04-11","SEN A.S. ASIGNADA","14","776","0"
"2022-04-11","GALICIA","11.726","537.724","3.267"
"2022-04-12","A.S. A CORUÑA E CEE","2.245","112.179","754"
"2022-04-12","A.S. FERROL","1.070","31.563","274"
"2022-04-12","A.S. LUGO, A MARIÑA E MONFORTE","1.823","57.005","328"
"2022-04-12","A.S. OURENSE, VERÍN E O BARCO","1.532","64.120","552"
"2022-04-12","A.S. PONTEVEDRA E O SALNÉS","1.295","62.122","272"
"2022-04-12","A.S. SANTIAGO E BARBANZA","1.888","85.298","458"
"2022-04-12","A.S. VIGO","2.277","125.733","638"
"2022-04-12","SEN A.S. ASIGNADA","14","779","0"
"2022-04-12","GALICIA","12.144","538.799","3.276"
"2022-04-13","A.S. A CORUÑA E CEE","2.404","112.328","755"
"2022-04-13","A.S. FERROL","1.123","31.633","274"
"2022-04-13","A.S. LUGO, A MARIÑA E MONFORTE","2.025","57.081","328"
"2022-04-13","A.S. OURENSE, VERÍN E O BARCO","1.664","64.211","552"
"2022-04-13","A.S. PONTEVEDRA E O SALNÉS","1.394","62.203","272"
"2022-04-13","A.S. SANTIAGO E BARBANZA","2.075","85.361","458"
"2022-04-13","A.S. VIGO","2.362","125.871","639"
"2022-04-13","SEN A.S. ASIGNADA","13","780","0"
"2022-04-13","GALICIA","13.060","539.468","3.278"
"2022-04-14","A.S. A CORUÑA E CEE","2.487","112.463","755"
"2022-04-14","A.S. FERROL","1.185","31.688","274"
"2022-04-14","A.S. LUGO, A MARIÑA E MONFORTE","2.088","57.152","328"
"2022-04-14","A.S. OURENSE, VERÍN E O BARCO","1.708","64.308","554"
"2022-04-14","A.S. PONTEVEDRA E O SALNÉS","1.456","62.268","272"
"2022-04-14","A.S. SANTIAGO E BARBANZA","2.149","85.436","458"
"2022-04-14","A.S. VIGO","2.414","125.946","639"
"2022-04-14","SEN A.S. ASIGNADA","12","783","0"
"2022-04-14","GALICIA","13.499","540.044","3.280"
"2022-04-15","A.S. A CORUÑA E CEE","2.426","112.647","755"
"2022-04-15","A.S. FERROL","1.157","31.789","275"
"2022-04-15","A.S. LUGO, A MARIÑA E MONFORTE","2.002","57.365","329"
"2022-04-15","A.S. OURENSE, VERÍN E O BARCO","1.646","64.478","559"
"2022-04-15","A.S. PONTEVEDRA E O SALNÉS","1.448","62.347","272"
"2022-04-15","A.S. SANTIAGO E BARBANZA","2.200","85.573","459"
"2022-04-15","A.S. VIGO","2.326","126.171","639"
"2022-04-15","SEN A.S. ASIGNADA","11","785","0"
"2022-04-15","GALICIA","13.216","541.155","3.288"
"2022-04-16","A.S. A CORUÑA E CEE","2.426","112.821","756"
"2022-04-16","A.S. FERROL","1.136","31.886","276"
"2022-04-16","A.S. LUGO, A MARIÑA E MONFORTE","1.938","57.539","331"
"2022-04-16","A.S. OURENSE, VERÍN E O BARCO","1.658","64.587","562"
"2022-04-16","A.S. PONTEVEDRA E O SALNÉS","1.414","62.467","275"
"2022-04-16","A.S. SANTIAGO E BARBANZA","2.191","85.731","460"
"2022-04-16","A.S. VIGO","2.301","126.365","639"
"2022-04-16","SEN A.S. ASIGNADA","9","787","0"
"2022-04-16","GALICIA","13.073","542.183","3.299"
"2022-04-17","A.S. A CORUÑA E CEE","2.406","113.051","758"
"2022-04-17","A.S. FERROL","1.133","31.982","276"
"2022-04-17","A.S. LUGO, A MARIÑA E MONFORTE","1.860","57.716","331"
"2022-04-17","A.S. OURENSE, VERÍN E O BARCO","1.640","64.690","562"
"2022-04-17","A.S. PONTEVEDRA E O SALNÉS","1.411","62.586","275"
"2022-04-17","A.S. SANTIAGO E BARBANZA","2.163","85.895","460"
"2022-04-17","A.S. VIGO","2.133","126.612","642"
"2022-04-17","SEN A.S. ASIGNADA","9","787","0"
"2022-04-17","GALICIA","12.755","543.319","3.304"
"2022-04-18","A.S. A CORUÑA E CEE","2.460","113.248","759"
"2022-04-18","A.S. FERROL","1.063","32.123","278"
"2022-04-18","A.S. LUGO, A MARIÑA E MONFORTE","1.937","57.903","331"
"2022-04-18","A.S. OURENSE, VERÍN E O BARCO","1.650","64.896","562"
"2022-04-18","A.S. PONTEVEDRA E O SALNÉS","1.432","62.742","275"
"2022-04-18","A.S. SANTIAGO E BARBANZA","2.177","86.118","461"
"2022-04-18","A.S. VIGO","2.193","126.916","642"
"2022-04-18","SEN A.S. ASIGNADA","9","788","0"
"2022-04-18","GALICIA","12.921","544.734","3.308"
"2022-04-19","A.S. A CORUÑA E CEE","2.469","113.631","761"
"2022-04-19","A.S. FERROL","1.067","32.276","279"
"2022-04-19","A.S. LUGO, A MARIÑA E MONFORTE","1.945","58.152","332"
"2022-04-19","A.S. OURENSE, VERÍN E O BARCO","1.661","65.138","563"
"2022-04-19","A.S. PONTEVEDRA E O SALNÉS","1.423","62.918","276"
"2022-04-19","A.S. SANTIAGO E BARBANZA","2.168","86.419","461"
"2022-04-19","A.S. VIGO","2.239","127.208","643"
"2022-04-19","SEN A.S. ASIGNADA","9","789","0"
"2022-04-19","GALICIA","12.981","546.531","3.315"
"2022-04-20","A.S. A CORUÑA E CEE","2.629","113.805","761"
"2022-04-20","A.S. FERROL","1.123","32.334","279"
"2022-04-20","A.S. LUGO, A MARIÑA E MONFORTE","2.074","58.281","332"
"2022-04-20","A.S. OURENSE, VERÍN E O BARCO","1.753","65.252","564"
"2022-04-20","A.S. PONTEVEDRA E O SALNÉS","1.531","63.030","276"
"2022-04-20","A.S. SANTIAGO E BARBANZA","2.227","86.611","461"
"2022-04-20","A.S. VIGO","2.443","127.364","644"
"2022-04-20","SEN A.S. ASIGNADA","12","789","0"
"2022-04-20","GALICIA","13.792","547.466","3.317"
"2022-04-21","A.S. A CORUÑA E CEE","2.880","113.920","761"
"2022-04-21","A.S. FERROL","1.169","32.409","279"
"2022-04-21","A.S. LUGO, A MARIÑA E MONFORTE","2.301","58.382","332"
"2022-04-21","A.S. OURENSE, VERÍN E O BARCO","1.974","65.332","565"
"2022-04-21","A.S. PONTEVEDRA E O SALNÉS","1.647","63.109","276"
"2022-04-21","A.S. SANTIAGO E BARBANZA","2.408","86.733","461"
"2022-04-21","A.S. VIGO","2.542","127.510","645"
"2022-04-21","SEN A.S. ASIGNADA","12","790","0"
"2022-04-21","GALICIA","14.933","548.185","3.319"
"2022-04-22","A.S. A CORUÑA E CEE","2.944","114.139","761"
"2022-04-22","A.S. FERROL","1.212","32.513","280"
"2022-04-22","A.S. LUGO, A MARIÑA E MONFORTE","2.281","58.640","332"
"2022-04-22","A.S. OURENSE, VERÍN E O BARCO","2.044","65.507","567"
"2022-04-22","A.S. PONTEVEDRA E O SALNÉS","1.670","63.264","276"
"2022-04-22","A.S. SANTIAGO E BARBANZA","2.616","86.909","461"
"2022-04-22","A.S. VIGO","2.545","127.757","645"
"2022-04-22","SEN A.S. ASIGNADA","15","790","0"
"2022-04-22","GALICIA","15.327","549.519","3.322"
"2022-04-23","A.S. A CORUÑA E CEE","2.891","114.422","762"
"2022-04-23","A.S. FERROL","1.172","32.624","282"
"2022-04-23","A.S. LUGO, A MARIÑA E MONFORTE","2.233","58.859","332"
"2022-04-23","A.S. OURENSE, VERÍN E O BARCO","2.013","65.673","567"
"2022-04-23","A.S. PONTEVEDRA E O SALNÉS","1.645","63.413","277"
"2022-04-23","A.S. SANTIAGO E BARBANZA","2.488","87.178","461"
"2022-04-23","A.S. VIGO","2.401","128.028","646"
"2022-04-23","SEN A.S. ASIGNADA","14","793","0"
"2022-04-23","GALICIA","14.857","550.990","3.327"
"2022-04-24","A.S. A CORUÑA E CEE","2.759","114.729","762"
"2022-04-24","A.S. FERROL","1.118","32.747","282"
"2022-04-24","A.S. LUGO, A MARIÑA E MONFORTE","2.075","59.123","333"
"2022-04-24","A.S. OURENSE, VERÍN E O BARCO","1.922","65.878","568"
"2022-04-24","A.S. PONTEVEDRA E O SALNÉS","1.607","63.587","277"
"2022-04-24","A.S. SANTIAGO E BARBANZA","2.407","87.426","462"
"2022-04-24","A.S. VIGO","2.255","128.246","647"
"2022-04-24","SEN A.S. ASIGNADA","14","793","0"
"2022-04-24","GALICIA","14.157","552.529","3.331"
"2022-04-25","A.S. A CORUÑA E CEE","2.881","114.951","762"
"2022-04-25","A.S. FERROL","1.125","32.865","283"
"2022-04-25","A.S. LUGO, A MARIÑA E MONFORTE","2.209","59.275","333"
"2022-04-25","A.S. OURENSE, VERÍN E O BARCO","2.023","66.021","568"
"2022-04-25","A.S. PONTEVEDRA E O SALNÉS","1.652","63.720","277"
"2022-04-25","A.S. SANTIAGO E BARBANZA","2.543","87.575","463"
"2022-04-25","A.S. VIGO","2.383","128.365","648"
"2022-04-25","SEN A.S. ASIGNADA","12","795","0"
"2022-04-25","GALICIA","14.828","553.567","3.334"
"2022-04-26","A.S. A CORUÑA E CEE","3.072","115.080","762"
"2022-04-26","A.S. FERROL","1.187","32.942","283"
"2022-04-26","A.S. LUGO, A MARIÑA E MONFORTE","2.379","59.410","335"
"2022-04-26","A.S. OURENSE, VERÍN E O BARCO","2.192","66.154","569"
"2022-04-26","A.S. PONTEVEDRA E O SALNÉS","1.778","63.789","277"
"2022-04-26","A.S. SANTIAGO E BARBANZA","2.603","87.768","463"
"2022-04-26","A.S. VIGO","2.579","128.514","648"
"2022-04-26","SEN A.S. ASIGNADA","13","796","0"
"2022-04-26","GALICIA","15.803","554.453","3.337"
"2022-04-27","A.S. A CORUÑA E CEE","3.223","115.252","762"
"2022-04-27","A.S. FERROL","1.290","33.018","285"
"2022-04-27","A.S. LUGO, A MARIÑA E MONFORTE","2.538","59.522","335"
"2022-04-27","A.S. OURENSE, VERÍN E O BARCO","2.278","66.276","569"
"2022-04-27","A.S. PONTEVEDRA E O SALNÉS","1.892","63.885","277"
"2022-04-27","A.S. SANTIAGO E BARBANZA","2.784","87.922","464"
"2022-04-27","A.S. VIGO","2.720","128.692","648"
"2022-04-27","SEN A.S. ASIGNADA","15","796","0"
"2022-04-27","GALICIA","16.740","555.363","3.340"
"2022-04-28","A.S. A CORUÑA E CEE","3.306","115.474","762"
"2022-04-28","A.S. FERROL","1.347","33.109","286"
"2022-04-28","A.S. LUGO, A MARIÑA E MONFORTE","2.753","59.627","335"
"2022-04-28","A.S. OURENSE, VERÍN E O BARCO","2.489","66.374","569"
"2022-04-28","A.S. PONTEVEDRA E O SALNÉS","1.965","63.994","279"
"2022-04-28","A.S. SANTIAGO E BARBANZA","2.994","88.054","464"
"2022-04-28","A.S. VIGO","2.913","128.786","649"
"2022-04-28","SEN A.S. ASIGNADA","21","796","0"
"2022-04-28","GALICIA","17.788","556.214","3.344"
"2022-04-29","A.S. A CORUÑA E CEE","3.387","115.722","764"
"2022-04-29","A.S. FERROL","1.397","33.182","286"
"2022-04-29","A.S. LUGO, A MARIÑA E MONFORTE","2.742","59.886","335"
"2022-04-29","A.S. OURENSE, VERÍN E O BARCO","2.560","66.602","569"
"2022-04-29","A.S. PONTEVEDRA E O SALNÉS","1.964","64.169","279"
"2022-04-29","A.S. SANTIAGO E BARBANZA","3.154","88.292","464"
"2022-04-29","A.S. VIGO","2.834","129.126","650"
"2022-04-29","SEN A.S. ASIGNADA","21","797","0"
"2022-04-29","GALICIA","18.059","557.776","3.347"
"2022-04-30","A.S. A CORUÑA E CEE","3.228","116.103","765"
"2022-04-30","A.S. FERROL","1.308","33.334","287"
"2022-04-30","A.S. LUGO, A MARIÑA E MONFORTE","2.644","60.143","335"
"2022-04-30","A.S. OURENSE, VERÍN E O BARCO","2.495","66.840","569"
"2022-04-30","A.S. PONTEVEDRA E O SALNÉS","1.947","64.333","279"
"2022-04-30","A.S. SANTIAGO E BARBANZA","3.022","88.580","464"
"2022-04-30","A.S. VIGO","2.635","129.472","650"
"2022-04-30","SEN A.S. ASIGNADA","20","798","0"
"2022-04-30","GALICIA","17.299","559.603","3.349"
"2022-05-01","A.S. A CORUÑA E CEE","3.088","116.432","765"
"2022-05-01","A.S. FERROL","1.255","33.445","288"
"2022-05-01","A.S. LUGO, A MARIÑA E MONFORTE","2.503","60.389","335"
"2022-05-01","A.S. OURENSE, VERÍN E O BARCO","2.422","67.041","573"
"2022-05-01","A.S. PONTEVEDRA E O SALNÉS","1.844","64.545","279"
"2022-05-01","A.S. SANTIAGO E BARBANZA","2.890","88.827","465"
"2022-05-01","A.S. VIGO","2.415","129.826","650"
"2022-05-01","SEN A.S. ASIGNADA","18","801","0"
"2022-05-01","GALICIA","16.435","561.306","3.355"
"2022-05-02","A.S. A CORUÑA E CEE","3.020","116.797","766"
"2022-05-02","A.S. FERROL","1.264","33.569","288"
"2022-05-02","A.S. LUGO, A MARIÑA E MONFORTE","2.477","60.696","336"
"2022-05-02","A.S. OURENSE, VERÍN E O BARCO","2.358","67.343","573"
"2022-05-02","A.S. PONTEVEDRA E O SALNÉS","1.804","64.746","279"
"2022-05-02","A.S. SANTIAGO E BARBANZA","2.850","89.130","466"
"2022-05-02","A.S. VIGO","2.484","130.080","650"
"2022-05-02","SEN A.S. ASIGNADA","22","802","0"
"2022-05-02","GALICIA","16.279","563.163","3.358"
"2022-05-03","A.S. A CORUÑA E CEE","3.050","117.084","767"
"2022-05-03","A.S. FERROL","1.229","33.724","290"
"2022-05-03","A.S. LUGO, A MARIÑA E MONFORTE","2.489","60.938","338"
"2022-05-03","A.S. OURENSE, VERÍN E O BARCO","2.316","67.586","574"
"2022-05-03","A.S. PONTEVEDRA E O SALNÉS","1.749","64.929","279"
"2022-05-03","A.S. SANTIAGO E BARBANZA","2.749","89.513","467"
"2022-05-03","A.S. VIGO","2.555","130.325","651"
"2022-05-03","SEN A.S. ASIGNADA","19","805","0"
"2022-05-03","GALICIA","16.156","564.904","3.366"
"2022-05-04","A.S. A CORUÑA E CEE","3.181","117.322","768"
"2022-05-04","A.S. FERROL","1.281","33.800","290"
"2022-05-04","A.S. LUGO, A MARIÑA E MONFORTE","2.587","61.115","339"
"2022-05-04","A.S. OURENSE, VERÍN E O BARCO","2.442","67.730","575"
"2022-05-04","A.S. PONTEVEDRA E O SALNÉS","1.801","65.055","279"
"2022-05-04","A.S. SANTIAGO E BARBANZA","2.829","89.657","467"
"2022-05-04","A.S. VIGO","2.735","130.453","651"
"2022-05-04","SEN A.S. ASIGNADA","18","807","0"
"2022-05-04","GALICIA","16.874","565.939","3.369"
"2022-05-05","A.S. A CORUÑA E CEE","3.250","117.498","769"
"2022-05-05","A.S. FERROL","1.344","33.867","291"
"2022-05-05","A.S. LUGO, A MARIÑA E MONFORTE","2.653","61.226","342"
"2022-05-05","A.S. OURENSE, VERÍN E O BARCO","2.530","67.849","577"
"2022-05-05","A.S. PONTEVEDRA E O SALNÉS","1.823","65.194","281"
"2022-05-05","A.S. SANTIAGO E BARBANZA","2.970","89.833","469"
"2022-05-05","A.S. VIGO","2.944","130.533","653"
"2022-05-05","SEN A.S. ASIGNADA","20","807","0"
"2022-05-05","GALICIA","17.534","566.807","3.382"
"2022-05-06","A.S. A CORUÑA E CEE","3.220","117.844","770"
"2022-05-06","A.S. FERROL","1.342","33.987","291"
"2022-05-06","A.S. LUGO, A MARIÑA E MONFORTE","2.607","61.510","342"
"2022-05-06","A.S. OURENSE, VERÍN E O BARCO","2.481","68.099","579"
"2022-05-06","A.S. PONTEVEDRA E O SALNÉS","1.827","65.368","281"
"2022-05-06","A.S. SANTIAGO E BARBANZA","2.929","90.117","469"
"2022-05-06","A.S. VIGO","2.983","130.776","655"
"2022-05-06","SEN A.S. ASIGNADA","20","807","0"
"2022-05-06","GALICIA","17.409","568.508","3.387"
"2022-05-07","A.S. A CORUÑA E CEE","3.129","118.151","770"
"2022-05-07","A.S. FERROL","1.302","34.118","292"
"2022-05-07","A.S. LUGO, A MARIÑA E MONFORTE","2.393","61.805","342"
"2022-05-07","A.S. OURENSE, VERÍN E O BARCO","2.300","68.382","583"
"2022-05-07","A.S. PONTEVEDRA E O SALNÉS","1.756","65.561","281"
"2022-05-07","A.S. SANTIAGO E BARBANZA","2.813","90.368","470"
"2022-05-07","A.S. VIGO","2.787","131.104","655"
"2022-05-07","SEN A.S. ASIGNADA","20","809","0"
"2022-05-07","GALICIA","16.500","570.298","3.393"
"2022-05-08","A.S. A CORUÑA E CEE","2.990","118.464","770"
"2022-05-08","A.S. FERROL","1.194","34.295","293"
"2022-05-08","A.S. LUGO, A MARIÑA E MONFORTE","2.181","62.086","343"
"2022-05-08","A.S. OURENSE, VERÍN E O BARCO","2.207","68.586","584"
"2022-05-08","A.S. PONTEVEDRA E O SALNÉS","1.649","65.769","281"
"2022-05-08","A.S. SANTIAGO E BARBANZA","2.575","90.698","471"
"2022-05-08","A.S. VIGO","2.618","131.414","656"
"2022-05-08","SEN A.S. ASIGNADA","21","811","0"
"2022-05-08","GALICIA","15.435","572.123","3.398"
"2022-05-09","A.S. A CORUÑA E CEE","2.921","118.760","771"
"2022-05-09","A.S. FERROL","1.155","34.445","293"
"2022-05-09","A.S. LUGO, A MARIÑA E MONFORTE","2.120","62.398","344"
"2022-05-09","A.S. OURENSE, VERÍN E O BARCO","2.112","68.890","584"
"2022-05-09","A.S. PONTEVEDRA E O SALNÉS","1.602","65.957","282"
"2022-05-09","A.S. SANTIAGO E BARBANZA","2.479","91.039","472"
"2022-05-09","A.S. VIGO","2.595","131.711","656"
"2022-05-09","SEN A.S. ASIGNADA","15","817","0"
"2022-05-09","GALICIA","14.999","574.017","3.402"
"2022-05-10","A.S. A CORUÑA E CEE","2.930","119.101","771"
"2022-05-10","A.S. FERROL","1.136","34.568","293"
"2022-05-10","A.S. LUGO, A MARIÑA E MONFORTE","2.036","62.641","345"
"2022-05-10","A.S. OURENSE, VERÍN E O BARCO","2.018","69.185","585"
"2022-05-10","A.S. PONTEVEDRA E O SALNÉS","1.571","66.133","284"
"2022-05-10","A.S. SANTIAGO E BARBANZA","2.294","91.437","473"
"2022-05-10","A.S. VIGO","2.586","131.964","656"
"2022-05-10","SEN A.S. ASIGNADA","15","818","0"
"2022-05-10","GALICIA","14.586","575.847","3.407"
"2022-05-11","A.S. A CORUÑA E CEE","2.990","119.328","772"
"2022-05-11","A.S. FERROL","1.193","34.635","295"
"2022-05-11","A.S. LUGO, A MARIÑA E MONFORTE","2.068","62.793","347"
"2022-05-11","A.S. OURENSE, VERÍN E O BARCO","2.037","69.363","585"
"2022-05-11","A.S. PONTEVEDRA E O SALNÉS","1.567","66.281","284"
"2022-05-11","A.S. SANTIAGO E BARBANZA","2.377","91.588","473"
"2022-05-11","A.S. VIGO","2.713","132.116","657"
"2022-05-11","SEN A.S. ASIGNADA","16","818","0"
"2022-05-11","GALICIA","14.961","576.922","3.413"
"2022-05-12","A.S. A CORUÑA E CEE","3.016","119.524","773"
"2022-05-12","A.S. FERROL","1.243","34.693","297"
"2022-05-12","A.S. LUGO, A MARIÑA E MONFORTE","2.112","62.903","348"
"2022-05-12","A.S. OURENSE, VERÍN E O BARCO","2.110","69.489","588"
"2022-05-12","A.S. PONTEVEDRA E O SALNÉS","1.611","66.390","286"
"2022-05-12","A.S. SANTIAGO E BARBANZA","2.496","91.703","475"
"2022-05-12","A.S. VIGO","2.790","132.258","663"
"2022-05-12","SEN A.S. ASIGNADA","18","819","0"
"2022-05-12","GALICIA","15.396","577.779","3.430"
"2022-05-13","A.S. A CORUÑA E CEE","3.045","119.815","775"
"2022-05-13","A.S. FERROL","1.190","34.827","300"
"2022-05-13","A.S. LUGO, A MARIÑA E MONFORTE","2.017","63.180","348"
"2022-05-13","A.S. OURENSE, VERÍN E O BARCO","2.033","69.726","589"
"2022-05-13","A.S. PONTEVEDRA E O SALNÉS","1.595","66.547","286"
"2022-05-13","A.S. SANTIAGO E BARBANZA","2.415","91.970","475"
"2022-05-13","A.S. VIGO","2.697","132.576","665"
"2022-05-13","SEN A.S. ASIGNADA","13","824","0"
"2022-05-13","GALICIA","15.005","579.465","3.438"
"2022-05-14","A.S. A CORUÑA E CEE","2.826","120.144","775"
"2022-05-14","A.S. FERROL","1.124","34.944","300"
"2022-05-14","A.S. LUGO, A MARIÑA E MONFORTE","1.860","63.434","348"
"2022-05-14","A.S. OURENSE, VERÍN E O BARCO","1.909","69.919","590"
"2022-05-14","A.S. PONTEVEDRA E O SALNÉS","1.553","66.678","286"
"2022-05-14","A.S. SANTIAGO E BARBANZA","2.230","92.252","477"
"2022-05-14","A.S. VIGO","2.507","132.883","666"
"2022-05-14","SEN A.S. ASIGNADA","13","824","0"
"2022-05-14","GALICIA","14.022","581.078","3.442"
"2022-05-15","A.S. A CORUÑA E CEE","2.594","120.519","777"
"2022-05-15","A.S. FERROL","1.031","35.068","300"
"2022-05-15","A.S. LUGO, A MARIÑA E MONFORTE","1.629","63.712","348"
"2022-05-15","A.S. OURENSE, VERÍN E O BARCO","1.725","70.179","590"
"2022-05-15","A.S. PONTEVEDRA E O SALNÉS","1.429","66.852","286"
"2022-05-15","A.S. SANTIAGO E BARBANZA","2.091","92.475","478"
"2022-05-15","A.S. VIGO","2.311","133.181","669"
"2022-05-15","SEN A.S. ASIGNADA","12","825","0"
"2022-05-15","GALICIA","12.822","582.811","3.448"
"2022-05-16","A.S. A CORUÑA E CEE","2.514","120.763","779"
"2022-05-16","A.S. FERROL","966","35.203","302"
"2022-05-16","A.S. LUGO, A MARIÑA E MONFORTE","1.554","63.896","348"
"2022-05-16","A.S. OURENSE, VERÍN E O BARCO","1.680","70.393","590"
"2022-05-16","A.S. PONTEVEDRA E O SALNÉS","1.373","67.011","287"
"2022-05-16","A.S. SANTIAGO E BARBANZA","1.942","92.796","480"
"2022-05-16","A.S. VIGO","2.238","133.473","670"
"2022-05-16","SEN A.S. ASIGNADA","12","827","0"
"2022-05-16","GALICIA","12.279","584.362","3.456"
"2022-05-17","A.S. A CORUÑA E CEE","2.390","121.074","782"
"2022-05-17","A.S. FERROL","901","35.320","302"
"2022-05-17","A.S. LUGO, A MARIÑA E MONFORTE","1.424","64.139","348"
"2022-05-17","A.S. OURENSE, VERÍN E O BARCO","1.597","70.590","591"
"2022-05-17","A.S. PONTEVEDRA E O SALNÉS","1.274","67.186","287"
"2022-05-17","A.S. SANTIAGO E BARBANZA","1.798","93.032","481"
"2022-05-17","A.S. VIGO","2.075","133.754","670"
"2022-05-17","SEN A.S. ASIGNADA","15","827","0"
"2022-05-17","GALICIA","11.474","585.922","3.461"
"2022-05-18","A.S. A CORUÑA E CEE","2.402","121.287","785"
"2022-05-18","A.S. FERROL","879","35.413","303"
"2022-05-18","A.S. LUGO, A MARIÑA E MONFORTE","1.485","64.225","349"
"2022-05-18","A.S. OURENSE, VERÍN E O BARCO","1.618","70.713","591"
"2022-05-18","A.S. PONTEVEDRA E O SALNÉS","1.248","67.313","288"
"2022-05-18","A.S. SANTIAGO E BARBANZA","1.847","93.170","481"
"2022-05-18","A.S. VIGO","2.163","133.897","672"
"2022-05-18","SEN A.S. ASIGNADA","14","829","0"
"2022-05-18","GALICIA","11.656","586.847","3.469"
"2022-05-19","A.S. A CORUÑA E CEE","2.429","121.465","788"
"2022-05-19","A.S. FERROL","879","35.482","305"
"2022-05-19","A.S. LUGO, A MARIÑA E MONFORTE","1.505","64.309","349"
"2022-05-19","A.S. OURENSE, VERÍN E O BARCO","1.650","70.829","591"
"2022-05-19","A.S. PONTEVEDRA E O SALNÉS","1.270","67.407","289"
"2022-05-19","A.S. SANTIAGO E BARBANZA","2.017","93.260","481"
"2022-05-19","A.S. VIGO","2.228","134.039","673"
"2022-05-19","SEN A.S. ASIGNADA","13","832","0"
"2022-05-19","GALICIA","11.991","587.623","3.476"
"2022-05-20","A.S. A CORUÑA E CEE","2.451","121.686","789"
"2022-05-20","A.S. FERROL","845","35.594","305"
"2022-05-20","A.S. LUGO, A MARIÑA E MONFORTE","1.371","64.548","349"
"2022-05-20","A.S. OURENSE, VERÍN E O BARCO","1.563","71.038","591"
"2022-05-20","A.S. PONTEVEDRA E O SALNÉS","1.272","67.549","289"
"2022-05-20","A.S. SANTIAGO E BARBANZA","1.909","93.505","481"
"2022-05-20","A.S. VIGO","2.177","134.313","673"
"2022-05-20","SEN A.S. ASIGNADA","13","832","0"
"2022-05-20","GALICIA","11.601","589.065","3.477"
"2022-05-21","A.S. A CORUÑA E CEE","2.265","122.023","789"
"2022-05-21","A.S. FERROL","789","35.697","306"
"2022-05-21","A.S. LUGO, A MARIÑA E MONFORTE","1.290","64.707","349"
"2022-05-21","A.S. OURENSE, VERÍN E O BARCO","1.457","71.222","592"
"2022-05-21","A.S. PONTEVEDRA E O SALNÉS","1.211","67.693","290"
"2022-05-21","A.S. SANTIAGO E BARBANZA","1.794","93.720","481"
"2022-05-21","A.S. VIGO","2.013","134.549","675"
"2022-05-21","SEN A.S. ASIGNADA","13","833","0"
"2022-05-21","GALICIA","10.832","590.444","3.482"
"2022-05-22","A.S. A CORUÑA E CEE","2.141","122.299","789"
"2022-05-22","A.S. FERROL","709","35.818","306"
"2022-05-22","A.S. LUGO, A MARIÑA E MONFORTE","1.166","64.877","349"
"2022-05-22","A.S. OURENSE, VERÍN E O BARCO","1.326","71.413","592"
"2022-05-22","A.S. PONTEVEDRA E O SALNÉS","1.127","67.840","290"
"2022-05-22","A.S. SANTIAGO E BARBANZA","1.655","93.946","481"
"2022-05-22","A.S. VIGO","1.834","134.827","675"
"2022-05-22","SEN A.S. ASIGNADA","13","834","0"
"2022-05-22","GALICIA","9.971","591.854","3.482"
"2022-05-23","A.S. A CORUÑA E CEE","2.143","122.539","789"
"2022-05-23","A.S. FERROL","665","35.932","306"
"2022-05-23","A.S. LUGO, A MARIÑA E MONFORTE","1.118","65.033","349"
"2022-05-23","A.S. OURENSE, VERÍN E O BARCO","1.257","71.624","593"
"2022-05-23","A.S. PONTEVEDRA E O SALNÉS","1.076","67.986","290"
"2022-05-23","A.S. SANTIAGO E BARBANZA","1.545","94.179","483"
"2022-05-23","A.S. VIGO","1.790","135.049","676"
"2022-05-23","SEN A.S. ASIGNADA","10","837","0"
"2022-05-23","GALICIA","9.604","593.179","3.486"
"2022-05-24","A.S. A CORUÑA E CEE","2.034","122.850","790"
"2022-05-24","A.S. FERROL","656","36.014","307"
"2022-05-24","A.S. LUGO, A MARIÑA E MONFORTE","1.054","65.208","349"
"2022-05-24","A.S. OURENSE, VERÍN E O BARCO","1.242","71.783","595"
"2022-05-24","A.S. PONTEVEDRA E O SALNÉS","1.028","68.129","290"
"2022-05-24","A.S. SANTIAGO E BARBANZA","1.544","94.364","483"
"2022-05-24","A.S. VIGO","1.754","135.275","676"
"2022-05-24","SEN A.S. ASIGNADA","12","837","0"
"2022-05-24","GALICIA","9.324","594.460","3.490"
"2022-05-25","A.S. A CORUÑA E CEE","2.097","122.969","792"
"2022-05-25","A.S. FERROL","666","36.061","308"
"2022-05-25","A.S. LUGO, A MARIÑA E MONFORTE","1.043","65.302","349"
"2022-05-25","A.S. OURENSE, VERÍN E O BARCO","1.325","71.852","595"
"2022-05-25","A.S. PONTEVEDRA E O SALNÉS","1.051","68.219","290"
"2022-05-25","A.S. SANTIAGO E BARBANZA","1.560","94.469","484"
"2022-05-25","A.S. VIGO","1.838","135.392","677"
"2022-05-25","SEN A.S. ASIGNADA","12","837","0"
"2022-05-25","GALICIA","9.592","595.101","3.495"
"2022-05-26","A.S. A CORUÑA E CEE","2.164","123.126","792"
"2022-05-26","A.S. FERROL","686","36.094","308"
"2022-05-26","A.S. LUGO, A MARIÑA E MONFORTE","1.067","65.356","349"
"2022-05-26","A.S. OURENSE, VERÍN E O BARCO","1.372","71.926","595"
"2022-05-26","A.S. PONTEVEDRA E O SALNÉS","1.062","68.272","290"
"2022-05-26","A.S. SANTIAGO E BARBANZA","1.588","94.557","484"
"2022-05-26","A.S. VIGO","1.891","135.509","677"
"2022-05-26","SEN A.S. ASIGNADA","13","837","0"
"2022-05-26","GALICIA","9.843","595.677","3.495"
"2022-05-27","A.S. A CORUÑA E CEE","2.148","123.284","794"
"2022-05-27","A.S. FERROL","659","36.167","308"
"2022-05-27","A.S. LUGO, A MARIÑA E MONFORTE","1.063","65.466","349"
"2022-05-27","A.S. OURENSE, VERÍN E O BARCO","1.310","72.091","596"
"2022-05-27","A.S. PONTEVEDRA E O SALNÉS","1.069","68.375","291"
"2022-05-27","A.S. SANTIAGO E BARBANZA","1.568","94.729","484"
"2022-05-27","A.S. VIGO","1.818","135.729","677"
"2022-05-27","SEN A.S. ASIGNADA","14","839","0"
"2022-05-27","GALICIA","9.649","596.680","3.499"
"2022-05-28","A.S. A CORUÑA E CEE","2.085","123.467","795"
"2022-05-28","A.S. FERROL","646","36.221","308"
"2022-05-28","A.S. LUGO, A MARIÑA E MONFORTE","1.012","65.580","349"
"2022-05-28","A.S. OURENSE, VERÍN E O BARCO","1.273","72.199","596"
"2022-05-28","A.S. PONTEVEDRA E O SALNÉS","1.046","68.449","291"
"2022-05-28","A.S. SANTIAGO E BARBANZA","1.555","94.822","484"
"2022-05-28","A.S. VIGO","1.772","135.842","678"
"2022-05-28","SEN A.S. ASIGNADA","11","842","0"
"2022-05-28","GALICIA","9.400","597.422","3.501"
"2022-05-29","A.S. A CORUÑA E CEE","1.958","123.690","795"
"2022-05-29","A.S. FERROL","608","36.290","308"
"2022-05-29","A.S. LUGO, A MARIÑA E MONFORTE","921","65.725","349"
"2022-05-29","A.S. OURENSE, VERÍN E O BARCO","1.206","72.342","596"
"2022-05-29","A.S. PONTEVEDRA E O SALNÉS","982","68.551","291"
"2022-05-29","A.S. SANTIAGO E BARBANZA","1.437","95.006","484"
"2022-05-29","A.S. VIGO","1.623","136.064","678"
"2022-05-29","SEN A.S. ASIGNADA","10","843","0"
"2022-05-29","GALICIA","8.745","598.511","3.501"
"2022-05-30","A.S. A CORUÑA E CEE","1.942","123.904","797"
"2022-05-30","A.S. FERROL","586","36.364","308"
"2022-05-30","A.S. LUGO, A MARIÑA E MONFORTE","943","65.827","349"
"2022-05-30","A.S. OURENSE, VERÍN E O BARCO","1.172","72.499","597"
"2022-05-30","A.S. PONTEVEDRA E O SALNÉS","965","68.670","291"
"2022-05-30","A.S. SANTIAGO E BARBANZA","1.366","95.263","484"
"2022-05-30","A.S. VIGO","1.609","136.276","679"
"2022-05-30","SEN A.S. ASIGNADA","8","845","0"
"2022-05-30","GALICIA","8.591","599.648","3.505"
"2022-05-31","A.S. A CORUÑA E CEE","1.832","124.148","798"
"2022-05-31","A.S. FERROL","535","36.443","308"
"2022-05-31","A.S. LUGO, A MARIÑA E MONFORTE","930","65.932","349"
"2022-05-31","A.S. OURENSE, VERÍN E O BARCO","1.186","72.620","597"
"2022-05-31","A.S. PONTEVEDRA E O SALNÉS","917","68.817","291"
"2022-05-31","A.S. SANTIAGO E BARBANZA","1.440","95.401","484"
"2022-05-31","A.S. VIGO","1.616","136.502","681"
"2022-05-31","SEN A.S. ASIGNADA","9","845","0"
"2022-05-31","GALICIA","8.465","600.708","3.508"
"2022-06-01","A.S. A CORUÑA E CEE","1.869","124.305","799"
"2022-06-01","A.S. FERROL","536","36.491","309"
"2022-06-01","A.S. LUGO, A MARIÑA E MONFORTE","935","66.016","349"
"2022-06-01","A.S. OURENSE, VERÍN E O BARCO","1.209","72.696","600"
"2022-06-01","A.S. PONTEVEDRA E O SALNÉS","929","68.903","291"
"2022-06-01","A.S. SANTIAGO E BARBANZA","1.472","95.505","484"
"2022-06-01","A.S. VIGO","1.751","136.574","682"
"2022-06-01","SEN A.S. ASIGNADA","9","846","0"
"2022-06-01","GALICIA","8.710","601.336","3.514"
"2022-06-02","A.S. A CORUÑA E CEE","1.945","124.456","801"
"2022-06-02","A.S. FERROL","514","36.533","310"
"2022-06-02","A.S. LUGO, A MARIÑA E MONFORTE","965","66.063","349"
"2022-06-02","A.S. OURENSE, VERÍN E O BARCO","1.258","72.754","601"
"2022-06-02","A.S. PONTEVEDRA E O SALNÉS","954","68.961","292"
"2022-06-02","A.S. SANTIAGO E BARBANZA","1.533","95.596","484"
"2022-06-02","A.S. VIGO","1.844","136.672","682"
"2022-06-02","SEN A.S. ASIGNADA","8","847","0"
"2022-06-02","GALICIA","9.021","601.882","3.519"
"2022-06-03","A.S. A CORUÑA E CEE","1.867","124.683","802"
"2022-06-03","A.S. FERROL","500","36.603","310"
"2022-06-03","A.S. LUGO, A MARIÑA E MONFORTE","945","66.167","349"
"2022-06-03","A.S. OURENSE, VERÍN E O BARCO","1.273","72.889","601"
"2022-06-03","A.S. PONTEVEDRA E O SALNÉS","966","69.052","293"
"2022-06-03","A.S. SANTIAGO E BARBANZA","1.620","95.718","484"
"2022-06-03","A.S. VIGO","1.856","136.849","682"
"2022-06-03","SEN A.S. ASIGNADA","8","847","0"
"2022-06-03","GALICIA","9.035","602.808","3.521"
"2022-06-04","A.S. A CORUÑA E CEE","1.784","124.887","804"
"2022-06-04","A.S. FERROL","465","36.670","310"
"2022-06-04","A.S. LUGO, A MARIÑA E MONFORTE","903","66.276","349"
"2022-06-04","A.S. OURENSE, VERÍN E O BARCO","1.217","73.030","601"
"2022-06-04","A.S. PONTEVEDRA E O SALNÉS","905","69.144","294"
"2022-06-04","A.S. SANTIAGO E BARBANZA","1.540","95.900","484"
"2022-06-04","A.S. VIGO","1.754","137.037","682"
"2022-06-04","SEN A.S. ASIGNADA","6","849","0"
"2022-06-04","GALICIA","8.574","603.793","3.524"
"2022-06-05","A.S. A CORUÑA E CEE","1.671","125.064","805"
"2022-06-05","A.S. FERROL","428","36.725","310"
"2022-06-05","A.S. LUGO, A MARIÑA E MONFORTE","874","66.358","349"
"2022-06-05","A.S. OURENSE, VERÍN E O BARCO","1.119","73.176","601"
"2022-06-05","A.S. PONTEVEDRA E O SALNÉS","835","69.259","294"
"2022-06-05","A.S. SANTIAGO E BARBANZA","1.479","96.021","484"
"2022-06-05","A.S. VIGO","1.652","137.236","684"
"2022-06-05","SEN A.S. ASIGNADA","6","849","0"
"2022-06-05","GALICIA","8.064","604.688","3.527"
"2022-06-06","A.S. A CORUÑA E CEE","1.673","125.281","806"
"2022-06-06","A.S. FERROL","430","36.775","311"
"2022-06-06","A.S. LUGO, A MARIÑA E MONFORTE","891","66.434","349"
"2022-06-06","A.S. OURENSE, VERÍN E O BARCO","1.135","73.294","601"
"2022-06-06","A.S. PONTEVEDRA E O SALNÉS","864","69.324","295"
"2022-06-06","A.S. SANTIAGO E BARBANZA","1.542","96.141","485"
"2022-06-06","A.S. VIGO","1.698","137.411","684"
"2022-06-06","SEN A.S. ASIGNADA","5","850","0"
"2022-06-06","GALICIA","8.238","605.510","3.531"
"2022-06-07","A.S. A CORUÑA E CEE","1.683","125.422","806"
"2022-06-07","A.S. FERROL","417","36.821","311"
"2022-06-07","A.S. LUGO, A MARIÑA E MONFORTE","888","66.543","351"
"2022-06-07","A.S. OURENSE, VERÍN E O BARCO","1.164","73.406","601"
"2022-06-07","A.S. PONTEVEDRA E O SALNÉS","878","69.440","295"
"2022-06-07","A.S. SANTIAGO E BARBANZA","1.572","96.292","485"
"2022-06-07","A.S. VIGO","1.792","137.560","685"
"2022-06-07","SEN A.S. ASIGNADA","3","853","0"
"2022-06-07","GALICIA","8.397","606.337","3.534"
"2022-06-08","A.S. A CORUÑA E CEE","1.836","125.545","807"
"2022-06-08","A.S. FERROL","449","36.864","311"
"2022-06-08","A.S. LUGO, A MARIÑA E MONFORTE","927","66.607","351"
"2022-06-08","A.S. OURENSE, VERÍN E O BARCO","1.241","73.480","601"
"2022-06-08","A.S. PONTEVEDRA E O SALNÉS","932","69.492","295"
"2022-06-08","A.S. SANTIAGO E BARBANZA","1.641","96.373","485"
"2022-06-08","A.S. VIGO","1.948","137.629","686"
"2022-06-08","SEN A.S. ASIGNADA","5","853","0"
"2022-06-08","GALICIA","8.979","606.843","3.536"
"2022-06-09","A.S. A CORUÑA E CEE","1.977","125.647","808"
"2022-06-09","A.S. FERROL","453","36.893","311"
"2022-06-09","A.S. LUGO, A MARIÑA E MONFORTE","973","66.664","351"
"2022-06-09","A.S. OURENSE, VERÍN E O BARCO","1.315","73.555","602"
"2022-06-09","A.S. PONTEVEDRA E O SALNÉS","1.027","69.530","295"
"2022-06-09","A.S. SANTIAGO E BARBANZA","1.745","96.442","485"
"2022-06-09","A.S. VIGO","2.098","137.703","687"
"2022-06-09","SEN A.S. ASIGNADA","7","853","0"
"2022-06-09","GALICIA","9.595","607.287","3.539"
"2022-06-10","A.S. A CORUÑA E CEE","1.944","125.844","808"
"2022-06-10","A.S. FERROL","455","36.946","312"
"2022-06-10","A.S. LUGO, A MARIÑA E MONFORTE","975","66.781","351"
"2022-06-10","A.S. OURENSE, VERÍN E O BARCO","1.316","73.682","602"
"2022-06-10","A.S. PONTEVEDRA E O SALNÉS","1.024","69.634","296"
"2022-06-10","A.S. SANTIAGO E BARBANZA","1.719","96.622","485"
"2022-06-10","A.S. VIGO","2.114","137.896","688"
"2022-06-10","SEN A.S. ASIGNADA","7","853","0"
"2022-06-10","GALICIA","9.554","608.258","3.542"
"2022-06-11","A.S. A CORUÑA E CEE","1.940","125.979","809"
"2022-06-11","A.S. FERROL","464","36.977","312"
"2022-06-11","A.S. LUGO, A MARIÑA E MONFORTE","947","66.872","351"
"2022-06-11","A.S. OURENSE, VERÍN E O BARCO","1.297","73.811","602"
"2022-06-11","A.S. PONTEVEDRA E O SALNÉS","983","69.732","296"
"2022-06-11","A.S. SANTIAGO E BARBANZA","1.602","96.830","485"
"2022-06-11","A.S. VIGO","2.012","138.122","690"
"2022-06-11","SEN A.S. ASIGNADA","7","854","0"
"2022-06-11","GALICIA","9.252","609.177","3.545"
"2022-06-12","A.S. A CORUÑA E CEE","1.854","126.175","809"
"2022-06-12","A.S. FERROL","433","37.024","312"
"2022-06-12","A.S. LUGO, A MARIÑA E MONFORTE","901","66.961","351"
"2022-06-12","A.S. OURENSE, VERÍN E O BARCO","1.250","73.918","602"
"2022-06-12","A.S. PONTEVEDRA E O SALNÉS","942","69.828","296"
"2022-06-12","A.S. SANTIAGO E BARBANZA","1.546","96.965","485"
"2022-06-12","A.S. VIGO","1.921","138.323","691"
"2022-06-12","SEN A.S. ASIGNADA","6","855","0"
"2022-06-12","GALICIA","8.853","610.049","3.546"
"2022-06-13","A.S. A CORUÑA E CEE","1.843","126.401","810"
"2022-06-13","A.S. FERROL","484","37.043","312"
"2022-06-13","A.S. LUGO, A MARIÑA E MONFORTE","946","67.034","351"
"2022-06-13","A.S. OURENSE, VERÍN E O BARCO","1.287","74.026","602"
"2022-06-13","A.S. PONTEVEDRA E O SALNÉS","1.006","69.912","296"
"2022-06-13","A.S. SANTIAGO E BARBANZA","1.602","97.117","485"
"2022-06-13","A.S. VIGO","1.956","138.524","692"
"2022-06-13","SEN A.S. ASIGNADA","7","855","0"
"2022-06-13","GALICIA","9.131","610.912","3.548"
"2022-06-14","A.S. A CORUÑA E CEE","2.060","126.555","811"
"2022-06-14","A.S. FERROL","489","37.100","312"
"2022-06-14","A.S. LUGO, A MARIÑA E MONFORTE","993","67.118","351"
"2022-06-14","A.S. OURENSE, VERÍN E O BARCO","1.306","74.172","603"
"2022-06-14","A.S. PONTEVEDRA E O SALNÉS","1.064","70.014","296"
"2022-06-14","A.S. SANTIAGO E BARBANZA","1.623","97.331","485"
"2022-06-14","A.S. VIGO","2.049","138.710","694"
"2022-06-14","SEN A.S. ASIGNADA","8","855","0"
"2022-06-14","GALICIA","9.592","611.855","3.552"
"2022-06-15","A.S. A CORUÑA E CEE","2.189","126.679","812"
"2022-06-15","A.S. FERROL","545","37.131","312"
"2022-06-15","A.S. LUGO, A MARIÑA E MONFORTE","1.127","67.185","352"
"2022-06-15","A.S. OURENSE, VERÍN E O BARCO","1.350","74.263","603"
"2022-06-15","A.S. PONTEVEDRA E O SALNÉS","1.186","70.047","297"
"2022-06-15","A.S. SANTIAGO E BARBANZA","1.714","97.437","485"
"2022-06-15","A.S. VIGO","2.192","138.805","694"
"2022-06-15","SEN A.S. ASIGNADA","13","855","0"
"2022-06-15","GALICIA","10.316","612.402","3.555"
"2022-06-16","A.S. A CORUÑA E CEE","2.360","126.742","812"
"2022-06-16","A.S. FERROL","573","37.147","313"
"2022-06-16","A.S. LUGO, A MARIÑA E MONFORTE","1.226","67.237","352"
"2022-06-16","A.S. OURENSE, VERÍN E O BARCO","1.453","74.311","603"
"2022-06-16","A.S. PONTEVEDRA E O SALNÉS","1.286","70.090","297"
"2022-06-16","A.S. SANTIAGO E BARBANZA","1.855","97.496","485"
"2022-06-16","A.S. VIGO","2.371","138.899","694"
"2022-06-16","SEN A.S. ASIGNADA","14","855","0"
"2022-06-16","GALICIA","11.138","612.777","3.556"
"2022-06-17","A.S. A CORUÑA E CEE","2.418","126.947","812"
"2022-06-17","A.S. FERROL","623","37.200","313"
"2022-06-17","A.S. LUGO, A MARIÑA E MONFORTE","1.279","67.331","352"
"2022-06-17","A.S. OURENSE, VERÍN E O BARCO","1.465","74.438","603"
"2022-06-17","A.S. PONTEVEDRA E O SALNÉS","1.310","70.184","297"
"2022-06-17","A.S. SANTIAGO E BARBANZA","1.854","97.679","485"
"2022-06-17","A.S. VIGO","2.384","139.121","694"
"2022-06-17","SEN A.S. ASIGNADA","16","855","0"
"2022-06-17","GALICIA","11.349","613.755","3.556"
"2022-06-18","A.S. A CORUÑA E CEE","2.410","127.106","813"
"2022-06-18","A.S. FERROL","652","37.234","313"
"2022-06-18","A.S. LUGO, A MARIÑA E MONFORTE","1.259","67.437","352"
"2022-06-18","A.S. OURENSE, VERÍN E O BARCO","1.407","74.576","604"
"2022-06-18","A.S. PONTEVEDRA E O SALNÉS","1.231","70.312","297"
"2022-06-18","A.S. SANTIAGO E BARBANZA","1.782","97.856","485"
"2022-06-18","A.S. VIGO","2.261","139.354","695"
"2022-06-18","SEN A.S. ASIGNADA","16","856","0"
"2022-06-18","GALICIA","11.018","614.731","3.559"
"2022-06-19","A.S. A CORUÑA E CEE","2.247","127.377","813"
"2022-06-19","A.S. FERROL","597","37.309","314"
"2022-06-19","A.S. LUGO, A MARIÑA E MONFORTE","1.225","67.539","353"
"2022-06-19","A.S. OURENSE, VERÍN E O BARCO","1.344","74.728","604"
"2022-06-19","A.S. PONTEVEDRA E O SALNÉS","1.181","70.417","297"
"2022-06-19","A.S. SANTIAGO E BARBANZA","1.712","98.005","485"
"2022-06-19","A.S. VIGO","2.118","139.574","695"
"2022-06-19","SEN A.S. ASIGNADA","14","858","0"
"2022-06-19","GALICIA","10.438","615.807","3.561"
"2022-06-20","A.S. A CORUÑA E CEE","2.071","127.621","813"
"2022-06-20","A.S. FERROL","664","37.343","314"
"2022-06-20","A.S. LUGO, A MARIÑA E MONFORTE","1.293","67.644","353"
"2022-06-20","A.S. OURENSE, VERÍN E O BARCO","1.375","74.881","604"
"2022-06-20","A.S. PONTEVEDRA E O SALNÉS","1.185","70.551","297"
"2022-06-20","A.S. SANTIAGO E BARBANZA","1.749","98.181","485"
"2022-06-20","A.S. VIGO","2.154","139.800","696"
"2022-06-20","SEN A.S. ASIGNADA","15","860","0"
"2022-06-20","GALICIA","10.506","616.881","3.562"
"2022-06-21","A.S. A CORUÑA E CEE","2.323","127.789","814"
"2022-06-21","A.S. FERROL","697","37.401","315"
"2022-06-21","A.S. LUGO, A MARIÑA E MONFORTE","1.324","67.766","353"
"2022-06-21","A.S. OURENSE, VERÍN E O BARCO","1.412","75.008","604"
"2022-06-21","A.S. PONTEVEDRA E O SALNÉS","1.291","70.655","297"
"2022-06-21","A.S. SANTIAGO E BARBANZA","1.937","98.336","485"
"2022-06-21","A.S. VIGO","2.229","140.014","698"
"2022-06-21","SEN A.S. ASIGNADA","19","860","0"
"2022-06-21","GALICIA","11.232","617.829","3.566"
"2022-06-22","A.S. A CORUÑA E CEE","2.579","127.922","815"
"2022-06-22","A.S. FERROL","768","37.441","315"
"2022-06-22","A.S. LUGO, A MARIÑA E MONFORTE","1.448","67.836","354"
"2022-06-22","A.S. OURENSE, VERÍN E O BARCO","1.467","75.115","605"
"2022-06-22","A.S. PONTEVEDRA E O SALNÉS","1.366","70.714","297"
"2022-06-22","A.S. SANTIAGO E BARBANZA","2.093","98.431","486"
"2022-06-22","A.S. VIGO","2.425","140.138","699"
"2022-06-22","SEN A.S. ASIGNADA","20","861","0"
"2022-06-22","GALICIA","12.166","618.458","3.571"
"2022-06-23","A.S. A CORUÑA E CEE","2.711","128.031","816"
"2022-06-23","A.S. FERROL","853","37.458","315"
"2022-06-23","A.S. LUGO, A MARIÑA E MONFORTE","1.589","67.876","354"
"2022-06-23","A.S. OURENSE, VERÍN E O BARCO","1.546","75.182","606"
"2022-06-23","A.S. PONTEVEDRA E O SALNÉS","1.502","70.772","297"
"2022-06-23","A.S. SANTIAGO E BARBANZA","2.249","98.507","487"
"2022-06-23","A.S. VIGO","2.585","140.248","701"
"2022-06-23","SEN A.S. ASIGNADA","22","861","0"
"2022-06-23","GALICIA","13.057","618.935","3.576"
"2022-06-24","A.S. A CORUÑA E CEE","2.712","128.247","819"
"2022-06-24","A.S. FERROL","816","37.527","315"
"2022-06-24","A.S. LUGO, A MARIÑA E MONFORTE","1.569","67.990","354"
"2022-06-24","A.S. OURENSE, VERÍN E O BARCO","1.507","75.325","607"
"2022-06-24","A.S. PONTEVEDRA E O SALNÉS","1.440","70.919","298"
"2022-06-24","A.S. SANTIAGO E BARBANZA","2.189","98.715","487"
"2022-06-24","A.S. VIGO","2.426","140.480","703"
"2022-06-24","SEN A.S. ASIGNADA","22","862","0"
"2022-06-24","GALICIA","12.681","620.065","3.583"
"2022-06-25","A.S. A CORUÑA E CEE","2.503","128.606","819"
"2022-06-25","A.S. FERROL","838","37.587","315"
"2022-06-25","A.S. LUGO, A MARIÑA E MONFORTE","1.531","68.121","356"
"2022-06-25","A.S. OURENSE, VERÍN E O BARCO","1.455","75.492","607"
"2022-06-25","A.S. PONTEVEDRA E O SALNÉS","1.356","71.076","299"
"2022-06-25","A.S. SANTIAGO E BARBANZA","2.119","98.949","487"
"2022-06-25","A.S. VIGO","2.335","140.755","704"
"2022-06-25","SEN A.S. ASIGNADA","21","863","0"
"2022-06-25","GALICIA","12.158","621.449","3.587"
"2022-06-26","A.S. A CORUÑA E CEE","2.412","128.864","820"
"2022-06-26","A.S. FERROL","793","37.675","315"
"2022-06-26","A.S. LUGO, A MARIÑA E MONFORTE","1.446","68.319","356"
"2022-06-26","A.S. OURENSE, VERÍN E O BARCO","1.411","75.621","607"
"2022-06-26","A.S. PONTEVEDRA E O SALNÉS","1.280","71.228","300"
"2022-06-26","A.S. SANTIAGO E BARBANZA","2.043","99.147","488"
"2022-06-26","A.S. VIGO","2.181","140.992","705"
"2022-06-26","SEN A.S. ASIGNADA","16","868","0"
"2022-06-26","GALICIA","11.582","622.714","3.591"
"2022-06-27","A.S. A CORUÑA E CEE","2.464","129.101","821"
"2022-06-27","A.S. FERROL","873","37.717","315"
"2022-06-27","A.S. LUGO, A MARIÑA E MONFORTE","1.503","68.469","357"
"2022-06-27","A.S. OURENSE, VERÍN E O BARCO","1.490","75.766","607"
"2022-06-27","A.S. PONTEVEDRA E O SALNÉS","1.304","71.374","300"
"2022-06-27","A.S. SANTIAGO E BARBANZA","2.134","99.348","489"
"2022-06-27","A.S. VIGO","2.220","141.269","705"
"2022-06-27","SEN A.S. ASIGNADA","16","869","0"
"2022-06-27","GALICIA","12.004","623.913","3.594"
"2022-06-28","A.S. A CORUÑA E CEE","2.585","129.361","821"
"2022-06-28","A.S. FERROL","902","37.818","315"
"2022-06-28","A.S. LUGO, A MARIÑA E MONFORTE","1.639","68.616","357"
"2022-06-28","A.S. OURENSE, VERÍN E O BARCO","1.554","75.903","608"
"2022-06-28","A.S. PONTEVEDRA E O SALNÉS","1.410","71.488","300"
"2022-06-28","A.S. SANTIAGO E BARBANZA","2.384","99.530","490"
"2022-06-28","A.S. VIGO","2.300","141.512","707"
"2022-06-28","SEN A.S. ASIGNADA","15","871","0"
"2022-06-28","GALICIA","12.789","625.099","3.598"
"2022-06-29","A.S. A CORUÑA E CEE","2.905","129.517","823"
"2022-06-29","A.S. FERROL","990","37.880","315"
"2022-06-29","A.S. LUGO, A MARIÑA E MONFORTE","1.798","68.707","358"
"2022-06-29","A.S. OURENSE, VERÍN E O BARCO","1.790","75.982","609"
"2022-06-29","A.S. PONTEVEDRA E O SALNÉS","1.535","71.539","301"
"2022-06-29","A.S. SANTIAGO E BARBANZA","2.580","99.634","490"
"2022-06-29","A.S. VIGO","2.429","141.622","708"
"2022-06-29","SEN A.S. ASIGNADA","17","872","0"
"2022-06-29","GALICIA","14.044","625.753","3.604"
"2022-06-30","A.S. A CORUÑA E CEE","3.066","129.624","825"
"2022-06-30","A.S. FERROL","1.105","37.900","316"
"2022-06-30","A.S. LUGO, A MARIÑA E MONFORTE","1.974","68.779","358"
"2022-06-30","A.S. OURENSE, VERÍN E O BARCO","1.939","76.080","609"
"2022-06-30","A.S. PONTEVEDRA E O SALNÉS","1.661","71.594","301"
"2022-06-30","A.S. SANTIAGO E BARBANZA","2.753","99.713","492"
"2022-06-30","A.S. VIGO","2.644","141.705","709"
"2022-06-30","SEN A.S. ASIGNADA","19","872","0"
"2022-06-30","GALICIA","15.161","626.267","3.610"
"2022-07-01","A.S. A CORUÑA E CEE","3.409","129.700","827"
"2022-07-01","A.S. FERROL","1.142","38.002","317"
"2022-07-01","A.S. LUGO, A MARIÑA E MONFORTE","2.030","68.953","359"
"2022-07-01","A.S. OURENSE, VERÍN E O BARCO","2.012","76.263","610"
"2022-07-01","A.S. PONTEVEDRA E O SALNÉS","1.707","71.736","301"
"2022-07-01","A.S. SANTIAGO E BARBANZA","2.914","99.922","492"
"2022-07-01","A.S. VIGO","2.657","141.962","709"
"2022-07-01","SEN A.S. ASIGNADA","18","875","0"
"2022-07-01","GALICIA","15.889","627.413","3.615"
"2022-07-02","A.S. A CORUÑA E CEE","3.195","130.119","828"
"2022-07-02","A.S. FERROL","1.159","38.094","317"
"2022-07-02","A.S. LUGO, A MARIÑA E MONFORTE","2.027","69.090","360"
"2022-07-02","A.S. OURENSE, VERÍN E O BARCO","1.991","76.426","612"
"2022-07-02","A.S. PONTEVEDRA E O SALNÉS","1.604","71.942","302"
"2022-07-02","A.S. SANTIAGO E BARBANZA","2.722","100.262","492"
"2022-07-02","A.S. VIGO","2.522","142.242","710"
"2022-07-02","SEN A.S. ASIGNADA","14","879","0"
"2022-07-02","GALICIA","15.234","629.054","3.621"
"2022-07-03","A.S. A CORUÑA E CEE","3.013","130.493","833"
"2022-07-03","A.S. FERROL","1.142","38.201","318"
"2022-07-03","A.S. LUGO, A MARIÑA E MONFORTE","1.968","69.282","361"
"2022-07-03","A.S. OURENSE, VERÍN E O BARCO","1.946","76.586","612"
"2022-07-03","A.S. PONTEVEDRA E O SALNÉS","1.540","72.069","303"
"2022-07-03","A.S. SANTIAGO E BARBANZA","2.629","100.509","493"
"2022-07-03","A.S. VIGO","2.299","142.557","712"
"2022-07-03","SEN A.S. ASIGNADA","14","881","0"
"2022-07-03","GALICIA","14.551","630.578","3.632"
"2022-07-04","A.S. A CORUÑA E CEE","3.058","130.730","833"
"2022-07-04","A.S. FERROL","1.199","38.304","318"
"2022-07-04","A.S. LUGO, A MARIÑA E MONFORTE","2.073","69.467","363"
"2022-07-04","A.S. OURENSE, VERÍN E O BARCO","2.058","76.735","612"
"2022-07-04","A.S. PONTEVEDRA E O SALNÉS","1.528","72.266","305"
"2022-07-04","A.S. SANTIAGO E BARBANZA","2.691","100.740","494"
"2022-07-04","A.S. VIGO","2.372","142.835","713"
"2022-07-04","SEN A.S. ASIGNADA","14","883","0"
"2022-07-04","GALICIA","14.993","631.960","3.638"
"2022-07-05","A.S. A CORUÑA E CEE","3.236","130.956","835"
"2022-07-05","A.S. FERROL","1.310","38.336","318"
"2022-07-05","A.S. LUGO, A MARIÑA E MONFORTE","2.249","69.564","364"
"2022-07-05","A.S. OURENSE, VERÍN E O BARCO","2.222","76.842","614"
"2022-07-05","A.S. PONTEVEDRA E O SALNÉS","1.644","72.354","305"
"2022-07-05","A.S. SANTIAGO E BARBANZA","2.871","100.891","496"
"2022-07-05","A.S. VIGO","2.584","142.909","717"
"2022-07-05","SEN A.S. ASIGNADA","19","884","0"
"2022-07-05","GALICIA","16.135","632.736","3.649"
"2022-07-06","A.S. A CORUÑA E CEE","3.409","131.104","839"
"2022-07-06","A.S. FERROL","1.356","38.416","318"
"2022-07-06","A.S. LUGO, A MARIÑA E MONFORTE","2.422","69.661","365"
"2022-07-06","A.S. OURENSE, VERÍN E O BARCO","2.377","76.959","615"
"2022-07-06","A.S. PONTEVEDRA E O SALNÉS","1.754","72.425","308"
"2022-07-06","A.S. SANTIAGO E BARBANZA","3.039","101.058","497"
"2022-07-06","A.S. VIGO","2.644","143.093","719"
"2022-07-06","SEN A.S. ASIGNADA","22","884","0"
"2022-07-06","GALICIA","17.023","633.600","3.661"
"2022-07-07","A.S. A CORUÑA E CEE","3.575","131.277","842"
"2022-07-07","A.S. FERROL","1.426","38.462","318"
"2022-07-07","A.S. LUGO, A MARIÑA E MONFORTE","2.560","69.773","365"
"2022-07-07","A.S. OURENSE, VERÍN E O BARCO","2.523","77.057","615"
"2022-07-07","A.S. PONTEVEDRA E O SALNÉS","1.848","72.500","308"
"2022-07-07","A.S. SANTIAGO E BARBANZA","3.188","101.182","497"
"2022-07-07","A.S. VIGO","2.770","143.184","721"
"2022-07-07","SEN A.S. ASIGNADA","27","884","0"
"2022-07-07","GALICIA","17.917","634.319","3.666"
"2022-07-08","A.S. A CORUÑA E CEE","3.616","131.574","842"
"2022-07-08","A.S. FERROL","1.442","38.585","318"
"2022-07-08","A.S. LUGO, A MARIÑA E MONFORTE","2.546","69.982","368"
"2022-07-08","A.S. OURENSE, VERÍN E O BARCO","2.514","77.278","617"
"2022-07-08","A.S. PONTEVEDRA E O SALNÉS","1.811","72.673","309"
"2022-07-08","A.S. SANTIAGO E BARBANZA","3.103","101.471","498"
"2022-07-08","A.S. VIGO","2.661","143.498","724"
"2022-07-08","SEN A.S. ASIGNADA","27","885","0"
"2022-07-08","GALICIA","17.720","635.946","3.676"
"2022-07-09","A.S. A CORUÑA E CEE","3.388","131.943","846"
"2022-07-09","A.S. FERROL","1.374","38.719","319"
"2022-07-09","A.S. LUGO, A MARIÑA E MONFORTE","2.379","70.257","369"
"2022-07-09","A.S. OURENSE, VERÍN E O BARCO","2.414","77.473","617"
"2022-07-09","A.S. PONTEVEDRA E O SALNÉS","1.640","72.894","310"
"2022-07-09","A.S. SANTIAGO E BARBANZA","2.808","101.896","499"
"2022-07-09","A.S. VIGO","2.416","143.817","725"
"2022-07-09","SEN A.S. ASIGNADA","26","886","0"
"2022-07-09","GALICIA","16.445","637.885","3.685"
"2022-07-10","A.S. A CORUÑA E CEE","2.986","132.411","847"
"2022-07-10","A.S. FERROL","1.304","38.861","319"
"2022-07-10","A.S. LUGO, A MARIÑA E MONFORTE","2.236","70.495","370"
"2022-07-10","A.S. OURENSE, VERÍN E O BARCO","2.167","77.781","618"
"2022-07-10","A.S. PONTEVEDRA E O SALNÉS","1.522","73.065","310"
"2022-07-10","A.S. SANTIAGO E BARBANZA","2.597","102.196","499"
"2022-07-10","A.S. VIGO","2.222","144.060","727"
"2022-07-10","SEN A.S. ASIGNADA","26","889","0"
"2022-07-10","GALICIA","15.060","639.758","3.690"
"2022-07-11","A.S. A CORUÑA E CEE","2.950","132.685","850"
"2022-07-11","A.S. FERROL","1.256","39.005","319"
"2022-07-11","A.S. LUGO, A MARIÑA E MONFORTE","2.153","70.750","371"
"2022-07-11","A.S. OURENSE, VERÍN E O BARCO","2.120","78.031","618"
"2022-07-11","A.S. PONTEVEDRA E O SALNÉS","1.448","73.242","313"
"2022-07-11","A.S. SANTIAGO E BARBANZA","2.545","102.446","503"
"2022-07-11","A.S. VIGO","2.105","144.348","732"
"2022-07-11","SEN A.S. ASIGNADA","26","891","0"
"2022-07-11","GALICIA","14.603","641.398","3.706"
"2022-07-12","A.S. A CORUÑA E CEE","2.731","133.099","851"
"2022-07-12","A.S. FERROL","1.199","39.141","319"
"2022-07-12","A.S. LUGO, A MARIÑA E MONFORTE","2.116","70.991","373"
"2022-07-12","A.S. OURENSE, VERÍN E O BARCO","2.028","78.288","620"
"2022-07-12","A.S. PONTEVEDRA E O SALNÉS","1.389","73.431","316"
"2022-07-12","A.S. SANTIAGO E BARBANZA","2.359","102.820","507"
"2022-07-12","A.S. VIGO","2.016","144.614","733"
"2022-07-12","SEN A.S. ASIGNADA","27","893","0"
"2022-07-12","GALICIA","13.865","643.277","3.719"
"2022-07-13","A.S. A CORUÑA E CEE","2.766","133.310","853"
"2022-07-13","A.S. FERROL","1.185","39.248","320"
"2022-07-13","A.S. LUGO, A MARIÑA E MONFORTE","2.110","71.127","374"
"2022-07-13","A.S. OURENSE, VERÍN E O BARCO","2.028","78.427","622"
"2022-07-13","A.S. PONTEVEDRA E O SALNÉS","1.393","73.531","316"
"2022-07-13","A.S. SANTIAGO E BARBANZA","2.346","102.974","509"
"2022-07-13","A.S. VIGO","1.996","144.768","736"
"2022-07-13","SEN A.S. ASIGNADA","33","893","0"
"2022-07-13","GALICIA","13.857","644.278","3.730"
"2022-07-14","A.S. A CORUÑA E CEE","2.740","133.505","858"
"2022-07-14","A.S. FERROL","1.180","39.341","320"
"2022-07-14","A.S. LUGO, A MARIÑA E MONFORTE","2.112","71.266","376"
"2022-07-14","A.S. OURENSE, VERÍN E O BARCO","2.039","78.549","626"
"2022-07-14","A.S. PONTEVEDRA E O SALNÉS","1.416","73.592","318"
"2022-07-14","A.S. SANTIAGO E BARBANZA","2.339","103.122","510"
"2022-07-14","A.S. VIGO","1.998","144.855","736"
"2022-07-14","SEN A.S. ASIGNADA","32","895","0"
"2022-07-14","GALICIA","13.856","645.125","3.744"
"2022-07-15","A.S. A CORUÑA E CEE","2.591","133.782","861"
"2022-07-15","A.S. FERROL","1.097","39.500","320"
"2022-07-15","A.S. LUGO, A MARIÑA E MONFORTE","1.915","71.555","378"
"2022-07-15","A.S. OURENSE, VERÍN E O BARCO","1.903","78.798","627"
"2022-07-15","A.S. PONTEVEDRA E O SALNÉS","1.307","73.783","320"
"2022-07-15","A.S. SANTIAGO E BARBANZA","2.160","103.416","512"
"2022-07-15","A.S. VIGO","1.778","145.205","737"
"2022-07-15","SEN A.S. ASIGNADA","32","897","0"
"2022-07-15","GALICIA","12.783","646.936","3.755"
"2022-07-16","A.S. A CORUÑA E CEE","2.321","134.180","863"
"2022-07-16","A.S. FERROL","1.009","39.643","320"
"2022-07-16","A.S. LUGO, A MARIÑA E MONFORTE","1.690","71.825","379"
"2022-07-16","A.S. OURENSE, VERÍN E O BARCO","1.719","79.062","628"
"2022-07-16","A.S. PONTEVEDRA E O SALNÉS","1.144","73.984","322"
"2022-07-16","A.S. SANTIAGO E BARBANZA","1.885","103.740","513"
"2022-07-16","A.S. VIGO","1.576","145.483","738"
"2022-07-16","SEN A.S. ASIGNADA","28","903","0"
"2022-07-16","GALICIA","11.372","648.820","3.763"
"2022-07-17","A.S. A CORUÑA E CEE","2.049","134.508","864"
"2022-07-17","A.S. FERROL","908","39.764","320"
"2022-07-17","A.S. LUGO, A MARIÑA E MONFORTE","1.467","72.095","379"
"2022-07-17","A.S. OURENSE, VERÍN E O BARCO","1.496","79.326","629"
"2022-07-17","A.S. PONTEVEDRA E O SALNÉS","994","74.159","324"
"2022-07-17","A.S. SANTIAGO E BARBANZA","1.604","104.072","514"
"2022-07-17","A.S. VIGO","1.370","145.722","738"
"2022-07-17","SEN A.S. ASIGNADA","25","906","0"
"2022-07-17","GALICIA","9.913","650.552","3.768"
"2022-07-18","A.S. A CORUÑA E CEE","1.830","134.858","868"
"2022-07-18","A.S. FERROL","854","39.882","321"
"2022-07-18","A.S. LUGO, A MARIÑA E MONFORTE","1.340","72.343","380"
"2022-07-18","A.S. OURENSE, VERÍN E O BARCO","1.358","79.574","631"
"2022-07-18","A.S. PONTEVEDRA E O SALNÉS","893","74.331","324"
"2022-07-18","A.S. SANTIAGO E BARBANZA","1.431","104.344","515"
"2022-07-18","A.S. VIGO","1.239","145.949","739"
"2022-07-18","SEN A.S. ASIGNADA","25","911","0"
"2022-07-18","GALICIA","8.970","652.192","3.778"
"2022-07-19","A.S. A CORUÑA E CEE","1.632","135.184","869"
"2022-07-19","A.S. FERROL","768","40.024","321"
"2022-07-19","A.S. LUGO, A MARIÑA E MONFORTE","1.212","72.547","382"
"2022-07-19","A.S. OURENSE, VERÍN E O BARCO","1.255","79.786","631"
"2022-07-19","A.S. PONTEVEDRA E O SALNÉS","810","74.467","324"
"2022-07-19","A.S. SANTIAGO E BARBANZA","1.375","104.545","515"
"2022-07-19","A.S. VIGO","1.140","146.155","740"
"2022-07-19","SEN A.S. ASIGNADA","27","912","0"
"2022-07-19","GALICIA","8.219","653.620","3.782"
"2022-07-20","A.S. A CORUÑA E CEE","1.607","135.334","870"
"2022-07-20","A.S. FERROL","773","40.091","321"
"2022-07-20","A.S. LUGO, A MARIÑA E MONFORTE","1.170","72.656","382"
"2022-07-20","A.S. OURENSE, VERÍN E O BARCO","1.236","79.888","631"
"2022-07-20","A.S. PONTEVEDRA E O SALNÉS","815","74.517","324"
"2022-07-20","A.S. SANTIAGO E BARBANZA","1.328","104.682","516"
"2022-07-20","A.S. VIGO","1.185","146.230","742"
"2022-07-20","SEN A.S. ASIGNADA","28","912","0"
"2022-07-20","GALICIA","8.142","654.310","3.786"
"2022-07-21","A.S. A CORUÑA E CEE","1.633","135.404","873"
"2022-07-21","A.S. FERROL","775","40.165","321"
"2022-07-21","A.S. LUGO, A MARIÑA E MONFORTE","1.134","72.746","383"
"2022-07-21","A.S. OURENSE, VERÍN E O BARCO","1.252","79.953","632"
"2022-07-21","A.S. PONTEVEDRA E O SALNÉS","797","74.571","325"
"2022-07-21","A.S. SANTIAGO E BARBANZA","1.323","104.770","519"
"2022-07-21","A.S. VIGO","1.207","146.283","742"
"2022-07-21","SEN A.S. ASIGNADA","27","915","0"
"2022-07-21","GALICIA","8.148","654.807","3.795"
"2022-07-22","A.S. A CORUÑA E CEE","1.509","135.626","873"
"2022-07-22","A.S. FERROL","710","40.264","321"
"2022-07-22","A.S. LUGO, A MARIÑA E MONFORTE","1.031","72.916","383"
"2022-07-22","A.S. OURENSE, VERÍN E O BARCO","1.121","80.158","632"
"2022-07-22","A.S. PONTEVEDRA E O SALNÉS","736","74.679","325"
"2022-07-22","A.S. SANTIAGO E BARBANZA","1.182","104.977","520"
"2022-07-22","A.S. VIGO","1.121","146.457","743"
"2022-07-22","SEN A.S. ASIGNADA","26","917","0"
"2022-07-22","GALICIA","7.436","655.994","3.797"
"2022-07-23","A.S. A CORUÑA E CEE","1.374","135.821","873"
"2022-07-23","A.S. FERROL","662","40.343","321"
"2022-07-23","A.S. LUGO, A MARIÑA E MONFORTE","867","73.109","384"
"2022-07-23","A.S. OURENSE, VERÍN E O BARCO","1.005","80.317","632"
"2022-07-23","A.S. PONTEVEDRA E O SALNÉS","624","74.807","325"
"2022-07-23","A.S. SANTIAGO E BARBANZA","1.024","105.173","520"
"2022-07-23","A.S. VIGO","989","146.632","743"
"2022-07-23","SEN A.S. ASIGNADA","23","920","0"
"2022-07-23","GALICIA","6.568","657.122","3.798"
"2022-07-24","A.S. A CORUÑA E CEE","1.173","136.056","873"
"2022-07-24","A.S. FERROL","583","40.437","321"
"2022-07-24","A.S. LUGO, A MARIÑA E MONFORTE","759","73.237","385"
"2022-07-24","A.S. OURENSE, VERÍN E O BARCO","913","80.447","633"
"2022-07-24","A.S. PONTEVEDRA E O SALNÉS","533","74.910","326"
"2022-07-24","A.S. SANTIAGO E BARBANZA","921","105.313","520"
"2022-07-24","A.S. VIGO","879","146.766","744"
"2022-07-24","SEN A.S. ASIGNADA","19","926","0"
"2022-07-24","GALICIA","5.780","658.092","3.802"
"2022-07-25","A.S. A CORUÑA E CEE","1.070","136.224","873"
"2022-07-25","A.S. FERROL","526","40.519","321"
"2022-07-25","A.S. LUGO, A MARIÑA E MONFORTE","654","73.383","386"
"2022-07-25","A.S. OURENSE, VERÍN E O BARCO","806","80.579","633"
"2022-07-25","A.S. PONTEVEDRA E O SALNÉS","462","75.002","326"
"2022-07-25","A.S. SANTIAGO E BARBANZA","820","105.448","522"
"2022-07-25","A.S. VIGO","816","146.859","746"
"2022-07-25","SEN A.S. ASIGNADA","23","926","0"
"2022-07-25","GALICIA","5.177","658.940","3.807"
"2022-07-26","A.S. A CORUÑA E CEE","1.027","136.368","873"
"2022-07-26","A.S. FERROL","487","40.596","321"
"2022-07-26","A.S. LUGO, A MARIÑA E MONFORTE","611","73.474","386"
"2022-07-26","A.S. OURENSE, VERÍN E O BARCO","750","80.702","634"
"2022-07-26","A.S. PONTEVEDRA E O SALNÉS","423","75.084","327"
"2022-07-26","A.S. SANTIAGO E BARBANZA","755","105.567","523"
"2022-07-26","A.S. VIGO","753","146.991","747"
"2022-07-26","SEN A.S. ASIGNADA","22","928","0"
"2022-07-26","GALICIA","4.828","659.710","3.811"
"2022-07-27","A.S. A CORUÑA E CEE","983","136.497","874"
"2022-07-27","A.S. FERROL","457","40.650","321"
"2022-07-27","A.S. LUGO, A MARIÑA E MONFORTE","609","73.525","386"
"2022-07-27","A.S. OURENSE, VERÍN E O BARCO","766","80.791","636"
"2022-07-27","A.S. PONTEVEDRA E O SALNÉS","423","75.123","327"
"2022-07-27","A.S. SANTIAGO E BARBANZA","801","105.615","524"
"2022-07-27","A.S. VIGO","749","147.071","748"
"2022-07-27","SEN A.S. ASIGNADA","26","930","0"
"2022-07-27","GALICIA","4.814","660.202","3.816"
"2022-07-28","A.S. A CORUÑA E CEE","1.007","136.556","875"
"2022-07-28","A.S. FERROL","482","40.676","321"
"2022-07-28","A.S. LUGO, A MARIÑA E MONFORTE","594","73.576","386"
"2022-07-28","A.S. OURENSE, VERÍN E O BARCO","763","80.834","636"
"2022-07-28","A.S. PONTEVEDRA E O SALNÉS","430","75.148","330"
"2022-07-28","A.S. SANTIAGO E BARBANZA","790","105.667","525"
"2022-07-28","A.S. VIGO","770","147.102","748"
"2022-07-28","SEN A.S. ASIGNADA","27","930","0"
"2022-07-28","GALICIA","4.863","660.489","3.821"
"2022-07-29","A.S. A CORUÑA E CEE","926","136.687","876"
"2022-07-29","A.S. FERROL","435","40.742","321"
"2022-07-29","A.S. LUGO, A MARIÑA E MONFORTE","522","73.685","388"
"2022-07-29","A.S. OURENSE, VERÍN E O BARCO","694","80.945","636"
"2022-07-29","A.S. PONTEVEDRA E O SALNÉS","412","75.214","330"
"2022-07-29","A.S. SANTIAGO E BARBANZA","734","105.764","525"
"2022-07-29","A.S. VIGO","728","147.198","749"
"2022-07-29","SEN A.S. ASIGNADA","22","936","0"
"2022-07-29","GALICIA","4.473","661.171","3.825"
"2022-07-30","A.S. A CORUÑA E CEE","829","136.812","877"
"2022-07-30","A.S. FERROL","413","40.798","321"
"2022-07-30","A.S. LUGO, A MARIÑA E MONFORTE","464","73.759","389"
"2022-07-30","A.S. OURENSE, VERÍN E O BARCO","619","81.049","637"
"2022-07-30","A.S. PONTEVEDRA E O SALNÉS","366","75.270","330"
"2022-07-30","A.S. SANTIAGO E BARBANZA","611","105.909","526"
"2022-07-30","A.S. VIGO","648","147.300","750"
"2022-07-30","SEN A.S. ASIGNADA","20","939","0"
"2022-07-30","GALICIA","3.970","661.836","3.830"
"2022-07-31","A.S. A CORUÑA E CEE","732","136.939","877"
"2022-07-31","A.S. FERROL","350","40.866","321"
"2022-07-31","A.S. LUGO, A MARIÑA E MONFORTE","426","73.815","389"
"2022-07-31","A.S. OURENSE, VERÍN E O BARCO","557","81.124","638"
"2022-07-31","A.S. PONTEVEDRA E O SALNÉS","319","75.326","331"
"2022-07-31","A.S. SANTIAGO E BARBANZA","548","105.995","527"
"2022-07-31","A.S. VIGO","545","147.417","752"
"2022-07-31","SEN A.S. ASIGNADA","19","940","0"
"2022-07-31","GALICIA","3.496","662.422","3.835"
"2022-08-01","A.S. A CORUÑA E CEE","710","137.040","877"
"2022-08-01","A.S. FERROL","297","40.944","321"
"2022-08-01","A.S. LUGO, A MARIÑA E MONFORTE","410","73.866","390"
"2022-08-01","A.S. OURENSE, VERÍN E O BARCO","523","81.205","638"
"2022-08-01","A.S. PONTEVEDRA E O SALNÉS","332","75.360","331"
"2022-08-01","A.S. SANTIAGO E BARBANZA","526","106.079","528"
"2022-08-01","A.S. VIGO","511","147.494","752"
"2022-08-01","SEN A.S. ASIGNADA","18","942","0"
"2022-08-01","GALICIA","3.327","662.930","3.837"
"2022-08-02","A.S. A CORUÑA E CEE","671","137.145","877"
"2022-08-02","A.S. FERROL","282","40.978","321"
"2022-08-02","A.S. LUGO, A MARIÑA E MONFORTE","361","73.940","391"
"2022-08-02","A.S. OURENSE, VERÍN E O BARCO","507","81.280","638"
"2022-08-02","A.S. PONTEVEDRA E O SALNÉS","315","75.407","331"
"2022-08-02","A.S. SANTIAGO E BARBANZA","510","106.146","529"
"2022-08-02","A.S. VIGO","453","147.581","753"
"2022-08-02","SEN A.S. ASIGNADA","18","943","0"
"2022-08-02","GALICIA","3.117","663.420","3.840"
"2022-08-03","A.S. A CORUÑA E CEE","672","137.200","877"
"2022-08-03","A.S. FERROL","277","41.010","321"
"2022-08-03","A.S. LUGO, A MARIÑA E MONFORTE","366","73.968","392"
"2022-08-03","A.S. OURENSE, VERÍN E O BARCO","510","81.320","639"
"2022-08-03","A.S. PONTEVEDRA E O SALNÉS","321","75.426","331"
"2022-08-03","A.S. SANTIAGO E BARBANZA","505","106.186","530"
"2022-08-03","A.S. VIGO","441","147.622","753"
"2022-08-03","SEN A.S. ASIGNADA","18","943","0"
"2022-08-03","GALICIA","3.110","663.675","3.843"
"2022-08-04","A.S. A CORUÑA E CEE","698","137.238","877"
"2022-08-04","A.S. FERROL","271","41.026","321"
"2022-08-04","A.S. LUGO, A MARIÑA E MONFORTE","370","73.989","393"
"2022-08-04","A.S. OURENSE, VERÍN E O BARCO","493","81.365","639"
"2022-08-04","A.S. PONTEVEDRA E O SALNÉS","329","75.436","331"
"2022-08-04","A.S. SANTIAGO E BARBANZA","507","106.222","531"
"2022-08-04","A.S. VIGO","447","147.646","753"
"2022-08-04","SEN A.S. ASIGNADA","16","945","0"
"2022-08-04","GALICIA","3.131","663.867","3.845"
"2022-08-05","A.S. A CORUÑA E CEE","681","137.295","877"
"2022-08-05","A.S. FERROL","273","41.052","321"
"2022-08-05","A.S. LUGO, A MARIÑA E MONFORTE","367","74.033","393"
"2022-08-05","A.S. OURENSE, VERÍN E O BARCO","494","81.391","639"
"2022-08-05","A.S. PONTEVEDRA E O SALNÉS","327","75.462","332"
"2022-08-05","A.S. SANTIAGO E BARBANZA","496","106.258","531"
"2022-08-05","A.S. VIGO","436","147.679","753"
"2022-08-05","SEN A.S. ASIGNADA","14","949","0"
"2022-08-05","GALICIA","3.088","664.119","3.846"
"2022-08-06","A.S. A CORUÑA E CEE","611","137.386","878"
"2022-08-06","A.S. FERROL","253","41.088","321"
"2022-08-06","A.S. LUGO, A MARIÑA E MONFORTE","343","74.080","393"
"2022-08-06","A.S. OURENSE, VERÍN E O BARCO","456","81.454","639"
"2022-08-06","A.S. PONTEVEDRA E O SALNÉS","289","75.506","332"
"2022-08-06","A.S. SANTIAGO E BARBANZA","457","106.312","531"
"2022-08-06","A.S. VIGO","388","147.747","755"
"2022-08-06","SEN A.S. ASIGNADA","14","950","0"
"2022-08-06","GALICIA","2.811","664.523","3.849"
"2022-08-07","A.S. A CORUÑA E CEE","547","137.470","879"
"2022-08-07","A.S. FERROL","239","41.109","321"
"2022-08-07","A.S. LUGO, A MARIÑA E MONFORTE","304","74.130","393"
"2022-08-07","A.S. OURENSE, VERÍN E O BARCO","374","81.552","639"
"2022-08-07","A.S. PONTEVEDRA E O SALNÉS","262","75.543","332"
"2022-08-07","A.S. SANTIAGO E BARBANZA","370","106.405","533"
"2022-08-07","A.S. VIGO","329","147.819","755"
"2022-08-07","SEN A.S. ASIGNADA","8","956","0"
"2022-08-07","GALICIA","2.433","664.984","3.852"
"2022-08-08","A.S. A CORUÑA E CEE","500","137.558","882"
"2022-08-08","A.S. FERROL","201","41.159","321"
"2022-08-08","A.S. LUGO, A MARIÑA E MONFORTE","291","74.168","393"
"2022-08-08","A.S. OURENSE, VERÍN E O BARCO","366","81.594","639"
"2022-08-08","A.S. PONTEVEDRA E O SALNÉS","241","75.576","332"
"2022-08-08","A.S. SANTIAGO E BARBANZA","356","106.447","534"
"2022-08-08","A.S. VIGO","307","147.872","755"
"2022-08-08","SEN A.S. ASIGNADA","10","957","0"
"2022-08-08","GALICIA","2.272","665.331","3.856"
"2022-08-09","A.S. A CORUÑA E CEE","505","137.615","883"
"2022-08-09","A.S. FERROL","202","41.177","321"
"2022-08-09","A.S. LUGO, A MARIÑA E MONFORTE","279","74.206","395"
"2022-08-09","A.S. OURENSE, VERÍN E O BARCO","355","81.636","639"
"2022-08-09","A.S. PONTEVEDRA E O SALNÉS","211","75.620","332"
"2022-08-09","A.S. SANTIAGO E BARBANZA","343","106.488","534"
"2022-08-09","A.S. VIGO","283","147.926","756"
"2022-08-09","SEN A.S. ASIGNADA","11","958","0"
"2022-08-09","GALICIA","2.189","665.626","3.860"
"2022-08-10","A.S. A CORUÑA E CEE","522","137.649","883"
"2022-08-10","A.S. FERROL","184","41.213","321"
"2022-08-10","A.S. LUGO, A MARIÑA E MONFORTE","297","74.224","395"
"2022-08-10","A.S. OURENSE, VERÍN E O BARCO","365","81.669","639"
"2022-08-10","A.S. PONTEVEDRA E O SALNÉS","225","75.628","332"
"2022-08-10","A.S. SANTIAGO E BARBANZA","343","106.511","534"
"2022-08-10","A.S. VIGO","285","147.948","756"
"2022-08-10","SEN A.S. ASIGNADA","10","959","0"
"2022-08-10","GALICIA","2.231","665.801","3.860"
"2022-08-11","A.S. A CORUÑA E CEE","529","137.678","884"
"2022-08-11","A.S. FERROL","187","41.218","321"
"2022-08-11","A.S. LUGO, A MARIÑA E MONFORTE","301","74.242","395"
"2022-08-11","A.S. OURENSE, VERÍN E O BARCO","372","81.686","639"
"2022-08-11","A.S. PONTEVEDRA E O SALNÉS","230","75.641","332"
"2022-08-11","A.S. SANTIAGO E BARBANZA","341","106.535","534"
"2022-08-11","A.S. VIGO","294","147.963","757"
"2022-08-11","SEN A.S. ASIGNADA","11","959","0"
"2022-08-11","GALICIA","2.265","665.922","3.862"
"2022-08-12","A.S. A CORUÑA E CEE","487","137.753","884"
"2022-08-12","A.S. FERROL","178","41.244","321"
"2022-08-12","A.S. LUGO, A MARIÑA E MONFORTE","286","74.277","395"
"2022-08-12","A.S. OURENSE, VERÍN E O BARCO","350","81.730","639"
"2022-08-12","A.S. PONTEVEDRA E O SALNÉS","201","75.683","332"
"2022-08-12","A.S. SANTIAGO E BARBANZA","305","106.595","534"
"2022-08-12","A.S. VIGO","278","148.002","758"
"2022-08-12","SEN A.S. ASIGNADA","12","960","0"
"2022-08-12","GALICIA","2.097","666.244","3.863"
"2022-08-13","A.S. A CORUÑA E CEE","457","137.814","885"
"2022-08-13","A.S. FERROL","160","41.263","321"
"2022-08-13","A.S. LUGO, A MARIÑA E MONFORTE","278","74.301","395"
"2022-08-13","A.S. OURENSE, VERÍN E O BARCO","306","81.790","639"
"2022-08-13","A.S. PONTEVEDRA E O SALNÉS","178","75.716","332"
"2022-08-13","A.S. SANTIAGO E BARBANZA","266","106.648","534"
"2022-08-13","A.S. VIGO","261","148.032","759"
"2022-08-13","SEN A.S. ASIGNADA","11","961","0"
"2022-08-13","GALICIA","1.917","666.525","3.865"
"2022-08-14","A.S. A CORUÑA E CEE","417","137.867","885"
"2022-08-14","A.S. FERROL","141","41.288","321"
"2022-08-14","A.S. LUGO, A MARIÑA E MONFORTE","260","74.334","395"
"2022-08-14","A.S. OURENSE, VERÍN E O BARCO","275","81.833","639"
"2022-08-14","A.S. PONTEVEDRA E O SALNÉS","158","75.742","332"
"2022-08-14","A.S. SANTIAGO E BARBANZA","245","106.682","534"
"2022-08-14","A.S. VIGO","235","148.061","759"
"2022-08-14","SEN A.S. ASIGNADA","11","961","0"
"2022-08-14","GALICIA","1.742","666.768","3.865"
"2022-08-15","A.S. A CORUÑA E CEE","372","137.929","886"
"2022-08-15","A.S. FERROL","144","41.298","321"
"2022-08-15","A.S. LUGO, A MARIÑA E MONFORTE","248","74.358","395"
"2022-08-15","A.S. OURENSE, VERÍN E O BARCO","261","81.859","640"
"2022-08-15","A.S. PONTEVEDRA E O SALNÉS","154","75.760","333"
"2022-08-15","A.S. SANTIAGO E BARBANZA","218","106.721","534"
"2022-08-15","A.S. VIGO","211","148.090","760"
"2022-08-15","SEN A.S. ASIGNADA","11","961","0"
"2022-08-15","GALICIA","1.619","666.976","3.869"
"2022-08-16","A.S. A CORUÑA E CEE","386","137.967","886"
"2022-08-16","A.S. FERROL","127","41.326","321"
"2022-08-16","A.S. LUGO, A MARIÑA E MONFORTE","232","74.401","396"
"2022-08-16","A.S. OURENSE, VERÍN E O BARCO","269","81.887","640"
"2022-08-16","A.S. PONTEVEDRA E O SALNÉS","144","75.787","333"
"2022-08-16","A.S. SANTIAGO E BARBANZA","210","106.747","534"
"2022-08-16","A.S. VIGO","208","148.111","761"
"2022-08-16","SEN A.S. ASIGNADA","10","963","0"
"2022-08-16","GALICIA","1.586","667.189","3.871"
"2022-08-17","A.S. A CORUÑA E CEE","406","137.992","886"
"2022-08-17","A.S. FERROL","126","41.342","321"
"2022-08-17","A.S. LUGO, A MARIÑA E MONFORTE","232","74.424","396"
"2022-08-17","A.S. OURENSE, VERÍN E O BARCO","270","81.914","640"
"2022-08-17","A.S. PONTEVEDRA E O SALNÉS","166","75.793","333"
"2022-08-17","A.S. SANTIAGO E BARBANZA","221","106.763","534"
"2022-08-17","A.S. VIGO","218","148.131","761"
"2022-08-17","SEN A.S. ASIGNADA","10","964","0"
"2022-08-17","GALICIA","1.649","667.323","3.871"
"2022-08-18","A.S. A CORUÑA E CEE","425","138.016","886"
"2022-08-18","A.S. FERROL","130","41.349","321"
"2022-08-18","A.S. LUGO, A MARIÑA E MONFORTE","242","74.435","396"
"2022-08-18","A.S. OURENSE, VERÍN E O BARCO","291","81.931","640"
"2022-08-18","A.S. PONTEVEDRA E O SALNÉS","173","75.802","334"
"2022-08-18","A.S. SANTIAGO E BARBANZA","240","106.772","534"
"2022-08-18","A.S. VIGO","226","148.144","763"
"2022-08-18","SEN A.S. ASIGNADA","10","964","0"
"2022-08-18","GALICIA","1.737","667.413","3.874"
"2022-08-19","A.S. A CORUÑA E CEE","407","138.059","886"
"2022-08-19","A.S. FERROL","130","41.360","321"
"2022-08-19","A.S. LUGO, A MARIÑA E MONFORTE","242","74.458","397"
"2022-08-19","A.S. OURENSE, VERÍN E O BARCO","288","81.962","640"
"2022-08-19","A.S. PONTEVEDRA E O SALNÉS","184","75.814","335"
"2022-08-19","A.S. SANTIAGO E BARBANZA","234","106.803","534"
"2022-08-19","A.S. VIGO","209","148.175","763"
"2022-08-19","SEN A.S. ASIGNADA","7","967","0"
"2022-08-19","GALICIA","1.701","667.598","3.876"
"2022-08-20","A.S. A CORUÑA E CEE","376","138.118","886"
"2022-08-20","A.S. FERROL","115","41.378","321"
"2022-08-20","A.S. LUGO, A MARIÑA E MONFORTE","236","74.485","397"
"2022-08-20","A.S. OURENSE, VERÍN E O BARCO","270","81.992","641"
"2022-08-20","A.S. PONTEVEDRA E O SALNÉS","172","75.831","335"
"2022-08-20","A.S. SANTIAGO E BARBANZA","218","106.831","534"
"2022-08-20","A.S. VIGO","192","148.206","763"
"2022-08-20","SEN A.S. ASIGNADA","5","969","0"
"2022-08-20","GALICIA","1.584","667.810","3.877"
"2022-08-21","A.S. A CORUÑA E CEE","345","138.168","886"
"2022-08-21","A.S. FERROL","104","41.395","321"
"2022-08-21","A.S. LUGO, A MARIÑA E MONFORTE","217","74.519","397"
"2022-08-21","A.S. OURENSE, VERÍN E O BARCO","245","82.035","641"
"2022-08-21","A.S. PONTEVEDRA E O SALNÉS","154","75.854","335"
"2022-08-21","A.S. SANTIAGO E BARBANZA","212","106.852","534"
"2022-08-21","A.S. VIGO","173","148.231","763"
"2022-08-21","SEN A.S. ASIGNADA","6","969","0"
"2022-08-21","GALICIA","1.456","668.023","3.877"
"2022-08-22","A.S. A CORUÑA E CEE","347","138.202","886"
"2022-08-22","A.S. FERROL","110","41.403","321"
"2022-08-22","A.S. LUGO, A MARIÑA E MONFORTE","219","74.543","397"
"2022-08-22","A.S. OURENSE, VERÍN E O BARCO","249","82.056","641"
"2022-08-22","A.S. PONTEVEDRA E O SALNÉS","165","75.873","335"
"2022-08-22","A.S. SANTIAGO E BARBANZA","214","106.875","534"
"2022-08-22","A.S. VIGO","178","148.255","763"
"2022-08-22","SEN A.S. ASIGNADA","5","970","0"
"2022-08-22","GALICIA","1.487","668.177","3.877"
"2022-08-23","A.S. A CORUÑA E CEE","355","138.235","886"
"2022-08-23","A.S. FERROL","107","41.420","321"
"2022-08-23","A.S. LUGO, A MARIÑA E MONFORTE","234","74.561","397"
"2022-08-23","A.S. OURENSE, VERÍN E O BARCO","250","82.076","641"
"2022-08-23","A.S. PONTEVEDRA E O SALNÉS","170","75.886","335"
"2022-08-23","A.S. SANTIAGO E BARBANZA","224","106.899","534"
"2022-08-23","A.S. VIGO","173","148.279","763"
"2022-08-23","SEN A.S. ASIGNADA","3","972","0"
"2022-08-23","GALICIA","1.516","668.328","3.877"
"2022-08-24","A.S. A CORUÑA E CEE","361","138.265","888"
"2022-08-24","A.S. FERROL","115","41.421","321"
"2022-08-24","A.S. LUGO, A MARIÑA E MONFORTE","239","74.579","397"
"2022-08-24","A.S. OURENSE, VERÍN E O BARCO","263","82.094","641"
"2022-08-24","A.S. PONTEVEDRA E O SALNÉS","188","75.896","335"
"2022-08-24","A.S. SANTIAGO E BARBANZA","229","106.915","534"
"2022-08-24","A.S. VIGO","187","148.292","763"
"2022-08-24","SEN A.S. ASIGNADA","4","972","0"
"2022-08-24","GALICIA","1.586","668.434","3.879"
"2022-08-25","A.S. A CORUÑA E CEE","382","138.278","888"
"2022-08-25","A.S. FERROL","120","41.426","321"
"2022-08-25","A.S. LUGO, A MARIÑA E MONFORTE","239","74.595","398"
"2022-08-25","A.S. OURENSE, VERÍN E O BARCO","285","82.107","641"
"2022-08-25","A.S. PONTEVEDRA E O SALNÉS","199","75.902","337"
"2022-08-25","A.S. SANTIAGO E BARBANZA","237","106.929","534"
"2022-08-25","A.S. VIGO","201","148.294","763"
"2022-08-25","SEN A.S. ASIGNADA","4","972","0"
"2022-08-25","GALICIA","1.667","668.503","3.882"
"2022-08-26","A.S. A CORUÑA E CEE","384","138.298","888"
"2022-08-26","A.S. FERROL","128","41.442","321"
"2022-08-26","A.S. LUGO, A MARIÑA E MONFORTE","250","74.606","398"
"2022-08-26","A.S. OURENSE, VERÍN E O BARCO","315","82.120","641"
"2022-08-26","A.S. PONTEVEDRA E O SALNÉS","212","75.914","337"
"2022-08-26","A.S. SANTIAGO E BARBANZA","254","106.942","534"
"2022-08-26","A.S. VIGO","228","148.300","763"
"2022-08-26","SEN A.S. ASIGNADA","4","972","0"
"2022-08-26","GALICIA","1.775","668.594","3.882"
"2022-08-27","A.S. A CORUÑA E CEE","364","138.347","888"
"2022-08-27","A.S. FERROL","122","41.454","321"
"2022-08-27","A.S. LUGO, A MARIÑA E MONFORTE","228","74.634","398"
"2022-08-27","A.S. OURENSE, VERÍN E O BARCO","296","82.156","641"
"2022-08-27","A.S. PONTEVEDRA E O SALNÉS","208","75.929","337"
"2022-08-27","A.S. SANTIAGO E BARBANZA","249","106.958","535"
"2022-08-27","A.S. VIGO","231","148.316","763"
"2022-08-27","SEN A.S. ASIGNADA","3","973","0"
"2022-08-27","GALICIA","1.701","668.767","3.883"
"2022-08-28","A.S. A CORUÑA E CEE","333","138.390","890"
"2022-08-28","A.S. FERROL","111","41.468","321"
"2022-08-28","A.S. LUGO, A MARIÑA E MONFORTE","217","74.657","398"
"2022-08-28","A.S. OURENSE, VERÍN E O BARCO","279","82.184","641"
"2022-08-28","A.S. PONTEVEDRA E O SALNÉS","187","75.956","337"
"2022-08-28","A.S. SANTIAGO E BARBANZA","236","106.983","535"
"2022-08-28","A.S. VIGO","216","148.345","763"
"2022-08-28","SEN A.S. ASIGNADA","2","974","0"
"2022-08-28","GALICIA","1.581","668.957","3.885"
"2022-08-29","A.S. A CORUÑA E CEE","312","138.436","890"
"2022-08-29","A.S. FERROL","110","41.480","321"
"2022-08-29","A.S. LUGO, A MARIÑA E MONFORTE","207","74.680","398"
"2022-08-29","A.S. OURENSE, VERÍN E O BARCO","273","82.221","641"
"2022-08-29","A.S. PONTEVEDRA E O SALNÉS","188","75.972","337"
"2022-08-29","A.S. SANTIAGO E BARBANZA","245","107.010","535"
"2022-08-29","A.S. VIGO","215","148.368","764"
"2022-08-29","SEN A.S. ASIGNADA","2","974","0"
"2022-08-29","GALICIA","1.552","669.141","3.886"
"2022-08-30","A.S. A CORUÑA E CEE","316","138.462","890"
"2022-08-30","A.S. FERROL","109","41.490","321"
"2022-08-30","A.S. LUGO, A MARIÑA E MONFORTE","202","74.702","398"
"2022-08-30","A.S. OURENSE, VERÍN E O BARCO","280","82.249","641"
"2022-08-30","A.S. PONTEVEDRA E O SALNÉS","184","75.994","337"
"2022-08-30","A.S. SANTIAGO E BARBANZA","238","107.034","535"
"2022-08-30","A.S. VIGO","229","148.385","764"
"2022-08-30","SEN A.S. ASIGNADA","3","974","0"
"2022-08-30","GALICIA","1.561","669.290","3.886"
"2022-08-31","A.S. A CORUÑA E CEE","322","138.490","890"
"2022-08-31","A.S. FERROL","119","41.493","321"
"2022-08-31","A.S. LUGO, A MARIÑA E MONFORTE","205","74.721","398"
"2022-08-31","A.S. OURENSE, VERÍN E O BARCO","291","82.261","641"
"2022-08-31","A.S. PONTEVEDRA E O SALNÉS","189","76.002","337"
"2022-08-31","A.S. SANTIAGO E BARBANZA","251","107.046","535"
"2022-08-31","A.S. VIGO","238","148.398","764"
"2022-08-31","SEN A.S. ASIGNADA","3","974","0"
"2022-08-31","GALICIA","1.618","669.385","3.886"
"2022-09-01","A.S. A CORUÑA E CEE","307","138.478","890"
"2022-09-01","A.S. FERROL","121","41.450","321"
"2022-09-01","A.S. LUGO, A MARIÑA E MONFORTE","201","74.632","398"
"2022-09-01","A.S. OURENSE, VERÍN E O BARCO","298","82.172","641"
"2022-09-01","A.S. PONTEVEDRA E O SALNÉS","199","75.930","338"
"2022-09-01","A.S. SANTIAGO E BARBANZA","242","107.015","535"
"2022-09-01","A.S. VIGO","252","148.392","764"
"2022-09-01","SEN A.S. ASIGNADA","2","963","0"
"2022-09-01","GALICIA","1.622","669.032","3.887"
"2022-09-02","A.S. A CORUÑA E CEE","292","138.511","890"
"2022-09-02","A.S. FERROL","120","41.462","321"
"2022-09-02","A.S. LUGO, A MARIÑA E MONFORTE","189","74.653","398"
"2022-09-02","A.S. OURENSE, VERÍN E O BARCO","300","82.197","641"
"2022-09-02","A.S. PONTEVEDRA E O SALNÉS","186","75.959","338"
"2022-09-02","A.S. SANTIAGO E BARBANZA","235","107.040","535"
"2022-09-02","A.S. VIGO","239","148.418","765"
"2022-09-02","SEN A.S. ASIGNADA","3","963","0"
"2022-09-02","GALICIA","1.564","669.203","3.888"
"2022-09-03","A.S. A CORUÑA E CEE","273","138.549","890"
"2022-09-03","A.S. FERROL","110","41.477","321"
"2022-09-03","A.S. LUGO, A MARIÑA E MONFORTE","171","74.684","399"
"2022-09-03","A.S. OURENSE, VERÍN E O BARCO","288","82.219","641"
"2022-09-03","A.S. PONTEVEDRA E O SALNÉS","170","75.977","338"
"2022-09-03","A.S. SANTIAGO E BARBANZA","210","107.073","535"
"2022-09-03","A.S. VIGO","241","148.436","765"
"2022-09-03","SEN A.S. ASIGNADA","3","963","0"
"2022-09-03","GALICIA","1.466","669.378","3.889"
"2022-09-04","A.S. A CORUÑA E CEE","246","138.586","890"
"2022-09-04","A.S. FERROL","107","41.486","321"
"2022-09-04","A.S. LUGO, A MARIÑA E MONFORTE","158","74.708","399"
"2022-09-04","A.S. OURENSE, VERÍN E O BARCO","284","82.248","641"
"2022-09-04","A.S. PONTEVEDRA E O SALNÉS","146","76.006","339"
"2022-09-04","A.S. SANTIAGO E BARBANZA","199","107.096","535"
"2022-09-04","A.S. VIGO","219","148.463","765"
"2022-09-04","SEN A.S. ASIGNADA","2","964","0"
"2022-09-04","GALICIA","1.361","669.557","3.890"
"2022-09-05","A.S. A CORUÑA E CEE","248","138.622","890"
"2022-09-05","A.S. FERROL","113","41.496","321"
"2022-09-05","A.S. LUGO, A MARIÑA E MONFORTE","151","74.723","399"
"2022-09-05","A.S. OURENSE, VERÍN E O BARCO","288","82.281","641"
"2022-09-05","A.S. PONTEVEDRA E O SALNÉS","138","76.025","339"
"2022-09-05","A.S. SANTIAGO E BARBANZA","210","107.116","535"
"2022-09-05","A.S. VIGO","215","148.479","766"
"2022-09-05","SEN A.S. ASIGNADA","2","964","0"
"2022-09-05","GALICIA","1.365","669.706","3.891"
"2022-09-06","A.S. A CORUÑA E CEE","250","138.642","892"
"2022-09-06","A.S. FERROL","101","41.520","321"
"2022-09-06","A.S. LUGO, A MARIÑA E MONFORTE","144","74.746","399"
"2022-09-06","A.S. OURENSE, VERÍN E O BARCO","269","82.325","641"
"2022-09-06","A.S. PONTEVEDRA E O SALNÉS","130","76.047","340"
"2022-09-06","A.S. SANTIAGO E BARBANZA","205","107.143","535"
"2022-09-06","A.S. VIGO","205","148.512","766"
"2022-09-06","SEN A.S. ASIGNADA","2","964","0"
"2022-09-06","GALICIA","1.306","669.899","3.894"
"2022-09-07","A.S. A CORUÑA E CEE","238","138.673","892"
"2022-09-07","A.S. FERROL","109","41.527","321"
"2022-09-07","A.S. LUGO, A MARIÑA E MONFORTE","155","74.754","399"
"2022-09-07","A.S. OURENSE, VERÍN E O BARCO","285","82.342","641"
"2022-09-07","A.S. PONTEVEDRA E O SALNÉS","133","76.056","341"
"2022-09-07","A.S. SANTIAGO E BARBANZA","209","107.155","535"
"2022-09-07","A.S. VIGO","206","148.528","766"
"2022-09-07","SEN A.S. ASIGNADA","2","964","0"
"2022-09-07","GALICIA","1.337","669.999","3.895"
"2022-09-08","A.S. A CORUÑA E CEE","248","138.684","892"
"2022-09-08","A.S. FERROL","113","41.530","321"
"2022-09-08","A.S. LUGO, A MARIÑA E MONFORTE","169","74.768","400"
"2022-09-08","A.S. OURENSE, VERÍN E O BARCO","299","82.353","641"
"2022-09-08","A.S. PONTEVEDRA E O SALNÉS","133","76.062","341"
"2022-09-08","A.S. SANTIAGO E BARBANZA","223","107.166","535"
"2022-09-08","A.S. VIGO","216","148.542","766"
"2022-09-08","SEN A.S. ASIGNADA","2","964","0"
"2022-09-08","GALICIA","1.403","670.069","3.896"
"2022-09-09","A.S. A CORUÑA E CEE","238","138.707","892"
"2022-09-09","A.S. FERROL","109","41.541","321"
"2022-09-09","A.S. LUGO, A MARIÑA E MONFORTE","169","74.780","400"
"2022-09-09","A.S. OURENSE, VERÍN E O BARCO","299","82.381","642"
"2022-09-09","A.S. PONTEVEDRA E O SALNÉS","129","76.083","341"
"2022-09-09","A.S. SANTIAGO E BARBANZA","201","107.201","535"
"2022-09-09","A.S. VIGO","211","148.566","766"
"2022-09-09","SEN A.S. ASIGNADA","5","964","0"
"2022-09-09","GALICIA","1.361","670.223","3.897"
"2022-09-10","A.S. A CORUÑA E CEE","224","138.733","892"
"2022-09-10","A.S. FERROL","100","41.551","321"
"2022-09-10","A.S. LUGO, A MARIÑA E MONFORTE","162","74.797","400"
"2022-09-10","A.S. OURENSE, VERÍN E O BARCO","285","82.414","642"
"2022-09-10","A.S. PONTEVEDRA E O SALNÉS","114","76.099","341"
"2022-09-10","A.S. SANTIAGO E BARBANZA","191","107.216","536"
"2022-09-10","A.S. VIGO","191","148.597","766"
"2022-09-10","SEN A.S. ASIGNADA","5","965","0"
"2022-09-10","GALICIA","1.272","670.372","3.898"
"2022-09-11","A.S. A CORUÑA E CEE","202","138.767","892"
"2022-09-11","A.S. FERROL","91","41.562","321"
"2022-09-11","A.S. LUGO, A MARIÑA E MONFORTE","153","74.819","402"
"2022-09-11","A.S. OURENSE, VERÍN E O BARCO","275","82.436","642"
"2022-09-11","A.S. PONTEVEDRA E O SALNÉS","108","76.110","341"
"2022-09-11","A.S. SANTIAGO E BARBANZA","168","107.243","537"
"2022-09-11","A.S. VIGO","178","148.620","767"
"2022-09-11","SEN A.S. ASIGNADA","5","965","0"
"2022-09-11","GALICIA","1.180","670.522","3.902"
"2022-09-12","A.S. A CORUÑA E CEE","209","138.782","892"
"2022-09-12","A.S. FERROL","94","41.572","321"
"2022-09-12","A.S. LUGO, A MARIÑA E MONFORTE","167","74.835","402"
"2022-09-12","A.S. OURENSE, VERÍN E O BARCO","288","82.468","642"
"2022-09-12","A.S. PONTEVEDRA E O SALNÉS","100","76.129","341"
"2022-09-12","A.S. SANTIAGO E BARBANZA","180","107.255","537"
"2022-09-12","A.S. VIGO","179","148.644","767"
"2022-09-12","SEN A.S. ASIGNADA","5","965","0"
"2022-09-12","GALICIA","1.222","670.650","3.902"
"2022-09-13","A.S. A CORUÑA E CEE","213","138.801","892"
"2022-09-13","A.S. FERROL","95","41.582","321"
"2022-09-13","A.S. LUGO, A MARIÑA E MONFORTE","180","74.842","402"
"2022-09-13","A.S. OURENSE, VERÍN E O BARCO","292","82.495","642"
"2022-09-13","A.S. PONTEVEDRA E O SALNÉS","99","76.145","341"
"2022-09-13","A.S. SANTIAGO E BARBANZA","182","107.273","537"
"2022-09-13","A.S. VIGO","192","148.657","767"
"2022-09-13","SEN A.S. ASIGNADA","4","966","0"
"2022-09-13","GALICIA","1.257","670.761","3.902"
"2022-09-14","A.S. A CORUÑA E CEE","226","138.819","892"
"2022-09-14","A.S. FERROL","109","41.585","321"
"2022-09-14","A.S. LUGO, A MARIÑA E MONFORTE","191","74.857","402"
"2022-09-14","A.S. OURENSE, VERÍN E O BARCO","313","82.503","642"
"2022-09-14","A.S. PONTEVEDRA E O SALNÉS","102","76.147","341"
"2022-09-14","A.S. SANTIAGO E BARBANZA","200","107.282","537"
"2022-09-14","A.S. VIGO","191","148.677","767"
"2022-09-14","SEN A.S. ASIGNADA","4","966","0"
"2022-09-14","GALICIA","1.336","670.836","3.902"
"2022-09-15","A.S. A CORUÑA E CEE","251","138.828","892"
"2022-09-15","A.S. FERROL","109","41.591","321"
"2022-09-15","A.S. LUGO, A MARIÑA E MONFORTE","213","74.868","402"
"2022-09-15","A.S. OURENSE, VERÍN E O BARCO","317","82.529","642"
"2022-09-15","A.S. PONTEVEDRA E O SALNÉS","117","76.151","341"
"2022-09-15","A.S. SANTIAGO E BARBANZA","197","107.293","537"
"2022-09-15","A.S. VIGO","220","148.681","767"
"2022-09-15","SEN A.S. ASIGNADA","4","966","0"
"2022-09-15","GALICIA","1.428","670.907","3.902"
"2022-09-16","A.S. A CORUÑA E CEE","238","138.868","892"
"2022-09-16","A.S. FERROL","106","41.607","321"
"2022-09-16","A.S. LUGO, A MARIÑA E MONFORTE","235","74.878","402"
"2022-09-16","A.S. OURENSE, VERÍN E O BARCO","308","82.571","642"
"2022-09-16","A.S. PONTEVEDRA E O SALNÉS","125","76.161","342"
"2022-09-16","A.S. SANTIAGO E BARBANZA","194","107.323","537"
"2022-09-16","A.S. VIGO","244","148.693","768"
"2022-09-16","SEN A.S. ASIGNADA","4","966","0"
"2022-09-16","GALICIA","1.454","671.067","3.904"
"2022-09-17","A.S. A CORUÑA E CEE","231","138.892","892"
"2022-09-17","A.S. FERROL","98","41.619","321"
"2022-09-17","A.S. LUGO, A MARIÑA E MONFORTE","229","74.894","402"
"2022-09-17","A.S. OURENSE, VERÍN E O BARCO","296","82.597","642"
"2022-09-17","A.S. PONTEVEDRA E O SALNÉS","121","76.173","342"
"2022-09-17","A.S. SANTIAGO E BARBANZA","184","107.344","537"
"2022-09-17","A.S. VIGO","229","148.715","768"
"2022-09-17","SEN A.S. ASIGNADA","4","966","0"
"2022-09-17","GALICIA","1.392","671.200","3.904"
"2022-09-18","A.S. A CORUÑA E CEE","220","138.912","892"
"2022-09-18","A.S. FERROL","85","41.635","321"
"2022-09-18","A.S. LUGO, A MARIÑA E MONFORTE","221","74.911","402"
"2022-09-18","A.S. OURENSE, VERÍN E O BARCO","270","82.629","642"
"2022-09-18","A.S. PONTEVEDRA E O SALNÉS","114","76.187","342"
"2022-09-18","A.S. SANTIAGO E BARBANZA","180","107.359","537"
"2022-09-18","A.S. VIGO","215","148.732","768"
"2022-09-18","SEN A.S. ASIGNADA","4","966","0"
"2022-09-18","GALICIA","1.309","671.331","3.904"
"2022-09-19","A.S. A CORUÑA E CEE","227","138.933","892"
"2022-09-19","A.S. FERROL","100","41.644","321"
"2022-09-19","A.S. LUGO, A MARIÑA E MONFORTE","218","74.939","402"
"2022-09-19","A.S. OURENSE, VERÍN E O BARCO","278","82.656","642"
"2022-09-19","A.S. PONTEVEDRA E O SALNÉS","126","76.194","342"
"2022-09-19","A.S. SANTIAGO E BARBANZA","180","107.386","537"
"2022-09-19","A.S. VIGO","219","148.756","768"
"2022-09-19","SEN A.S. ASIGNADA","5","966","0"
"2022-09-19","GALICIA","1.353","671.474","3.904"
"2022-09-20","A.S. A CORUÑA E CEE","244","138.946","892"
"2022-09-20","A.S. FERROL","103","41.651","321"
"2022-09-20","A.S. LUGO, A MARIÑA E MONFORTE","223","74.952","402"
"2022-09-20","A.S. OURENSE, VERÍN E O BARCO","277","82.686","642"
"2022-09-20","A.S. PONTEVEDRA E O SALNÉS","124","76.211","342"
"2022-09-20","A.S. SANTIAGO E BARBANZA","196","107.398","537"
"2022-09-20","A.S. VIGO","224","148.775","769"
"2022-09-20","SEN A.S. ASIGNADA","2","969","0"
"2022-09-20","GALICIA","1.393","671.588","3.905"
"2022-09-21","A.S. A CORUÑA E CEE","264","138.958","892"
"2022-09-21","A.S. FERROL","115","41.652","321"
"2022-09-21","A.S. LUGO, A MARIÑA E MONFORTE","236","74.965","402"
"2022-09-21","A.S. OURENSE, VERÍN E O BARCO","274","82.705","642"
"2022-09-21","A.S. PONTEVEDRA E O SALNÉS","151","76.213","342"
"2022-09-21","A.S. SANTIAGO E BARBANZA","215","107.404","537"
"2022-09-21","A.S. VIGO","234","148.787","770"
"2022-09-21","SEN A.S. ASIGNADA","1","970","0"
"2022-09-21","GALICIA","1.490","671.654","3.906"
"2022-09-22","A.S. A CORUÑA E CEE","280","138.969","892"
"2022-09-22","A.S. FERROL","116","41.653","321"
"2022-09-22","A.S. LUGO, A MARIÑA E MONFORTE","257","74.980","402"
"2022-09-22","A.S. OURENSE, VERÍN E O BARCO","289","82.715","642"
"2022-09-22","A.S. PONTEVEDRA E O SALNÉS","158","76.216","342"
"2022-09-22","A.S. SANTIAGO E BARBANZA","229","107.410","537"
"2022-09-22","A.S. VIGO","243","148.797","770"
"2022-09-22","SEN A.S. ASIGNADA","1","970","0"
"2022-09-22","GALICIA","1.573","671.710","3.906"
"2022-09-23","A.S. A CORUÑA E CEE","288","138.992","892"
"2022-09-23","A.S. FERROL","117","41.665","321"
"2022-09-23","A.S. LUGO, A MARIÑA E MONFORTE","247","75.010","402"
"2022-09-23","A.S. OURENSE, VERÍN E O BARCO","289","82.758","642"
"2022-09-23","A.S. PONTEVEDRA E O SALNÉS","173","76.226","342"
"2022-09-23","A.S. SANTIAGO E BARBANZA","224","107.433","537"
"2022-09-23","A.S. VIGO","244","148.823","770"
"2022-09-23","SEN A.S. ASIGNADA","1","970","0"
"2022-09-23","GALICIA","1.583","671.877","3.906"
"2022-09-24","A.S. A CORUÑA E CEE","279","139.015","892"
"2022-09-24","A.S. FERROL","108","41.677","321"
"2022-09-24","A.S. LUGO, A MARIÑA E MONFORTE","238","75.028","402"
"2022-09-24","A.S. OURENSE, VERÍN E O BARCO","270","82.788","642"
"2022-09-24","A.S. PONTEVEDRA E O SALNÉS","162","76.244","342"
"2022-09-24","A.S. SANTIAGO E BARBANZA","213","107.454","537"
"2022-09-24","A.S. VIGO","233","148.850","770"
"2022-09-24","SEN A.S. ASIGNADA","1","970","0"
"2022-09-24","GALICIA","1.504","672.026","3.906"
"2022-09-25","A.S. A CORUÑA E CEE","274","139.043","892"
"2022-09-25","A.S. FERROL","95","41.693","321"
"2022-09-25","A.S. LUGO, A MARIÑA E MONFORTE","219","75.051","402"
"2022-09-25","A.S. OURENSE, VERÍN E O BARCO","254","82.817","642"
"2022-09-25","A.S. PONTEVEDRA E O SALNÉS","162","76.249","342"
"2022-09-25","A.S. SANTIAGO E BARBANZA","193","107.481","537"
"2022-09-25","A.S. VIGO","221","148.869","770"
"2022-09-25","SEN A.S. ASIGNADA","1","970","0"
"2022-09-25","GALICIA","1.419","672.173","3.906"
"2022-09-26","A.S. A CORUÑA E CEE","284","139.078","892"
"2022-09-26","A.S. FERROL","99","41.700","321"
"2022-09-26","A.S. LUGO, A MARIÑA E MONFORTE","205","75.084","402"
"2022-09-26","A.S. OURENSE, VERÍN E O BARCO","235","82.849","642"
"2022-09-26","A.S. PONTEVEDRA E O SALNÉS","159","76.267","342"
"2022-09-26","A.S. SANTIAGO E BARBANZA","210","107.489","537"
"2022-09-26","A.S. VIGO","210","148.900","771"
"2022-09-26","SEN A.S. ASIGNADA","1","970","0"
"2022-09-26","GALICIA","1.403","672.337","3.907"
"2022-09-27","A.S. A CORUÑA E CEE","279","139.106","892"
"2022-09-27","A.S. FERROL","88","41.713","321"
"2022-09-27","A.S. LUGO, A MARIÑA E MONFORTE","198","75.115","402"
"2022-09-27","A.S. OURENSE, VERÍN E O BARCO","239","82.880","643"
"2022-09-27","A.S. PONTEVEDRA E O SALNÉS","153","76.286","342"
"2022-09-27","A.S. SANTIAGO E BARBANZA","209","107.517","537"
"2022-09-27","A.S. VIGO","192","148.936","771"
"2022-09-27","SEN A.S. ASIGNADA","1","970","0"
"2022-09-27","GALICIA","1.359","672.523","3.908"
"2022-09-28","A.S. A CORUÑA E CEE","297","139.122","892"
"2022-09-28","A.S. FERROL","100","41.717","321"
"2022-09-28","A.S. LUGO, A MARIÑA E MONFORTE","198","75.126","402"
"2022-09-28","A.S. OURENSE, VERÍN E O BARCO","243","82.896","643"
"2022-09-28","A.S. PONTEVEDRA E O SALNÉS","167","76.294","342"
"2022-09-28","A.S. SANTIAGO E BARBANZA","228","107.528","537"
"2022-09-28","A.S. VIGO","213","148.943","771"
"2022-09-28","SEN A.S. ASIGNADA","1","970","0"
"2022-09-28","GALICIA","1.447","672.596","3.908"
"2022-09-29","A.S. A CORUÑA E CEE","307","139.133","892"
"2022-09-29","A.S. FERROL","101","41.719","321"
"2022-09-29","A.S. LUGO, A MARIÑA E MONFORTE","200","75.135","404"
"2022-09-29","A.S. OURENSE, VERÍN E O BARCO","259","82.903","643"
"2022-09-29","A.S. PONTEVEDRA E O SALNÉS","173","76.301","342"
"2022-09-29","A.S. SANTIAGO E BARBANZA","246","107.539","537"
"2022-09-29","A.S. VIGO","232","148.947","772"
"2022-09-29","SEN A.S. ASIGNADA","1","970","0"
"2022-09-29","GALICIA","1.519","672.647","3.911"
"2022-09-30","A.S. A CORUÑA E CEE","313","139.160","892"
"2022-09-30","A.S. FERROL","91","41.743","321"
"2022-09-30","A.S. LUGO, A MARIÑA E MONFORTE","192","75.161","406"
"2022-09-30","A.S. OURENSE, VERÍN E O BARCO","248","82.937","643"
"2022-09-30","A.S. PONTEVEDRA E O SALNÉS","165","76.320","342"
"2022-09-30","A.S. SANTIAGO E BARBANZA","251","107.565","537"
"2022-09-30","A.S. VIGO","238","148.973","772"
"2022-09-30","SEN A.S. ASIGNADA","0","971","0"
"2022-09-30","GALICIA","1.498","672.830","3.913"
"2022-10-01","A.S. A CORUÑA E CEE","289","139.034","892"
"2022-10-01","A.S. FERROL","83","41.686","321"
"2022-10-01","A.S. LUGO, A MARIÑA E MONFORTE","186","75.066","406"
"2022-10-01","A.S. OURENSE, VERÍN E O BARCO","224","82.830","643"
"2022-10-01","A.S. PONTEVEDRA E O SALNÉS","157","76.246","342"
"2022-10-01","A.S. SANTIAGO E BARBANZA","231","107.477","537"
"2022-10-01","A.S. VIGO","216","148.904","772"
"2022-10-01","SEN A.S. ASIGNADA","0","968","0"
"2022-10-01","GALICIA","1.386","672.211","3.913"
"2022-10-02","A.S. A CORUÑA E CEE","277","139.061","893"
"2022-10-02","A.S. FERROL","75","41.699","321"
"2022-10-02","A.S. LUGO, A MARIÑA E MONFORTE","169","75.095","406"
"2022-10-02","A.S. OURENSE, VERÍN E O BARCO","212","82.846","643"
"2022-10-02","A.S. PONTEVEDRA E O SALNÉS","132","76.273","342"
"2022-10-02","A.S. SANTIAGO E BARBANZA","216","107.502","537"
"2022-10-02","A.S. VIGO","198","148.930","772"
"2022-10-02","SEN A.S. ASIGNADA","0","968","0"
"2022-10-02","GALICIA","1.279","672.374","3.914"
"2022-10-03","A.S. A CORUÑA E CEE","278","139.091","894"
"2022-10-03","A.S. FERROL","99","41.702","321"
"2022-10-03","A.S. LUGO, A MARIÑA E MONFORTE","164","75.131","406"
"2022-10-03","A.S. OURENSE, VERÍN E O BARCO","228","82.874","644"
"2022-10-03","A.S. PONTEVEDRA E O SALNÉS","149","76.283","342"
"2022-10-03","A.S. SANTIAGO E BARBANZA","222","107.519","537"
"2022-10-03","A.S. VIGO","204","148.947","772"
"2022-10-03","SEN A.S. ASIGNADA","0","968","0"
"2022-10-03","GALICIA","1.344","672.515","3.916"
"2022-10-04","A.S. A CORUÑA E CEE","289","139.119","894"
"2022-10-04","A.S. FERROL","98","41.715","321"
"2022-10-04","A.S. LUGO, A MARIÑA E MONFORTE","164","75.148","406"
"2022-10-04","A.S. OURENSE, VERÍN E O BARCO","229","82.915","645"
"2022-10-04","A.S. PONTEVEDRA E O SALNÉS","140","76.310","342"
"2022-10-04","A.S. SANTIAGO E BARBANZA","237","107.538","538"
"2022-10-04","A.S. VIGO","204","148.972","772"
"2022-10-04","SEN A.S. ASIGNADA","0","968","0"
"2022-10-04","GALICIA","1.361","672.685","3.918"
"2022-10-05","A.S. A CORUÑA E CEE","332","139.134","894"
"2022-10-05","A.S. FERROL","110","41.718","321"
"2022-10-05","A.S. LUGO, A MARIÑA E MONFORTE","171","75.156","406"
"2022-10-05","A.S. OURENSE, VERÍN E O BARCO","250","82.926","645"
"2022-10-05","A.S. PONTEVEDRA E O SALNÉS","160","76.316","342"
"2022-10-05","A.S. SANTIAGO E BARBANZA","253","107.546","538"
"2022-10-05","A.S. VIGO","214","148.988","772"
"2022-10-05","SEN A.S. ASIGNADA","0","968","0"
"2022-10-05","GALICIA","1.490","672.752","3.918"
"2022-10-06","A.S. A CORUÑA E CEE","357","139.155","894"
"2022-10-06","A.S. FERROL","118","41.721","321"
"2022-10-06","A.S. LUGO, A MARIÑA E MONFORTE","198","75.160","407"
"2022-10-06","A.S. OURENSE, VERÍN E O BARCO","273","82.938","645"
"2022-10-06","A.S. PONTEVEDRA E O SALNÉS","170","76.321","342"
"2022-10-06","A.S. SANTIAGO E BARBANZA","281","107.553","538"
"2022-10-06","A.S. VIGO","226","148.995","772"
"2022-10-06","SEN A.S. ASIGNADA","0","968","0"
"2022-10-06","GALICIA","1.623","672.811","3.919"
"2022-10-07","A.S. A CORUÑA E CEE","359","139.195","895"
"2022-10-07","A.S. FERROL","130","41.731","321"
"2022-10-07","A.S. LUGO, A MARIÑA E MONFORTE","198","75.178","407"
"2022-10-07","A.S. OURENSE, VERÍN E O BARCO","304","82.948","646"
"2022-10-07","A.S. PONTEVEDRA E O SALNÉS","183","76.337","343"
"2022-10-07","A.S. SANTIAGO E BARBANZA","290","107.577","538"
"2022-10-07","A.S. VIGO","231","149.015","774"
"2022-10-07","SEN A.S. ASIGNADA","0","968","0"
"2022-10-07","GALICIA","1.695","672.949","3.924"
"2022-10-08","A.S. A CORUÑA E CEE","360","139.216","895"
"2022-10-08","A.S. FERROL","130","41.733","321"
"2022-10-08","A.S. LUGO, A MARIÑA E MONFORTE","187","75.203","407"
"2022-10-08","A.S. OURENSE, VERÍN E O BARCO","293","82.979","646"
"2022-10-08","A.S. PONTEVEDRA E O SALNÉS","174","76.349","343"
"2022-10-08","A.S. SANTIAGO E BARBANZA","288","107.602","538"
"2022-10-08","A.S. VIGO","226","149.033","774"
"2022-10-08","SEN A.S. ASIGNADA","0","968","0"
"2022-10-08","GALICIA","1.658","673.083","3.924"
"2022-10-09","A.S. A CORUÑA E CEE","344","139.249","895"
"2022-10-09","A.S. FERROL","123","41.749","321"
"2022-10-09","A.S. LUGO, A MARIÑA E MONFORTE","189","75.214","407"
"2022-10-09","A.S. OURENSE, VERÍN E O BARCO","286","82.999","646"
"2022-10-09","A.S. PONTEVEDRA E O SALNÉS","166","76.371","343"
"2022-10-09","A.S. SANTIAGO E BARBANZA","276","107.631","538"
"2022-10-09","A.S. VIGO","212","149.058","774"
"2022-10-09","SEN A.S. ASIGNADA","0","968","0"
"2022-10-09","GALICIA","1.596","673.239","3.924"
"2022-10-10","A.S. A CORUÑA E CEE","377","139.266","895"
"2022-10-10","A.S. FERROL","140","41.751","321"
"2022-10-10","A.S. LUGO, A MARIÑA E MONFORTE","201","75.227","407"
"2022-10-10","A.S. OURENSE, VERÍN E O BARCO","318","83.019","646"
"2022-10-10","A.S. PONTEVEDRA E O SALNÉS","180","76.387","344"
"2022-10-10","A.S. SANTIAGO E BARBANZA","289","107.659","538"
"2022-10-10","A.S. VIGO","235","149.079","774"
"2022-10-10","SEN A.S. ASIGNADA","0","968","0"
"2022-10-10","GALICIA","1.740","673.356","3.925"
"2022-10-11","A.S. A CORUÑA E CEE","396","139.297","895"
"2022-10-11","A.S. FERROL","149","41.763","321"
"2022-10-11","A.S. LUGO, A MARIÑA E MONFORTE","209","75.248","407"
"2022-10-11","A.S. OURENSE, VERÍN E O BARCO","327","83.041","646"
"2022-10-11","A.S. PONTEVEDRA E O SALNÉS","185","76.399","344"
"2022-10-11","A.S. SANTIAGO E BARBANZA","290","107.694","538"
"2022-10-11","A.S. VIGO","232","149.110","774"
"2022-10-11","SEN A.S. ASIGNADA","1","968","0"
"2022-10-11","GALICIA","1.789","673.520","3.925"
"2022-10-12","A.S. A CORUÑA E CEE","426","139.321","895"
"2022-10-12","A.S. FERROL","150","41.768","321"
"2022-10-12","A.S. LUGO, A MARIÑA E MONFORTE","217","75.255","407"
"2022-10-12","A.S. OURENSE, VERÍN E O BARCO","331","83.051","646"
"2022-10-12","A.S. PONTEVEDRA E O SALNÉS","188","76.405","344"
"2022-10-12","A.S. SANTIAGO E BARBANZA","301","107.707","538"
"2022-10-12","A.S. VIGO","239","149.117","774"
"2022-10-12","SEN A.S. ASIGNADA","2","968","0"
"2022-10-12","GALICIA","1.854","673.592","3.925"
"2022-10-13","A.S. A CORUÑA E CEE","455","139.340","895"
"2022-10-13","A.S. FERROL","166","41.773","321"
"2022-10-13","A.S. LUGO, A MARIÑA E MONFORTE","232","75.268","407"
"2022-10-13","A.S. OURENSE, VERÍN E O BARCO","378","83.054","646"
"2022-10-13","A.S. PONTEVEDRA E O SALNÉS","208","76.408","344"
"2022-10-13","A.S. SANTIAGO E BARBANZA","337","107.717","538"
"2022-10-13","A.S. VIGO","269","149.123","775"
"2022-10-13","SEN A.S. ASIGNADA","2","968","0"
"2022-10-13","GALICIA","2.047","673.651","3.926"
"2022-10-14","A.S. A CORUÑA E CEE","449","139.374","895"
"2022-10-14","A.S. FERROL","150","41.801","321"
"2022-10-14","A.S. LUGO, A MARIÑA E MONFORTE","232","75.297","407"
"2022-10-14","A.S. OURENSE, VERÍN E O BARCO","369","83.102","646"
"2022-10-14","A.S. PONTEVEDRA E O SALNÉS","224","76.434","344"
"2022-10-14","A.S. SANTIAGO E BARBANZA","357","107.739","538"
"2022-10-14","A.S. VIGO","283","149.148","775"
"2022-10-14","SEN A.S. ASIGNADA","2","968","0"
"2022-10-14","GALICIA","2.066","673.863","3.926"
"2022-10-15","A.S. A CORUÑA E CEE","460","139.416","895"
"2022-10-15","A.S. FERROL","142","41.814","321"
"2022-10-15","A.S. LUGO, A MARIÑA E MONFORTE","237","75.313","407"
"2022-10-15","A.S. OURENSE, VERÍN E O BARCO","359","83.141","646"
"2022-10-15","A.S. PONTEVEDRA E O SALNÉS","219","76.450","344"
"2022-10-15","A.S. SANTIAGO E BARBANZA","335","107.774","538"
"2022-10-15","A.S. VIGO","278","149.176","775"
"2022-10-15","SEN A.S. ASIGNADA","2","968","0"
"2022-10-15","GALICIA","2.032","674.052","3.926"
"2022-10-16","A.S. A CORUÑA E CEE","441","139.471","895"
"2022-10-16","A.S. FERROL","134","41.830","321"
"2022-10-16","A.S. LUGO, A MARIÑA E MONFORTE","245","75.330","407"
"2022-10-16","A.S. OURENSE, VERÍN E O BARCO","338","83.173","646"
"2022-10-16","A.S. PONTEVEDRA E O SALNÉS","208","76.475","344"
"2022-10-16","A.S. SANTIAGO E BARBANZA","325","107.798","538"
"2022-10-16","A.S. VIGO","264","149.201","775"
"2022-10-16","SEN A.S. ASIGNADA","2","968","0"
"2022-10-16","GALICIA","1.957","674.246","3.926"
"2022-10-17","A.S. A CORUÑA E CEE","436","139.516","895"
"2022-10-17","A.S. FERROL","150","41.840","321"
"2022-10-17","A.S. LUGO, A MARIÑA E MONFORTE","241","75.366","407"
"2022-10-17","A.S. OURENSE, VERÍN E O BARCO","346","83.210","646"
"2022-10-17","A.S. PONTEVEDRA E O SALNÉS","223","76.491","344"
"2022-10-17","A.S. SANTIAGO E BARBANZA","343","107.832","538"
"2022-10-17","A.S. VIGO","300","149.218","775"
"2022-10-17","SEN A.S. ASIGNADA","3","968","0"
"2022-10-17","GALICIA","2.042","674.441","3.926"
"2022-10-18","A.S. A CORUÑA E CEE","461","139.560","895"
"2022-10-18","A.S. FERROL","148","41.860","321"
"2022-10-18","A.S. LUGO, A MARIÑA E MONFORTE","267","75.383","407"
"2022-10-18","A.S. OURENSE, VERÍN E O BARCO","365","83.254","646"
"2022-10-18","A.S. PONTEVEDRA E O SALNÉS","215","76.519","345"
"2022-10-18","A.S. SANTIAGO E BARBANZA","339","107.867","538"
"2022-10-18","A.S. VIGO","313","149.247","775"
"2022-10-18","SEN A.S. ASIGNADA","3","968","0"
"2022-10-18","GALICIA","2.111","674.658","3.927"
"2022-10-19","A.S. A CORUÑA E CEE","496","139.584","896"
"2022-10-19","A.S. FERROL","188","41.862","322"
"2022-10-19","A.S. LUGO, A MARIÑA E MONFORTE","278","75.396","407"
"2022-10-19","A.S. OURENSE, VERÍN E O BARCO","394","83.272","646"
"2022-10-19","A.S. PONTEVEDRA E O SALNÉS","267","76.524","345"
"2022-10-19","A.S. SANTIAGO E BARBANZA","355","107.892","538"
"2022-10-19","A.S. VIGO","343","149.261","775"
"2022-10-19","SEN A.S. ASIGNADA","3","968","0"
"2022-10-19","GALICIA","2.324","674.759","3.929"
"2022-10-20","A.S. A CORUÑA E CEE","543","139.604","896"
"2022-10-20","A.S. FERROL","199","41.869","322"
"2022-10-20","A.S. LUGO, A MARIÑA E MONFORTE","292","75.409","407"
"2022-10-20","A.S. OURENSE, VERÍN E O BARCO","427","83.285","647"
"2022-10-20","A.S. PONTEVEDRA E O SALNÉS","277","76.537","345"
"2022-10-20","A.S. SANTIAGO E BARBANZA","370","107.909","538"
"2022-10-20","A.S. VIGO","374","149.272","775"
"2022-10-20","SEN A.S. ASIGNADA","3","968","0"
"2022-10-20","GALICIA","2.485","674.853","3.930"
"2022-10-21","A.S. A CORUÑA E CEE","543","139.654","896"
"2022-10-21","A.S. FERROL","213","41.890","322"
"2022-10-21","A.S. LUGO, A MARIÑA E MONFORTE","291","75.433","407"
"2022-10-21","A.S. OURENSE, VERÍN E O BARCO","416","83.339","647"
"2022-10-21","A.S. PONTEVEDRA E O SALNÉS","277","76.566","345"
"2022-10-21","A.S. SANTIAGO E BARBANZA","364","107.950","538"
"2022-10-21","A.S. VIGO","359","149.314","775"
"2022-10-21","SEN A.S. ASIGNADA","4","968","0"
"2022-10-21","GALICIA","2.467","675.114","3.930"
"2022-10-22","A.S. A CORUÑA E CEE","548","139.697","896"
"2022-10-22","A.S. FERROL","194","41.910","323"
"2022-10-22","A.S. LUGO, A MARIÑA E MONFORTE","280","75.461","407"
"2022-10-22","A.S. OURENSE, VERÍN E O BARCO","407","83.368","648"
"2022-10-22","A.S. PONTEVEDRA E O SALNÉS","278","76.584","345"
"2022-10-22","A.S. SANTIAGO E BARBANZA","346","107.986","538"
"2022-10-22","A.S. VIGO","348","149.341","775"
"2022-10-22","SEN A.S. ASIGNADA","3","969","0"
"2022-10-22","GALICIA","2.404","675.316","3.932"
"2022-10-23","A.S. A CORUÑA E CEE","521","139.752","896"
"2022-10-23","A.S. FERROL","195","41.915","323"
"2022-10-23","A.S. LUGO, A MARIÑA E MONFORTE","282","75.476","407"
"2022-10-23","A.S. OURENSE, VERÍN E O BARCO","401","83.384","648"
"2022-10-23","A.S. PONTEVEDRA E O SALNÉS","277","76.593","345"
"2022-10-23","A.S. SANTIAGO E BARBANZA","337","108.009","538"
"2022-10-23","A.S. VIGO","340","149.355","776"
"2022-10-23","SEN A.S. ASIGNADA","2","970","0"
"2022-10-23","GALICIA","2.355","675.454","3.933"
"2022-10-24","A.S. A CORUÑA E CEE","506","139.803","897"
"2022-10-24","A.S. FERROL","197","41.938","323"
"2022-10-24","A.S. LUGO, A MARIÑA E MONFORTE","284","75.505","407"
"2022-10-24","A.S. OURENSE, VERÍN E O BARCO","399","83.437","648"
"2022-10-24","A.S. PONTEVEDRA E O SALNÉS","279","76.615","345"
"2022-10-24","A.S. SANTIAGO E BARBANZA","338","108.055","538"
"2022-10-24","A.S. VIGO","349","149.393","777"
"2022-10-24","SEN A.S. ASIGNADA","3","970","0"
"2022-10-24","GALICIA","2.355","675.716","3.935"
"2022-10-25","A.S. A CORUÑA E CEE","522","139.832","897"
"2022-10-25","A.S. FERROL","216","41.947","323"
"2022-10-25","A.S. LUGO, A MARIÑA E MONFORTE","284","75.532","407"
"2022-10-25","A.S. OURENSE, VERÍN E O BARCO","412","83.474","648"
"2022-10-25","A.S. PONTEVEDRA E O SALNÉS","263","76.656","345"
"2022-10-25","A.S. SANTIAGO E BARBANZA","335","108.096","538"
"2022-10-25","A.S. VIGO","328","149.433","777"
"2022-10-25","SEN A.S. ASIGNADA","3","970","0"
"2022-10-25","GALICIA","2.363","675.940","3.935"
"2022-10-26","A.S. A CORUÑA E CEE","529","139.879","898"
"2022-10-26","A.S. FERROL","237","41.954","324"
"2022-10-26","A.S. LUGO, A MARIÑA E MONFORTE","282","75.552","407"
"2022-10-26","A.S. OURENSE, VERÍN E O BARCO","413","83.501","648"
"2022-10-26","A.S. PONTEVEDRA E O SALNÉS","286","76.665","345"
"2022-10-26","A.S. SANTIAGO E BARBANZA","348","108.110","538"
"2022-10-26","A.S. VIGO","363","149.456","777"
"2022-10-26","SEN A.S. ASIGNADA","3","970","0"
"2022-10-26","GALICIA","2.461","676.087","3.937"
"2022-10-27","A.S. A CORUÑA E CEE","535","139.914","898"
"2022-10-27","A.S. FERROL","249","41.963","324"
"2022-10-27","A.S. LUGO, A MARIÑA E MONFORTE","286","75.578","407"
"2022-10-27","A.S. OURENSE, VERÍN E O BARCO","446","83.510","648"
"2022-10-27","A.S. PONTEVEDRA E O SALNÉS","290","76.680","345"
"2022-10-27","A.S. SANTIAGO E BARBANZA","368","108.124","538"
"2022-10-27","A.S. VIGO","379","149.469","777"
"2022-10-27","SEN A.S. ASIGNADA","3","970","0"
"2022-10-27","GALICIA","2.556","676.208","3.937"
"2022-10-28","A.S. A CORUÑA E CEE","539","139.955","898"
"2022-10-28","A.S. FERROL","249","41.988","324"
"2022-10-28","A.S. LUGO, A MARIÑA E MONFORTE","281","75.610","407"
"2022-10-28","A.S. OURENSE, VERÍN E O BARCO","439","83.556","648"
"2022-10-28","A.S. PONTEVEDRA E O SALNÉS","280","76.710","345"
"2022-10-28","A.S. SANTIAGO E BARBANZA","349","108.175","539"
"2022-10-28","A.S. VIGO","358","149.520","777"
"2022-10-28","SEN A.S. ASIGNADA","2","971","0"
"2022-10-28","GALICIA","2.497","676.485","3.938"
"2022-10-29","A.S. A CORUÑA E CEE","524","140.020","898"
"2022-10-29","A.S. FERROL","234","42.008","324"
"2022-10-29","A.S. LUGO, A MARIÑA E MONFORTE","251","75.654","407"
"2022-10-29","A.S. OURENSE, VERÍN E O BARCO","388","83.620","648"
"2022-10-29","A.S. PONTEVEDRA E O SALNÉS","268","76.733","345"
"2022-10-29","A.S. SANTIAGO E BARBANZA","335","108.205","539"
"2022-10-29","A.S. VIGO","324","149.560","777"
"2022-10-29","SEN A.S. ASIGNADA","2","971","0"
"2022-10-29","GALICIA","2.326","676.771","3.938"
"2022-10-30","A.S. A CORUÑA E CEE","483","140.079","898"
"2022-10-30","A.S. FERROL","204","42.046","324"
"2022-10-30","A.S. LUGO, A MARIÑA E MONFORTE","242","75.677","407"
"2022-10-30","A.S. OURENSE, VERÍN E O BARCO","361","83.663","648"
"2022-10-30","A.S. PONTEVEDRA E O SALNÉS","224","76.789","345"
"2022-10-30","A.S. SANTIAGO E BARBANZA","303","108.246","539"
"2022-10-30","A.S. VIGO","288","149.602","778"
"2022-10-30","SEN A.S. ASIGNADA","2","971","0"
"2022-10-30","GALICIA","2.107","677.073","3.939"
"2022-10-31","A.S. A CORUÑA E CEE","441","140.146","898"
"2022-10-31","A.S. FERROL","215","42.063","324"
"2022-10-31","A.S. LUGO, A MARIÑA E MONFORTE","235","75.708","407"
"2022-10-31","A.S. OURENSE, VERÍN E O BARCO","348","83.714","648"
"2022-10-31","A.S. PONTEVEDRA E O SALNÉS","230","76.812","345"
"2022-10-31","A.S. SANTIAGO E BARBANZA","309","108.276","539"
"2022-10-31","A.S. VIGO","273","149.644","779"
"2022-10-31","SEN A.S. ASIGNADA","3","971","0"
"2022-10-31","GALICIA","2.054","677.334","3.940"
"2022-11-01","A.S. A CORUÑA E CEE","404","140.049","898"
"2022-11-01","A.S. FERROL","177","42.048","324"
"2022-11-01","A.S. LUGO, A MARIÑA E MONFORTE","223","75.621","407"
"2022-11-01","A.S. OURENSE, VERÍN E O BARCO","314","83.526","648"
"2022-11-01","A.S. PONTEVEDRA E O SALNÉS","200","76.756","345"
"2022-11-01","A.S. SANTIAGO E BARBANZA","279","108.194","539"
"2022-11-01","A.S. VIGO","253","149.572","779"
"2022-11-01","SEN A.S. ASIGNADA","2","967","0"
"2022-11-01","GALICIA","1.852","676.733","3.940"
"2022-11-02","A.S. A CORUÑA E CEE","380","140.098","898"
"2022-11-02","A.S. FERROL","199","42.049","324"
"2022-11-02","A.S. LUGO, A MARIÑA E MONFORTE","238","75.638","407"
"2022-11-02","A.S. OURENSE, VERÍN E O BARCO","376","83.543","648"
"2022-11-02","A.S. PONTEVEDRA E O SALNÉS","214","76.774","345"
"2022-11-02","A.S. SANTIAGO E BARBANZA","301","108.210","540"
"2022-11-02","A.S. VIGO","274","149.590","780"
"2022-11-02","SEN A.S. ASIGNADA","2","967","0"
"2022-11-02","GALICIA","1.984","676.869","3.942"
"2022-11-03","A.S. A CORUÑA E CEE","387","140.124","898"
"2022-11-03","A.S. FERROL","211","42.055","324"
"2022-11-03","A.S. LUGO, A MARIÑA E MONFORTE","241","75.653","408"
"2022-11-03","A.S. OURENSE, VERÍN E O BARCO","411","83.556","648"
"2022-11-03","A.S. PONTEVEDRA E O SALNÉS","222","76.782","345"
"2022-11-03","A.S. SANTIAGO E BARBANZA","318","108.222","540"
"2022-11-03","A.S. VIGO","303","149.597","780"
"2022-11-03","SEN A.S. ASIGNADA","2","967","0"
"2022-11-03","GALICIA","2.095","676.956","3.943"
"2022-11-04","A.S. A CORUÑA E CEE","401","140.155","898"
"2022-11-04","A.S. FERROL","211","42.079","324"
"2022-11-04","A.S. LUGO, A MARIÑA E MONFORTE","232","75.683","408"
"2022-11-04","A.S. OURENSE, VERÍN E O BARCO","394","83.604","649"
"2022-11-04","A.S. PONTEVEDRA E O SALNÉS","218","76.807","345"
"2022-11-04","A.S. SANTIAGO E BARBANZA","298","108.269","540"
"2022-11-04","A.S. VIGO","287","149.645","781"
"2022-11-04","SEN A.S. ASIGNADA","1","968","0"
"2022-11-04","GALICIA","2.042","677.210","3.945"
"2022-11-05","A.S. A CORUÑA E CEE","394","140.193","898"
"2022-11-05","A.S. FERROL","191","42.106","324"
"2022-11-05","A.S. LUGO, A MARIÑA E MONFORTE","221","75.710","408"
"2022-11-05","A.S. OURENSE, VERÍN E O BARCO","363","83.651","651"
"2022-11-05","A.S. PONTEVEDRA E O SALNÉS","203","76.831","346"
"2022-11-05","A.S. SANTIAGO E BARBANZA","269","108.305","540"
"2022-11-05","A.S. VIGO","280","149.663","782"
"2022-11-05","SEN A.S. ASIGNADA","1","968","0"
"2022-11-05","GALICIA","1.922","677.427","3.949"
"2022-11-06","A.S. A CORUÑA E CEE","350","140.244","898"
"2022-11-06","A.S. FERROL","169","42.134","324"
"2022-11-06","A.S. LUGO, A MARIÑA E MONFORTE","216","75.728","408"
"2022-11-06","A.S. OURENSE, VERÍN E O BARCO","350","83.674","651"
"2022-11-06","A.S. PONTEVEDRA E O SALNÉS","185","76.864","346"
"2022-11-06","A.S. SANTIAGO E BARBANZA","254","108.332","540"
"2022-11-06","A.S. VIGO","232","149.719","782"
"2022-11-06","SEN A.S. ASIGNADA","1","968","0"
"2022-11-06","GALICIA","1.757","677.663","3.949"
"2022-11-07","A.S. A CORUÑA E CEE","331","140.287","898"
"2022-11-07","A.S. FERROL","171","42.157","325"
"2022-11-07","A.S. LUGO, A MARIÑA E MONFORTE","212","75.756","408"
"2022-11-07","A.S. OURENSE, VERÍN E O BARCO","362","83.714","651"
"2022-11-07","A.S. PONTEVEDRA E O SALNÉS","181","76.889","346"
"2022-11-07","A.S. SANTIAGO E BARBANZA","252","108.364","541"
"2022-11-07","A.S. VIGO","233","149.749","782"
"2022-11-07","SEN A.S. ASIGNADA","2","968","0"
"2022-11-07","GALICIA","1.744","677.884","3.951"
"2022-11-08","A.S. A CORUÑA E CEE","325","140.336","898"
"2022-11-08","A.S. FERROL","159","42.181","325"
"2022-11-08","A.S. LUGO, A MARIÑA E MONFORTE","207","75.783","408"
"2022-11-08","A.S. OURENSE, VERÍN E O BARCO","373","83.751","651"
"2022-11-08","A.S. PONTEVEDRA E O SALNÉS","175","76.906","346"
"2022-11-08","A.S. SANTIAGO E BARBANZA","254","108.398","541"
"2022-11-08","A.S. VIGO","232","149.778","782"
"2022-11-08","SEN A.S. ASIGNADA","3","968","0"
"2022-11-08","GALICIA","1.728","678.101","3.951"
"2022-11-09","A.S. A CORUÑA E CEE","304","140.381","898"
"2022-11-09","A.S. FERROL","183","42.185","325"
"2022-11-09","A.S. LUGO, A MARIÑA E MONFORTE","216","75.797","408"
"2022-11-09","A.S. OURENSE, VERÍN E O BARCO","402","83.765","651"
"2022-11-09","A.S. PONTEVEDRA E O SALNÉS","184","76.917","346"
"2022-11-09","A.S. SANTIAGO E BARBANZA","274","108.414","541"
"2022-11-09","A.S. VIGO","260","149.786","783"
"2022-11-09","SEN A.S. ASIGNADA","3","968","0"
"2022-11-09","GALICIA","1.826","678.213","3.952"
"2022-11-10","A.S. A CORUÑA E CEE","316","140.403","898"
"2022-11-10","A.S. FERROL","188","42.194","325"
"2022-11-10","A.S. LUGO, A MARIÑA E MONFORTE","219","75.810","408"
"2022-11-10","A.S. OURENSE, VERÍN E O BARCO","439","83.784","651"
"2022-11-10","A.S. PONTEVEDRA E O SALNÉS","179","76.930","346"
"2022-11-10","A.S. SANTIAGO E BARBANZA","295","108.422","541"
"2022-11-10","A.S. VIGO","289","149.792","783"
"2022-11-10","SEN A.S. ASIGNADA","3","968","0"
"2022-11-10","GALICIA","1.928","678.303","3.952"
"2022-11-11","A.S. A CORUÑA E CEE","313","140.428","898"
"2022-11-11","A.S. FERROL","179","42.222","325"
"2022-11-11","A.S. LUGO, A MARIÑA E MONFORTE","217","75.833","408"
"2022-11-11","A.S. OURENSE, VERÍN E O BARCO","430","83.823","651"
"2022-11-11","A.S. PONTEVEDRA E O SALNÉS","168","76.958","346"
"2022-11-11","A.S. SANTIAGO E BARBANZA","285","108.456","542"
"2022-11-11","A.S. VIGO","277","149.819","783"
"2022-11-11","SEN A.S. ASIGNADA","4","969","0"
"2022-11-11","GALICIA","1.873","678.508","3.953"
"2022-11-12","A.S. A CORUÑA E CEE","308","140.455","898"
"2022-11-12","A.S. FERROL","185","42.224","325"
"2022-11-12","A.S. LUGO, A MARIÑA E MONFORTE","214","75.846","408"
"2022-11-12","A.S. OURENSE, VERÍN E O BARCO","429","83.839","651"
"2022-11-12","A.S. PONTEVEDRA E O SALNÉS","168","76.964","346"
"2022-11-12","A.S. SANTIAGO E BARBANZA","283","108.469","544"
"2022-11-12","A.S. VIGO","274","149.829","783"
"2022-11-12","SEN A.S. ASIGNADA","4","969","0"
"2022-11-12","GALICIA","1.865","678.595","3.955"
"2022-11-13","A.S. A CORUÑA E CEE","297","140.477","898"
"2022-11-13","A.S. FERROL","167","42.248","325"
"2022-11-13","A.S. LUGO, A MARIÑA E MONFORTE","212","75.877","408"
"2022-11-13","A.S. OURENSE, VERÍN E O BARCO","369","83.916","651"
"2022-11-13","A.S. PONTEVEDRA E O SALNÉS","144","76.991","346"
"2022-11-13","A.S. SANTIAGO E BARBANZA","255","108.508","544"
"2022-11-13","A.S. VIGO","257","149.864","783"
"2022-11-13","SEN A.S. ASIGNADA","4","969","0"
"2022-11-13","GALICIA","1.705","678.850","3.955"
"2022-11-14","A.S. A CORUÑA E CEE","281","140.513","898"
"2022-11-14","A.S. FERROL","158","42.268","326"
"2022-11-14","A.S. LUGO, A MARIÑA E MONFORTE","223","75.896","408"
"2022-11-14","A.S. OURENSE, VERÍN E O BARCO","370","83.964","651"
"2022-11-14","A.S. PONTEVEDRA E O SALNÉS","145","77.009","346"
"2022-11-14","A.S. SANTIAGO E BARBANZA","262","108.537","544"
"2022-11-14","A.S. VIGO","254","149.900","783"
"2022-11-14","SEN A.S. ASIGNADA","4","969","0"
"2022-11-14","GALICIA","1.697","679.056","3.956"
"2022-11-15","A.S. A CORUÑA E CEE","265","140.555","900"
"2022-11-15","A.S. FERROL","145","42.293","327"
"2022-11-15","A.S. LUGO, A MARIÑA E MONFORTE","239","75.915","408"
"2022-11-15","A.S. OURENSE, VERÍN E O BARCO","399","83.998","651"
"2022-11-15","A.S. PONTEVEDRA E O SALNÉS","134","77.027","346"
"2022-11-15","A.S. SANTIAGO E BARBANZA","274","108.566","544"
"2022-11-15","A.S. VIGO","256","149.932","783"
"2022-11-15","SEN A.S. ASIGNADA","4","969","0"
"2022-11-15","GALICIA","1.716","679.255","3.959"
"2022-11-16","A.S. A CORUÑA E CEE","268","140.587","900"
"2022-11-16","A.S. FERROL","162","42.297","327"
"2022-11-16","A.S. LUGO, A MARIÑA E MONFORTE","244","75.933","408"
"2022-11-16","A.S. OURENSE, VERÍN E O BARCO","421","84.018","651"
"2022-11-16","A.S. PONTEVEDRA E O SALNÉS","134","77.038","346"
"2022-11-16","A.S. SANTIAGO E BARBANZA","288","108.573","544"
"2022-11-16","A.S. VIGO","274","149.944","785"
"2022-11-16","SEN A.S. ASIGNADA","4","969","0"
"2022-11-16","GALICIA","1.795","679.359","3.961"
"2022-11-17","A.S. A CORUÑA E CEE","288","140.597","900"
"2022-11-17","A.S. FERROL","165","42.303","327"
"2022-11-17","A.S. LUGO, A MARIÑA E MONFORTE","247","75.947","408"
"2022-11-17","A.S. OURENSE, VERÍN E O BARCO","486","84.031","651"
"2022-11-17","A.S. PONTEVEDRA E O SALNÉS","140","77.052","346"
"2022-11-17","A.S. SANTIAGO E BARBANZA","294","108.586","544"
"2022-11-17","A.S. VIGO","294","149.954","785"
"2022-11-17","SEN A.S. ASIGNADA","3","970","0"
"2022-11-17","GALICIA","1.917","679.440","3.961"
"2022-11-18","A.S. A CORUÑA E CEE","297","140.616","900"
"2022-11-18","A.S. FERROL","153","42.330","328"
"2022-11-18","A.S. LUGO, A MARIÑA E MONFORTE","243","75.969","408"
"2022-11-18","A.S. OURENSE, VERÍN E O BARCO","476","84.082","651"
"2022-11-18","A.S. PONTEVEDRA E O SALNÉS","139","77.071","346"
"2022-11-18","A.S. SANTIAGO E BARBANZA","283","108.616","544"
"2022-11-18","A.S. VIGO","293","149.983","785"
"2022-11-18","SEN A.S. ASIGNADA","2","971","0"
"2022-11-18","GALICIA","1.886","679.638","3.962"
"2022-11-19","A.S. A CORUÑA E CEE","277","140.656","900"
"2022-11-19","A.S. FERROL","148","42.341","328"
"2022-11-19","A.S. LUGO, A MARIÑA E MONFORTE","236","75.991","408"
"2022-11-19","A.S. OURENSE, VERÍN E O BARCO","443","84.127","651"
"2022-11-19","A.S. PONTEVEDRA E O SALNÉS","131","77.082","346"
"2022-11-19","A.S. SANTIAGO E BARBANZA","258","108.650","544"
"2022-11-19","A.S. VIGO","276","150.009","785"
"2022-11-19","SEN A.S. ASIGNADA","1","972","0"
"2022-11-19","GALICIA","1.770","679.828","3.962"
"2022-11-20","A.S. A CORUÑA E CEE","267","140.678","900"
"2022-11-20","A.S. FERROL","128","42.367","328"
"2022-11-20","A.S. LUGO, A MARIÑA E MONFORTE","222","76.015","408"
"2022-11-20","A.S. OURENSE, VERÍN E O BARCO","424","84.167","651"
"2022-11-20","A.S. PONTEVEDRA E O SALNÉS","110","77.106","347"
"2022-11-20","A.S. SANTIAGO E BARBANZA","231","108.684","544"
"2022-11-20","A.S. VIGO","246","150.045","787"
"2022-11-20","SEN A.S. ASIGNADA","1","972","0"
"2022-11-20","GALICIA","1.629","680.034","3.965"
"2022-11-21","A.S. A CORUÑA E CEE","260","140.710","900"
"2022-11-21","A.S. FERROL","133","42.382","328"
"2022-11-21","A.S. LUGO, A MARIÑA E MONFORTE","234","76.030","408"
"2022-11-21","A.S. OURENSE, VERÍN E O BARCO","403","84.224","651"
"2022-11-21","A.S. PONTEVEDRA E O SALNÉS","117","77.114","347"
"2022-11-21","A.S. SANTIAGO E BARBANZA","224","108.712","544"
"2022-11-21","A.S. VIGO","251","150.079","787"
"2022-11-21","SEN A.S. ASIGNADA","1","972","0"
"2022-11-21","GALICIA","1.623","680.223","3.965"
"2022-11-22","A.S. A CORUÑA E CEE","263","140.737","900"
"2022-11-22","A.S. FERROL","128","42.399","329"
"2022-11-22","A.S. LUGO, A MARIÑA E MONFORTE","238","76.051","408"
"2022-11-22","A.S. OURENSE, VERÍN E O BARCO","402","84.253","651"
"2022-11-22","A.S. PONTEVEDRA E O SALNÉS","115","77.130","347"
"2022-11-22","A.S. SANTIAGO E BARBANZA","220","108.735","544"
"2022-11-22","A.S. VIGO","262","150.095","787"
"2022-11-22","SEN A.S. ASIGNADA","0","973","0"
"2022-11-22","GALICIA","1.628","680.373","3.966"
"2022-11-23","A.S. A CORUÑA E CEE","281","140.763","900"
"2022-11-23","A.S. FERROL","143","42.405","329"
"2022-11-23","A.S. LUGO, A MARIÑA E MONFORTE","249","76.062","408"
"2022-11-23","A.S. OURENSE, VERÍN E O BARCO","417","84.271","651"
"2022-11-23","A.S. PONTEVEDRA E O SALNÉS","138","77.135","347"
"2022-11-23","A.S. SANTIAGO E BARBANZA","228","108.748","544"
"2022-11-23","A.S. VIGO","292","150.102","787"
"2022-11-23","SEN A.S. ASIGNADA","0","973","0"
"2022-11-23","GALICIA","1.748","680.459","3.966"
"2022-11-24","A.S. A CORUÑA E CEE","302","140.772","900"
"2022-11-24","A.S. FERROL","151","42.409","329"
"2022-11-24","A.S. LUGO, A MARIÑA E MONFORTE","240","76.088","408"
"2022-11-24","A.S. OURENSE, VERÍN E O BARCO","422","84.291","651"
"2022-11-24","A.S. PONTEVEDRA E O SALNÉS","144","77.138","347"
"2022-11-24","A.S. SANTIAGO E BARBANZA","233","108.761","544"
"2022-11-24","A.S. VIGO","294","150.121","788"
"2022-11-24","SEN A.S. ASIGNADA","0","973","0"
"2022-11-24","GALICIA","1.786","680.553","3.967"
"2022-11-25","A.S. A CORUÑA E CEE","311","140.793","900"
"2022-11-25","A.S. FERROL","156","42.423","329"
"2022-11-25","A.S. LUGO, A MARIÑA E MONFORTE","221","76.120","408"
"2022-11-25","A.S. OURENSE, VERÍN E O BARCO","402","84.337","651"
"2022-11-25","A.S. PONTEVEDRA E O SALNÉS","145","77.155","347"
"2022-11-25","A.S. SANTIAGO E BARBANZA","211","108.798","544"
"2022-11-25","A.S. VIGO","292","150.157","789"
"2022-11-25","SEN A.S. ASIGNADA","0","973","0"
"2022-11-25","GALICIA","1.738","680.756","3.968"
"2022-11-26","A.S. A CORUÑA E CEE","308","140.823","900"
"2022-11-26","A.S. FERROL","143","42.437","329"
"2022-11-26","A.S. LUGO, A MARIÑA E MONFORTE","192","76.155","408"
"2022-11-26","A.S. OURENSE, VERÍN E O BARCO","357","84.396","651"
"2022-11-26","A.S. PONTEVEDRA E O SALNÉS","143","77.163","347"
"2022-11-26","A.S. SANTIAGO E BARBANZA","188","108.831","544"
"2022-11-26","A.S. VIGO","273","150.193","789"
"2022-11-26","SEN A.S. ASIGNADA","0","973","0"
"2022-11-26","GALICIA","1.604","680.971","3.968"
"2022-11-27","A.S. A CORUÑA E CEE","285","140.857","900"
"2022-11-27","A.S. FERROL","125","42.458","329"
"2022-11-27","A.S. LUGO, A MARIÑA E MONFORTE","175","76.180","408"
"2022-11-27","A.S. OURENSE, VERÍN E O BARCO","326","84.436","651"
"2022-11-27","A.S. PONTEVEDRA E O SALNÉS","138","77.174","347"
"2022-11-27","A.S. SANTIAGO E BARBANZA","181","108.851","544"
"2022-11-27","A.S. VIGO","258","150.223","789"
"2022-11-27","SEN A.S. ASIGNADA","0","973","0"
"2022-11-27","GALICIA","1.488","681.152","3.968"
"2022-11-28","A.S. A CORUÑA E CEE","271","140.887","900"
"2022-11-28","A.S. FERROL","132","42.468","329"
"2022-11-28","A.S. LUGO, A MARIÑA E MONFORTE","165","76.197","410"
"2022-11-28","A.S. OURENSE, VERÍN E O BARCO","285","84.508","651"
"2022-11-28","A.S. PONTEVEDRA E O SALNÉS","130","77.192","348"
"2022-11-28","A.S. SANTIAGO E BARBANZA","175","108.872","544"
"2022-11-28","A.S. VIGO","260","150.251","790"
"2022-11-28","SEN A.S. ASIGNADA","0","973","0"
"2022-11-28","GALICIA","1.418","681.348","3.972"
"2022-11-29","A.S. A CORUÑA E CEE","267","140.917","900"
"2022-11-29","A.S. FERROL","135","42.483","329"
"2022-11-29","A.S. LUGO, A MARIÑA E MONFORTE","169","76.212","410"
"2022-11-29","A.S. OURENSE, VERÍN E O BARCO","278","84.555","651"
"2022-11-29","A.S. PONTEVEDRA E O SALNÉS","123","77.208","348"
"2022-11-29","A.S. SANTIAGO E BARBANZA","172","108.894","544"
"2022-11-29","A.S. VIGO","255","150.279","790"
"2022-11-29","SEN A.S. ASIGNADA","0","973","0"
"2022-11-29","GALICIA","1.399","681.521","3.972"
"2022-11-30","A.S. A CORUÑA E CEE","278","140.938","900"
"2022-11-30","A.S. FERROL","134","42.490","329"
"2022-11-30","A.S. LUGO, A MARIÑA E MONFORTE","166","76.228","410"
"2022-11-30","A.S. OURENSE, VERÍN E O BARCO","287","84.570","651"
"2022-11-30","A.S. PONTEVEDRA E O SALNÉS","133","77.212","348"
"2022-11-30","A.S. SANTIAGO E BARBANZA","176","108.908","544"
"2022-11-30","A.S. VIGO","275","150.287","790"
"2022-11-30","SEN A.S. ASIGNADA","0","973","0"
"2022-11-30","GALICIA","1.449","681.606","3.972"
"2022-12-01","A.S. A CORUÑA E CEE","283","140.667","902"
"2022-12-01","A.S. FERROL","133","42.423","329"
"2022-12-01","A.S. LUGO, A MARIÑA E MONFORTE","167","76.119","410"
"2022-12-01","A.S. OURENSE, VERÍN E O BARCO","294","84.424","651"
"2022-12-01","A.S. PONTEVEDRA E O SALNÉS","131","77.097","348"
"2022-12-01","A.S. SANTIAGO E BARBANZA","184","108.796","544"
"2022-12-01","A.S. VIGO","297","150.116","791"
"2022-12-01","SEN A.S. ASIGNADA","0","970","0"
"2022-12-01","GALICIA","1.489","680.612","3.975"
"2022-12-02","A.S. A CORUÑA E CEE","277","140.690","902"
"2022-12-02","A.S. FERROL","124","42.442","330"
"2022-12-02","A.S. LUGO, A MARIÑA E MONFORTE","154","76.145","410"
"2022-12-02","A.S. OURENSE, VERÍN E O BARCO","265","84.460","652"
"2022-12-02","A.S. PONTEVEDRA E O SALNÉS","137","77.109","348"
"2022-12-02","A.S. SANTIAGO E BARBANZA","178","108.816","544"
"2022-12-02","A.S. VIGO","282","150.151","792"
"2022-12-02","SEN A.S. ASIGNADA","1","970","0"
"2022-12-02","GALICIA","1.418","680.783","3.978"
"2022-12-03","A.S. A CORUÑA E CEE","269","140.714","903"
"2022-12-03","A.S. FERROL","114","42.455","330"
"2022-12-03","A.S. LUGO, A MARIÑA E MONFORTE","140","76.170","410"
"2022-12-03","A.S. OURENSE, VERÍN E O BARCO","244","84.484","653"
"2022-12-03","A.S. PONTEVEDRA E O SALNÉS","129","77.124","348"
"2022-12-03","A.S. SANTIAGO E BARBANZA","172","108.836","544"
"2022-12-03","A.S. VIGO","262","150.177","792"
"2022-12-03","SEN A.S. ASIGNADA","1","970","0"
"2022-12-03","GALICIA","1.331","680.930","3.980"
"2022-12-04","A.S. A CORUÑA E CEE","241","140.755","903"
"2022-12-04","A.S. FERROL","98","42.472","330"
"2022-12-04","A.S. LUGO, A MARIÑA E MONFORTE","125","76.195","410"
"2022-12-04","A.S. OURENSE, VERÍN E O BARCO","217","84.513","653"
"2022-12-04","A.S. PONTEVEDRA E O SALNÉS","113","77.148","348"
"2022-12-04","A.S. SANTIAGO E BARBANZA","162","108.857","544"
"2022-12-04","A.S. VIGO","241","150.212","793"
"2022-12-04","SEN A.S. ASIGNADA","1","970","0"
"2022-12-04","GALICIA","1.198","681.122","3.981"
"2022-12-05","A.S. A CORUÑA E CEE","229","140.780","903"
"2022-12-05","A.S. FERROL","95","42.484","330"
"2022-12-05","A.S. LUGO, A MARIÑA E MONFORTE","123","76.212","410"
"2022-12-05","A.S. OURENSE, VERÍN E O BARCO","190","84.541","653"
"2022-12-05","A.S. PONTEVEDRA E O SALNÉS","113","77.158","348"
"2022-12-05","A.S. SANTIAGO E BARBANZA","168","108.874","544"
"2022-12-05","A.S. VIGO","268","150.234","793"
"2022-12-05","SEN A.S. ASIGNADA","1","970","0"
"2022-12-05","GALICIA","1.187","681.253","3.981"
"2022-12-06","A.S. A CORUÑA E CEE","221","140.808","904"
"2022-12-06","A.S. FERROL","76","42.503","330"
"2022-12-06","A.S. LUGO, A MARIÑA E MONFORTE","130","76.224","410"
"2022-12-06","A.S. OURENSE, VERÍN E O BARCO","165","84.568","653"
"2022-12-06","A.S. PONTEVEDRA E O SALNÉS","102","77.175","348"
"2022-12-06","A.S. SANTIAGO E BARBANZA","170","108.887","544"
"2022-12-06","A.S. VIGO","255","150.265","793"
"2022-12-06","SEN A.S. ASIGNADA","1","970","0"
"2022-12-06","GALICIA","1.120","681.400","3.982"
"2022-12-07","A.S. A CORUÑA E CEE","222","140.835","904"
"2022-12-07","A.S. FERROL","90","42.504","330"
"2022-12-07","A.S. LUGO, A MARIÑA E MONFORTE","147","76.231","410"
"2022-12-07","A.S. OURENSE, VERÍN E O BARCO","231","84.583","653"
"2022-12-07","A.S. PONTEVEDRA E O SALNÉS","124","77.179","348"
"2022-12-07","A.S. SANTIAGO E BARBANZA","191","108.895","544"
"2022-12-07","A.S. VIGO","282","150.283","793"
"2022-12-07","SEN A.S. ASIGNADA","1","970","0"
"2022-12-07","GALICIA","1.288","681.480","3.982"
"2022-12-08","A.S. A CORUÑA E CEE","227","140.850","904"
"2022-12-08","A.S. FERROL","89","42.506","330"
"2022-12-08","A.S. LUGO, A MARIÑA E MONFORTE","153","76.235","410"
"2022-12-08","A.S. OURENSE, VERÍN E O BARCO","236","84.591","653"
"2022-12-08","A.S. PONTEVEDRA E O SALNÉS","120","77.187","349"
"2022-12-08","A.S. SANTIAGO E BARBANZA","205","108.907","544"
"2022-12-08","A.S. VIGO","290","150.297","793"
"2022-12-08","SEN A.S. ASIGNADA","1","970","0"
"2022-12-08","GALICIA","1.321","681.543","3.983"
"2022-12-09","A.S. A CORUÑA E CEE","234","140.866","904"
"2022-12-09","A.S. FERROL","91","42.524","330"
"2022-12-09","A.S. LUGO, A MARIÑA E MONFORTE","169","76.243","410"
"2022-12-09","A.S. OURENSE, VERÍN E O BARCO","234","84.623","653"
"2022-12-09","A.S. PONTEVEDRA E O SALNÉS","120","77.200","349"
"2022-12-09","A.S. SANTIAGO E BARBANZA","213","108.923","544"
"2022-12-09","A.S. VIGO","304","150.327","795"
"2022-12-09","SEN A.S. ASIGNADA","1","970","0"
"2022-12-09","GALICIA","1.366","681.676","3.985"
"2022-12-10","A.S. A CORUÑA E CEE","256","140.891","904"
"2022-12-10","A.S. FERROL","77","42.542","330"
"2022-12-10","A.S. LUGO, A MARIÑA E MONFORTE","171","76.264","410"
"2022-12-10","A.S. OURENSE, VERÍN E O BARCO","216","84.662","653"
"2022-12-10","A.S. PONTEVEDRA E O SALNÉS","121","77.207","349"
"2022-12-10","A.S. SANTIAGO E BARBANZA","201","108.943","544"
"2022-12-10","A.S. VIGO","321","150.349","795"
"2022-12-10","SEN A.S. ASIGNADA","1","970","0"
"2022-12-10","GALICIA","1.364","681.828","3.985"
"2022-12-11","A.S. A CORUÑA E CEE","244","140.919","904"
"2022-12-11","A.S. FERROL","80","42.548","330"
"2022-12-11","A.S. LUGO, A MARIÑA E MONFORTE","176","76.276","410"
"2022-12-11","A.S. OURENSE, VERÍN E O BARCO","211","84.684","653"
"2022-12-11","A.S. PONTEVEDRA E O SALNÉS","119","77.219","349"
"2022-12-11","A.S. SANTIAGO E BARBANZA","200","108.961","544"
"2022-12-11","A.S. VIGO","314","150.376","795"
"2022-12-11","SEN A.S. ASIGNADA","1","970","0"
"2022-12-11","GALICIA","1.345","681.953","3.985"
"2022-12-12","A.S. A CORUÑA E CEE","254","140.946","904"
"2022-12-12","A.S. FERROL","94","42.557","330"
"2022-12-12","A.S. LUGO, A MARIÑA E MONFORTE","189","76.293","410"
"2022-12-12","A.S. OURENSE, VERÍN E O BARCO","221","84.718","653"
"2022-12-12","A.S. PONTEVEDRA E O SALNÉS","124","77.230","349"
"2022-12-12","A.S. SANTIAGO E BARBANZA","217","108.980","544"
"2022-12-12","A.S. VIGO","328","150.413","795"
"2022-12-12","SEN A.S. ASIGNADA","1","970","0"
"2022-12-12","GALICIA","1.428","682.107","3.985"
"2022-12-13","A.S. A CORUÑA E CEE","276","140.966","904"
"2022-12-13","A.S. FERROL","99","42.566","330"
"2022-12-13","A.S. LUGO, A MARIÑA E MONFORTE","205","76.306","411"
"2022-12-13","A.S. OURENSE, VERÍN E O BARCO","231","84.727","653"
"2022-12-13","A.S. PONTEVEDRA E O SALNÉS","134","77.249","349"
"2022-12-13","A.S. SANTIAGO E BARBANZA","239","108.995","545"
"2022-12-13","A.S. VIGO","361","150.431","795"
"2022-12-13","SEN A.S. ASIGNADA","0","971","0"
"2022-12-13","GALICIA","1.545","682.211","3.987"
"2022-12-14","A.S. A CORUÑA E CEE","319","140.983","904"
"2022-12-14","A.S. FERROL","114","42.570","330"
"2022-12-14","A.S. LUGO, A MARIÑA E MONFORTE","222","76.315","411"
"2022-12-14","A.S. OURENSE, VERÍN E O BARCO","288","84.729","653"
"2022-12-14","A.S. PONTEVEDRA E O SALNÉS","151","77.256","349"
"2022-12-14","A.S. SANTIAGO E BARBANZA","264","109.009","545"
"2022-12-14","A.S. VIGO","423","150.438","795"
"2022-12-14","SEN A.S. ASIGNADA","0","971","0"
"2022-12-14","GALICIA","1.781","682.271","3.987"
"2022-12-15","A.S. A CORUÑA E CEE","357","140.995","906"
"2022-12-15","A.S. FERROL","121","42.571","332"
"2022-12-15","A.S. LUGO, A MARIÑA E MONFORTE","237","76.328","411"
"2022-12-15","A.S. OURENSE, VERÍN E O BARCO","339","84.731","653"
"2022-12-15","A.S. PONTEVEDRA E O SALNÉS","163","77.263","349"
"2022-12-15","A.S. SANTIAGO E BARBANZA","290","109.017","545"
"2022-12-15","A.S. VIGO","457","150.452","795"
"2022-12-15","SEN A.S. ASIGNADA","0","971","0"
"2022-12-15","GALICIA","1.964","682.328","3.991"
"2022-12-16","A.S. A CORUÑA E CEE","391","141.012","907"
"2022-12-16","A.S. FERROL","131","42.580","332"
"2022-12-16","A.S. LUGO, A MARIÑA E MONFORTE","242","76.341","411"
"2022-12-16","A.S. OURENSE, VERÍN E O BARCO","365","84.732","653"
"2022-12-16","A.S. PONTEVEDRA E O SALNÉS","175","77.271","349"
"2022-12-16","A.S. SANTIAGO E BARBANZA","306","109.039","545"
"2022-12-16","A.S. VIGO","467","150.498","795"
"2022-12-16","SEN A.S. ASIGNADA","0","971","0"
"2022-12-16","GALICIA","2.077","682.444","3.992"
"2022-12-17","A.S. A CORUÑA E CEE","420","141.030","907"
"2022-12-17","A.S. FERROL","137","42.580","332"
"2022-12-17","A.S. LUGO, A MARIÑA E MONFORTE","241","76.358","411"
"2022-12-17","A.S. OURENSE, VERÍN E O BARCO","373","84.734","654"
"2022-12-17","A.S. PONTEVEDRA E O SALNÉS","176","77.276","350"
"2022-12-17","A.S. SANTIAGO E BARBANZA","302","109.052","546"
"2022-12-17","A.S. VIGO","467","150.518","796"
"2022-12-17","SEN A.S. ASIGNADA","0","971","0"
"2022-12-17","GALICIA","2.116","682.519","3.996"
"2022-12-18","A.S. A CORUÑA E CEE","422","141.057","907"
"2022-12-18","A.S. FERROL","127","42.594","332"
"2022-12-18","A.S. LUGO, A MARIÑA E MONFORTE","223","76.382","412"
"2022-12-18","A.S. OURENSE, VERÍN E O BARCO","305","84.813","654"
"2022-12-18","A.S. PONTEVEDRA E O SALNÉS","162","77.301","350"
"2022-12-18","A.S. SANTIAGO E BARBANZA","286","109.081","546"
"2022-12-18","A.S. VIGO","437","150.564","797"
"2022-12-18","SEN A.S. ASIGNADA","0","971","0"
"2022-12-18","GALICIA","1.962","682.763","3.998"
"2022-12-19","A.S. A CORUÑA E CEE","443","141.077","907"
"2022-12-19","A.S. FERROL","152","42.596","332"
"2022-12-19","A.S. LUGO, A MARIÑA E MONFORTE","241","76.391","413"
"2022-12-19","A.S. OURENSE, VERÍN E O BARCO","325","84.827","654"
"2022-12-19","A.S. PONTEVEDRA E O SALNÉS","179","77.307","350"
"2022-12-19","A.S. SANTIAGO E BARBANZA","293","109.107","546"
"2022-12-19","A.S. VIGO","466","150.589","797"
"2022-12-19","SEN A.S. ASIGNADA","0","971","0"
"2022-12-19","GALICIA","2.099","682.865","3.999"
"2022-12-20","A.S. A CORUÑA E CEE","487","141.106","907"
"2022-12-20","A.S. FERROL","148","42.616","332"
"2022-12-20","A.S. LUGO, A MARIÑA E MONFORTE","257","76.413","414"
"2022-12-20","A.S. OURENSE, VERÍN E O BARCO","333","84.854","654"
"2022-12-20","A.S. PONTEVEDRA E O SALNÉS","196","77.321","350"
"2022-12-20","A.S. SANTIAGO E BARBANZA","301","109.132","546"
"2022-12-20","A.S. VIGO","471","150.636","798"
"2022-12-20","SEN A.S. ASIGNADA","0","971","0"
"2022-12-20","GALICIA","2.193","683.049","4.001"
"2022-12-21","A.S. A CORUÑA E CEE","520","141.152","907"
"2022-12-21","A.S. FERROL","174","42.618","332"
"2022-12-21","A.S. LUGO, A MARIÑA E MONFORTE","254","76.436","414"
"2022-12-21","A.S. OURENSE, VERÍN E O BARCO","337","84.876","654"
"2022-12-21","A.S. PONTEVEDRA E O SALNÉS","225","77.327","350"
"2022-12-21","A.S. SANTIAGO E BARBANZA","326","109.142","546"
"2022-12-21","A.S. VIGO","489","150.677","798"
"2022-12-21","SEN A.S. ASIGNADA","0","971","0"
"2022-12-21","GALICIA","2.325","683.199","4.001"
"2022-12-22","A.S. A CORUÑA E CEE","545","141.169","907"
"2022-12-22","A.S. FERROL","186","42.627","332"
"2022-12-22","A.S. LUGO, A MARIÑA E MONFORTE","261","76.456","414"
"2022-12-22","A.S. OURENSE, VERÍN E O BARCO","341","84.894","655"
"2022-12-22","A.S. PONTEVEDRA E O SALNÉS","233","77.338","351"
"2022-12-22","A.S. SANTIAGO E BARBANZA","331","109.160","546"
"2022-12-22","A.S. VIGO","506","150.698","801"
"2022-12-22","SEN A.S. ASIGNADA","0","971","0"
"2022-12-22","GALICIA","2.403","683.313","4.006"
"2022-12-23","A.S. A CORUÑA E CEE","564","141.201","907"
"2022-12-23","A.S. FERROL","178","42.650","332"
"2022-12-23","A.S. LUGO, A MARIÑA E MONFORTE","249","76.486","414"
"2022-12-23","A.S. OURENSE, VERÍN E O BARCO","322","84.941","655"
"2022-12-23","A.S. PONTEVEDRA E O SALNÉS","226","77.355","351"
"2022-12-23","A.S. SANTIAGO E BARBANZA","327","109.195","546"
"2022-12-23","A.S. VIGO","493","150.747","801"
"2022-12-23","SEN A.S. ASIGNADA","0","971","0"
"2022-12-23","GALICIA","2.359","683.546","4.006"
"2022-12-24","A.S. A CORUÑA E CEE","551","141.242","907"
"2022-12-24","A.S. FERROL","171","42.663","332"
"2022-12-24","A.S. LUGO, A MARIÑA E MONFORTE","232","76.512","414"
"2022-12-24","A.S. OURENSE, VERÍN E O BARCO","309","84.959","655"
"2022-12-24","A.S. PONTEVEDRA E O SALNÉS","211","77.384","351"
"2022-12-24","A.S. SANTIAGO E BARBANZA","310","109.230","546"
"2022-12-24","A.S. VIGO","460","150.797","801"
"2022-12-24","SEN A.S. ASIGNADA","0","971","0"
"2022-12-24","GALICIA","2.244","683.758","4.006"
"2022-12-25","A.S. A CORUÑA E CEE","516","141.297","908"
"2022-12-25","A.S. FERROL","159","42.682","332"
"2022-12-25","A.S. LUGO, A MARIÑA E MONFORTE","217","76.536","414"
"2022-12-25","A.S. OURENSE, VERÍN E O BARCO","268","85.016","655"
"2022-12-25","A.S. PONTEVEDRA E O SALNÉS","204","77.407","351"
"2022-12-25","A.S. SANTIAGO E BARBANZA","286","109.266","547"
"2022-12-25","A.S. VIGO","407","150.864","802"
"2022-12-25","SEN A.S. ASIGNADA","0","971","0"
"2022-12-25","GALICIA","2.057","684.039","4.009"
"2022-12-26","A.S. A CORUÑA E CEE","512","141.352","908"
"2022-12-26","A.S. FERROL","172","42.695","332"
"2022-12-26","A.S. LUGO, A MARIÑA E MONFORTE","209","76.562","414"
"2022-12-26","A.S. OURENSE, VERÍN E O BARCO","236","85.072","655"
"2022-12-26","A.S. PONTEVEDRA E O SALNÉS","212","77.424","351"
"2022-12-26","A.S. SANTIAGO E BARBANZA","272","109.300","547"
"2022-12-26","A.S. VIGO","398","150.911","806"
"2022-12-26","SEN A.S. ASIGNADA","0","971","0"
"2022-12-26","GALICIA","2.011","684.287","4.013"
"2022-12-27","A.S. A CORUÑA E CEE","528","141.406","908"
"2022-12-27","A.S. FERROL","170","42.714","332"
"2022-12-27","A.S. LUGO, A MARIÑA E MONFORTE","212","76.582","414"
"2022-12-27","A.S. OURENSE, VERÍN E O BARCO","228","85.101","655"
"2022-12-27","A.S. PONTEVEDRA E O SALNÉS","217","77.442","351"
"2022-12-27","A.S. SANTIAGO E BARBANZA","260","109.336","547"
"2022-12-27","A.S. VIGO","374","150.965","806"
"2022-12-27","SEN A.S. ASIGNADA","0","971","0"
"2022-12-27","GALICIA","1.989","684.517","4.013"
"2022-12-28","A.S. A CORUÑA E CEE","544","141.450","909"
"2022-12-28","A.S. FERROL","182","42.721","332"
"2022-12-28","A.S. LUGO, A MARIÑA E MONFORTE","227","76.600","414"
"2022-12-28","A.S. OURENSE, VERÍN E O BARCO","242","85.112","655"
"2022-12-28","A.S. PONTEVEDRA E O SALNÉS","232","77.453","351"
"2022-12-28","A.S. SANTIAGO E BARBANZA","272","109.351","547"
"2022-12-28","A.S. VIGO","399","150.983","807"
"2022-12-28","SEN A.S. ASIGNADA","0","971","0"
"2022-12-28","GALICIA","2.098","684.641","4.015"
"2022-12-29","A.S. A CORUÑA E CEE","563","141.480","909"
"2022-12-29","A.S. FERROL","196","42.727","332"
"2022-12-29","A.S. LUGO, A MARIÑA E MONFORTE","249","76.607","414"
"2022-12-29","A.S. OURENSE, VERÍN E O BARCO","266","85.124","655"
"2022-12-29","A.S. PONTEVEDRA E O SALNÉS","243","77.467","351"
"2022-12-29","A.S. SANTIAGO E BARBANZA","284","109.365","547"
"2022-12-29","A.S. VIGO","429","150.995","807"
"2022-12-29","SEN A.S. ASIGNADA","0","971","0"
"2022-12-29","GALICIA","2.230","684.736","4.015"
"2022-12-30","A.S. A CORUÑA E CEE","578","141.517","909"
"2022-12-30","A.S. FERROL","191","42.751","332"
"2022-12-30","A.S. LUGO, A MARIÑA E MONFORTE","247","76.638","414"
"2022-12-30","A.S. OURENSE, VERÍN E O BARCO","271","85.158","656"
"2022-12-30","A.S. PONTEVEDRA E O SALNÉS","247","77.490","351"
"2022-12-30","A.S. SANTIAGO E BARBANZA","278","109.400","547"
"2022-12-30","A.S. VIGO","408","151.051","807"
"2022-12-30","SEN A.S. ASIGNADA","0","971","0"
"2022-12-30","GALICIA","2.220","684.976","4.016"
"2022-12-31","A.S. A CORUÑA E CEE","557","141.581","909"
"2022-12-31","A.S. FERROL","191","42.764","333"
"2022-12-31","A.S. LUGO, A MARIÑA E MONFORTE","225","76.675","414"
"2022-12-31","A.S. OURENSE, VERÍN E O BARCO","248","85.189","656"
"2022-12-31","A.S. PONTEVEDRA E O SALNÉS","223","77.520","352"
"2022-12-31","A.S. SANTIAGO E BARBANZA","258","109.430","548"
"2022-12-31","A.S. VIGO","368","151.104","807"
"2022-12-31","SEN A.S. ASIGNADA","0","971","0"
"2022-12-31","GALICIA","2.070","685.234","4.019"
"2023-01-01","A.S. A CORUÑA E CEE","484","141.469","910"
"2023-01-01","A.S. FERROL","164","42.735","333"
"2023-01-01","A.S. LUGO, A MARIÑA E MONFORTE","213","76.580","414"
"2023-01-01","A.S. OURENSE, VERÍN E O BARCO","223","85.117","656"
"2023-01-01","A.S. PONTEVEDRA E O SALNÉS","184","77.453","353"
"2023-01-01","A.S. SANTIAGO E BARBANZA","231","109.315","548"
"2023-01-01","A.S. VIGO","308","151.180","807"
"2023-01-01","SEN A.S. ASIGNADA","0","968","0"
"2023-01-01","GALICIA","1.807","684.817","4.021"
"2023-01-02","A.S. A CORUÑA E CEE","477","141.515","910"
"2023-01-02","A.S. FERROL","165","42.754","333"
"2023-01-02","A.S. LUGO, A MARIÑA E MONFORTE","216","76.604","414"
"2023-01-02","A.S. OURENSE, VERÍN E O BARCO","217","85.140","656"
"2023-01-02","A.S. PONTEVEDRA E O SALNÉS","184","77.473","353"
"2023-01-02","A.S. SANTIAGO E BARBANZA","238","109.340","548"
"2023-01-02","A.S. VIGO","297","151.221","807"
"2023-01-02","SEN A.S. ASIGNADA","0","968","0"
"2023-01-02","GALICIA","1.794","685.015","4.021"
"2023-01-03","A.S. A CORUÑA E CEE","470","141.559","910"
"2023-01-03","A.S. FERROL","160","42.770","333"
"2023-01-03","A.S. LUGO, A MARIÑA E MONFORTE","213","76.623","415"
"2023-01-03","A.S. OURENSE, VERÍN E O BARCO","201","85.168","656"
"2023-01-03","A.S. PONTEVEDRA E O SALNÉS","197","77.483","353"
"2023-01-03","A.S. SANTIAGO E BARBANZA","242","109.371","548"
"2023-01-03","A.S. VIGO","291","151.254","809"
"2023-01-03","SEN A.S. ASIGNADA","0","968","0"
"2023-01-03","GALICIA","1.774","685.196","4.024"
"2023-01-04","A.S. A CORUÑA E CEE","479","141.595","910"
"2023-01-04","A.S. FERROL","173","42.775","333"
"2023-01-04","A.S. LUGO, A MARIÑA E MONFORTE","230","76.631","415"
"2023-01-04","A.S. OURENSE, VERÍN E O BARCO","211","85.174","656"
"2023-01-04","A.S. PONTEVEDRA E O SALNÉS","210","77.494","353"
"2023-01-04","A.S. SANTIAGO E BARBANZA","252","109.390","548"
"2023-01-04","A.S. VIGO","309","151.273","809"
"2023-01-04","SEN A.S. ASIGNADA","0","968","0"
"2023-01-04","GALICIA","1.864","685.300","4.024"
"2023-01-05","A.S. A CORUÑA E CEE","481","141.619","910"
"2023-01-05","A.S. FERROL","181","42.783","333"
"2023-01-05","A.S. LUGO, A MARIÑA E MONFORTE","239","76.642","415"
"2023-01-05","A.S. OURENSE, VERÍN E O BARCO","215","85.189","656"
"2023-01-05","A.S. PONTEVEDRA E O SALNÉS","218","77.508","353"
"2023-01-05","A.S. SANTIAGO E BARBANZA","266","109.403","548"
"2023-01-05","A.S. VIGO","311","151.286","809"
"2023-01-05","SEN A.S. ASIGNADA","0","968","0"
"2023-01-05","GALICIA","1.911","685.398","4.024"
"2023-01-06","A.S. A CORUÑA E CEE","450","141.671","912"
"2023-01-06","A.S. FERROL","159","42.807","333"
"2023-01-06","A.S. LUGO, A MARIÑA E MONFORTE","224","76.663","415"
"2023-01-06","A.S. OURENSE, VERÍN E O BARCO","209","85.206","656"
"2023-01-06","A.S. PONTEVEDRA E O SALNÉS","205","77.529","353"
"2023-01-06","A.S. SANTIAGO E BARBANZA","260","109.423","548"
"2023-01-06","A.S. VIGO","278","151.326","810"
"2023-01-06","SEN A.S. ASIGNADA","0","968","0"
"2023-01-06","GALICIA","1.785","685.593","4.027"
"2023-01-07","A.S. A CORUÑA E CEE","412","141.739","912"
"2023-01-07","A.S. FERROL","153","42.821","333"
"2023-01-07","A.S. LUGO, A MARIÑA E MONFORTE","216","76.683","415"
"2023-01-07","A.S. OURENSE, VERÍN E O BARCO","195","85.229","656"
"2023-01-07","A.S. PONTEVEDRA E O SALNÉS","192","77.550","353"
"2023-01-07","A.S. SANTIAGO E BARBANZA","249","109.445","548"
"2023-01-07","A.S. VIGO","268","151.352","810"
"2023-01-07","SEN A.S. ASIGNADA","0","968","0"
"2023-01-07","GALICIA","1.685","685.787","4.027"
"2023-01-08","A.S. A CORUÑA E CEE","374","141.795","912"
"2023-01-08","A.S. FERROL","143","42.840","333"
"2023-01-08","A.S. LUGO, A MARIÑA E MONFORTE","194","76.715","415"
"2023-01-08","A.S. OURENSE, VERÍN E O BARCO","180","85.252","656"
"2023-01-08","A.S. PONTEVEDRA E O SALNÉS","170","77.574","353"
"2023-01-08","A.S. SANTIAGO E BARBANZA","236","109.471","548"
"2023-01-08","A.S. VIGO","229","151.394","810"
"2023-01-08","SEN A.S. ASIGNADA","0","968","0"
"2023-01-08","GALICIA","1.526","686.009","4.027"
"2023-01-09","A.S. A CORUÑA E CEE","373","141.843","912"
"2023-01-09","A.S. FERROL","142","42.858","334"
"2023-01-09","A.S. LUGO, A MARIÑA E MONFORTE","186","76.749","417"
"2023-01-09","A.S. OURENSE, VERÍN E O BARCO","167","85.286","657"
"2023-01-09","A.S. PONTEVEDRA E O SALNÉS","167","77.597","353"
"2023-01-09","A.S. SANTIAGO E BARBANZA","240","109.496","548"
"2023-01-09","A.S. VIGO","214","151.433","811"
"2023-01-09","SEN A.S. ASIGNADA","0","968","0"
"2023-01-09","GALICIA","1.489","686.230","4.032"
"2023-01-10","A.S. A CORUÑA E CEE","379","141.897","912"
"2023-01-10","A.S. FERROL","140","42.876","334"
"2023-01-10","A.S. LUGO, A MARIÑA E MONFORTE","188","76.772","417"
"2023-01-10","A.S. OURENSE, VERÍN E O BARCO","145","85.327","657"
"2023-01-10","A.S. PONTEVEDRA E O SALNÉS","157","77.620","353"
"2023-01-10","A.S. SANTIAGO E BARBANZA","235","109.523","548"
"2023-01-10","A.S. VIGO","211","151.469","811"
"2023-01-10","SEN A.S. ASIGNADA","0","968","0"
"2023-01-10","GALICIA","1.455","686.452","4.032"
"2023-01-11","A.S. A CORUÑA E CEE","367","141.937","914"
"2023-01-11","A.S. FERROL","136","42.892","334"
"2023-01-11","A.S. LUGO, A MARIÑA E MONFORTE","191","76.785","417"
"2023-01-11","A.S. OURENSE, VERÍN E O BARCO","152","85.336","657"
"2023-01-11","A.S. PONTEVEDRA E O SALNÉS","169","77.628","353"
"2023-01-11","A.S. SANTIAGO E BARBANZA","263","109.536","549"
"2023-01-11","A.S. VIGO","221","151.483","811"
"2023-01-11","SEN A.S. ASIGNADA","0","968","0"
"2023-01-11","GALICIA","1.499","686.565","4.035"
"2023-01-12","A.S. A CORUÑA E CEE","400","141.955","914"
"2023-01-12","A.S. FERROL","146","42.899","334"
"2023-01-12","A.S. LUGO, A MARIÑA E MONFORTE","200","76.796","417"
"2023-01-12","A.S. OURENSE, VERÍN E O BARCO","159","85.344","657"
"2023-01-12","A.S. PONTEVEDRA E O SALNÉS","170","77.637","354"
"2023-01-12","A.S. SANTIAGO E BARBANZA","275","109.543","549"
"2023-01-12","A.S. VIGO","230","151.495","811"
"2023-01-12","SEN A.S. ASIGNADA","0","968","0"
"2023-01-12","GALICIA","1.580","686.637","4.036"
"2023-01-13","A.S. A CORUÑA E CEE","379","141.996","914"
"2023-01-13","A.S. FERROL","141","42.914","335"
"2023-01-13","A.S. LUGO, A MARIÑA E MONFORTE","181","76.824","418"
"2023-01-13","A.S. OURENSE, VERÍN E O BARCO","151","85.360","657"
"2023-01-13","A.S. PONTEVEDRA E O SALNÉS","158","77.659","354"
"2023-01-13","A.S. SANTIAGO E BARBANZA","259","109.574","549"
"2023-01-13","A.S. VIGO","215","151.523","811"
"2023-01-13","SEN A.S. ASIGNADA","0","968","0"
"2023-01-13","GALICIA","1.484","686.818","4.038"
"2023-01-14","A.S. A CORUÑA E CEE","351","142.034","914"
"2023-01-14","A.S. FERROL","135","42.925","335"
"2023-01-14","A.S. LUGO, A MARIÑA E MONFORTE","171","76.841","419"
"2023-01-14","A.S. OURENSE, VERÍN E O BARCO","146","85.370","658"
"2023-01-14","A.S. PONTEVEDRA E O SALNÉS","140","77.681","354"
"2023-01-14","A.S. SANTIAGO E BARBANZA","235","109.607","549"
"2023-01-14","A.S. VIGO","204","151.549","811"
"2023-01-14","SEN A.S. ASIGNADA","0","968","0"
"2023-01-14","GALICIA","1.382","686.975","4.040"
"2023-01-15","A.S. A CORUÑA E CEE","323","142.072","914"
"2023-01-15","A.S. FERROL","122","42.944","336"
"2023-01-15","A.S. LUGO, A MARIÑA E MONFORTE","160","76.862","419"
"2023-01-15","A.S. OURENSE, VERÍN E O BARCO","134","85.385","659"
"2023-01-15","A.S. PONTEVEDRA E O SALNÉS","121","77.704","354"
"2023-01-15","A.S. SANTIAGO E BARBANZA","215","109.638","549"
"2023-01-15","A.S. VIGO","177","151.583","812"
"2023-01-15","SEN A.S. ASIGNADA","0","968","0"
"2023-01-15","GALICIA","1.252","687.156","4.043"
"2023-01-16","A.S. A CORUÑA E CEE","321","142.100","914"
"2023-01-16","A.S. FERROL","114","42.962","336"
"2023-01-16","A.S. LUGO, A MARIÑA E MONFORTE","157","76.881","419"
"2023-01-16","A.S. OURENSE, VERÍN E O BARCO","133","85.402","659"
"2023-01-16","A.S. PONTEVEDRA E O SALNÉS","116","77.726","354"
"2023-01-16","A.S. SANTIAGO E BARBANZA","204","109.669","549"
"2023-01-16","A.S. VIGO","185","151.597","814"
"2023-01-16","SEN A.S. ASIGNADA","0","968","0"
"2023-01-16","GALICIA","1.230","687.305","4.045"
"2023-01-17","A.S. A CORUÑA E CEE","310","142.126","914"
"2023-01-17","A.S. FERROL","117","42.966","336"
"2023-01-17","A.S. LUGO, A MARIÑA E MONFORTE","163","76.889","419"
"2023-01-17","A.S. OURENSE, VERÍN E O BARCO","132","85.415","660"
"2023-01-17","A.S. PONTEVEDRA E O SALNÉS","119","77.731","354"
"2023-01-17","A.S. SANTIAGO E BARBANZA","207","109.683","549"
"2023-01-17","A.S. VIGO","193","151.604","815"
"2023-01-17","SEN A.S. ASIGNADA","0","968","0"
"2023-01-17","GALICIA","1.241","687.382","4.047"
"2023-01-18","A.S. A CORUÑA E CEE","297","142.155","914"
"2023-01-18","A.S. FERROL","123","42.972","336"
"2023-01-18","A.S. LUGO, A MARIÑA E MONFORTE","162","76.899","419"
"2023-01-18","A.S. OURENSE, VERÍN E O BARCO","132","85.426","660"
"2023-01-18","A.S. PONTEVEDRA E O SALNÉS","120","77.739","354"
"2023-01-18","A.S. SANTIAGO E BARBANZA","209","109.696","549"
"2023-01-18","A.S. VIGO","192","151.620","815"
"2023-01-18","SEN A.S. ASIGNADA","0","968","0"
"2023-01-18","GALICIA","1.235","687.475","4.047"
"2023-01-19","A.S. A CORUÑA E CEE","290","142.179","914"
"2023-01-19","A.S. FERROL","121","42.979","336"
"2023-01-19","A.S. LUGO, A MARIÑA E MONFORTE","162","76.909","419"
"2023-01-19","A.S. OURENSE, VERÍN E O BARCO","131","85.437","661"
"2023-01-19","A.S. PONTEVEDRA E O SALNÉS","128","77.741","354"
"2023-01-19","A.S. SANTIAGO E BARBANZA","214","109.708","549"
"2023-01-19","A.S. VIGO","203","151.626","815"
"2023-01-19","SEN A.S. ASIGNADA","1","968","0"
"2023-01-19","GALICIA","1.250","687.547","4.048"
"2023-01-20","A.S. A CORUÑA E CEE","257","142.225","915"
"2023-01-20","A.S. FERROL","110","42.995","336"
"2023-01-20","A.S. LUGO, A MARIÑA E MONFORTE","154","76.933","419"
"2023-01-20","A.S. OURENSE, VERÍN E O BARCO","114","85.460","661"
"2023-01-20","A.S. PONTEVEDRA E O SALNÉS","112","77.763","355"
"2023-01-20","A.S. SANTIAGO E BARBANZA","197","109.738","549"
"2023-01-20","A.S. VIGO","195","151.649","815"
"2023-01-20","SEN A.S. ASIGNADA","1","968","0"
"2023-01-20","GALICIA","1.140","687.731","4.050"
"2023-01-21","A.S. A CORUÑA E CEE","213","142.279","916"
"2023-01-21","A.S. FERROL","95","43.012","336"
"2023-01-21","A.S. LUGO, A MARIÑA E MONFORTE","133","76.959","419"
"2023-01-21","A.S. OURENSE, VERÍN E O BARCO","103","85.477","661"
"2023-01-21","A.S. PONTEVEDRA E O SALNÉS","101","77.776","355"
"2023-01-21","A.S. SANTIAGO E BARBANZA","183","109.757","549"
"2023-01-21","A.S. VIGO","171","151.682","815"
"2023-01-21","SEN A.S. ASIGNADA","1","968","0"
"2023-01-21","GALICIA","1.000","687.910","4.051"
"2023-01-22","A.S. A CORUÑA E CEE","194","142.305","916"
"2023-01-22","A.S. FERROL","85","43.025","337"
"2023-01-22","A.S. LUGO, A MARIÑA E MONFORTE","120","76.976","419"
"2023-01-22","A.S. OURENSE, VERÍN E O BARCO","91","85.491","662"
"2023-01-22","A.S. PONTEVEDRA E O SALNÉS","84","77.793","355"
"2023-01-22","A.S. SANTIAGO E BARBANZA","144","109.799","549"
"2023-01-22","A.S. VIGO","156","151.705","815"
"2023-01-22","SEN A.S. ASIGNADA","1","968","0"
"2023-01-22","GALICIA","875","688.062","4.053"
"2023-01-23","A.S. A CORUÑA E CEE","158","142.356","917"
"2023-01-23","A.S. FERROL","72","43.044","337"
"2023-01-23","A.S. LUGO, A MARIÑA E MONFORTE","109","76.998","419"
"2023-01-23","A.S. OURENSE, VERÍN E O BARCO","88","85.508","662"
"2023-01-23","A.S. PONTEVEDRA E O SALNÉS","87","77.804","355"
"2023-01-23","A.S. SANTIAGO E BARBANZA","141","109.818","549"
"2023-01-23","A.S. VIGO","145","151.724","816"
"2023-01-23","SEN A.S. ASIGNADA","1","968","0"
"2023-01-23","GALICIA","801","688.220","4.055"
"2023-01-24","A.S. A CORUÑA E CEE","158","142.374","917"
"2023-01-24","A.S. FERROL","64","43.055","337"
"2023-01-24","A.S. LUGO, A MARIÑA E MONFORTE","115","77.010","419"
"2023-01-24","A.S. OURENSE, VERÍN E O BARCO","83","85.516","662"
"2023-01-24","A.S. PONTEVEDRA E O SALNÉS","82","77.815","355"
"2023-01-24","A.S. SANTIAGO E BARBANZA","139","109.832","549"
"2023-01-24","A.S. VIGO","143","151.736","816"
"2023-01-24","SEN A.S. ASIGNADA","1","968","0"
"2023-01-24","GALICIA","785","688.306","4.055"
"2023-01-25","A.S. A CORUÑA E CEE","163","142.385","917"
"2023-01-25","A.S. FERROL","60","43.060","337"
"2023-01-25","A.S. LUGO, A MARIÑA E MONFORTE","134","77.016","419"
"2023-01-25","A.S. OURENSE, VERÍN E O BARCO","83","85.521","662"
"2023-01-25","A.S. PONTEVEDRA E O SALNÉS","84","77.819","355"
"2023-01-25","A.S. SANTIAGO E BARBANZA","137","109.841","549"
"2023-01-25","A.S. VIGO","132","151.752","816"
"2023-01-25","SEN A.S. ASIGNADA","1","968","0"
"2023-01-25","GALICIA","794","688.362","4.055"
"2023-01-26","A.S. A CORUÑA E CEE","169","142.394","917"
"2023-01-26","A.S. FERROL","60","43.065","337"
"2023-01-26","A.S. LUGO, A MARIÑA E MONFORTE","136","77.025","419"
"2023-01-26","A.S. OURENSE, VERÍN E O BARCO","89","85.526","662"
"2023-01-26","A.S. PONTEVEDRA E O SALNÉS","83","77.824","355"
"2023-01-26","A.S. SANTIAGO E BARBANZA","143","109.852","549"
"2023-01-26","A.S. VIGO","130","151.760","816"
"2023-01-26","SEN A.S. ASIGNADA","1","968","0"
"2023-01-26","GALICIA","811","688.414","4.055"
"2023-01-27","A.S. A CORUÑA E CEE","160","142.416","917"
"2023-01-27","A.S. FERROL","57","43.074","337"
"2023-01-27","A.S. LUGO, A MARIÑA E MONFORTE","128","77.041","419"
"2023-01-27","A.S. OURENSE, VERÍN E O BARCO","88","85.538","662"
"2023-01-27","A.S. PONTEVEDRA E O SALNÉS","75","77.840","355"
"2023-01-27","A.S. SANTIAGO E BARBANZA","137","109.873","549"
"2023-01-27","A.S. VIGO","116","151.779","817"
"2023-01-27","SEN A.S. ASIGNADA","1","968","0"
"2023-01-27","GALICIA","762","688.529","4.056"
"2023-01-28","A.S. A CORUÑA E CEE","157","142.433","917"
"2023-01-28","A.S. FERROL","51","43.082","337"
"2023-01-28","A.S. LUGO, A MARIÑA E MONFORTE","120","77.054","419"
"2023-01-28","A.S. OURENSE, VERÍN E O BARCO","83","85.549","662"
"2023-01-28","A.S. PONTEVEDRA E O SALNÉS","71","77.845","355"
"2023-01-28","A.S. SANTIAGO E BARBANZA","126","109.889","549"
"2023-01-28","A.S. VIGO","108","151.796","817"
"2023-01-28","SEN A.S. ASIGNADA","1","968","0"
"2023-01-28","GALICIA","717","688.616","4.056"
"2023-01-29","A.S. A CORUÑA E CEE","151","142.446","917"
"2023-01-29","A.S. FERROL","43","43.094","337"
"2023-01-29","A.S. LUGO, A MARIÑA E MONFORTE","107","77.067","420"
"2023-01-29","A.S. OURENSE, VERÍN E O BARCO","77","85.558","662"
"2023-01-29","A.S. PONTEVEDRA E O SALNÉS","68","77.852","355"
"2023-01-29","A.S. SANTIAGO E BARBANZA","113","109.904","549"
"2023-01-29","A.S. VIGO","99","151.810","817"
"2023-01-29","SEN A.S. ASIGNADA","1","968","0"
"2023-01-29","GALICIA","659","688.699","4.057"
"2023-01-30","A.S. A CORUÑA E CEE","150","142.462","917"
"2023-01-30","A.S. FERROL","47","43.100","337"
"2023-01-30","A.S. LUGO, A MARIÑA E MONFORTE","106","77.078","420"
"2023-01-30","A.S. OURENSE, VERÍN E O BARCO","75","85.569","662"
"2023-01-30","A.S. PONTEVEDRA E O SALNÉS","62","77.865","356"
"2023-01-30","A.S. SANTIAGO E BARBANZA","114","109.920","549"
"2023-01-30","A.S. VIGO","97","151.823","817"
"2023-01-30","SEN A.S. ASIGNADA","0","969","0"
"2023-01-30","GALICIA","651","688.786","4.058"
"2023-01-31","A.S. A CORUÑA E CEE","140","142.483","917"
"2023-01-31","A.S. FERROL","43","43.107","337"
"2023-01-31","A.S. LUGO, A MARIÑA E MONFORTE","100","77.094","421"
"2023-01-31","A.S. OURENSE, VERÍN E O BARCO","75","85.577","662"
"2023-01-31","A.S. PONTEVEDRA E O SALNÉS","61","77.873","357"
"2023-01-31","A.S. SANTIAGO E BARBANZA","113","109.934","549"
"2023-01-31","A.S. VIGO","90","151.840","817"
"2023-01-31","SEN A.S. ASIGNADA","0","969","0"
"2023-01-31","GALICIA","622","688.877","4.060"
"2023-02-01","A.S. A CORUÑA E CEE","133","142.397","917"
"2023-02-01","A.S. FERROL","42","43.063","337"
"2023-02-01","A.S. LUGO, A MARIÑA E MONFORTE","93","76.998","421"
"2023-02-01","A.S. OURENSE, VERÍN E O BARCO","72","85.484","662"
"2023-02-01","A.S. PONTEVEDRA E O SALNÉS","61","77.825","357"
"2023-02-01","A.S. SANTIAGO E BARBANZA","115","109.865","549"
"2023-02-01","A.S. VIGO","90","151.836","817"
"2023-02-01","SEN A.S. ASIGNADA","0","969","0"
"2023-02-01","GALICIA","606","688.437","4.060"
"2023-02-02","A.S. A CORUÑA E CEE","136","142.406","917"
"2023-02-02","A.S. FERROL","47","43.065","337"
"2023-02-02","A.S. LUGO, A MARIÑA E MONFORTE","103","77.004","421"
"2023-02-02","A.S. OURENSE, VERÍN E O BARCO","73","85.491","663"
"2023-02-02","A.S. PONTEVEDRA E O SALNÉS","66","77.825","357"
"2023-02-02","A.S. SANTIAGO E BARBANZA","120","109.867","550"
"2023-02-02","A.S. VIGO","91","151.844","817"
"2023-02-02","SEN A.S. ASIGNADA","0","969","0"
"2023-02-02","GALICIA","636","688.471","4.062"
"2023-02-03","A.S. A CORUÑA E CEE","140","142.420","917"
"2023-02-03","A.S. FERROL","47","43.071","337"
"2023-02-03","A.S. LUGO, A MARIÑA E MONFORTE","103","77.016","421"
"2023-02-03","A.S. OURENSE, VERÍN E O BARCO","71","85.504","663"
"2023-02-03","A.S. PONTEVEDRA E O SALNÉS","60","77.834","357"
"2023-02-03","A.S. SANTIAGO E BARBANZA","122","109.883","550"
"2023-02-03","A.S. VIGO","87","151.856","817"
"2023-02-03","SEN A.S. ASIGNADA","0","969","0"
"2023-02-03","GALICIA","630","688.553","4.062"
"2023-02-04","A.S. A CORUÑA E CEE","135","142.435","917"
"2023-02-04","A.S. FERROL","45","43.074","337"
"2023-02-04","A.S. LUGO, A MARIÑA E MONFORTE","101","77.027","421"
"2023-02-04","A.S. OURENSE, VERÍN E O BARCO","72","85.507","663"
"2023-02-04","A.S. PONTEVEDRA E O SALNÉS","57","77.841","357"
"2023-02-04","A.S. SANTIAGO E BARBANZA","118","109.894","550"
"2023-02-04","A.S. VIGO","80","151.864","817"
"2023-02-04","SEN A.S. ASIGNADA","0","969","0"
"2023-02-04","GALICIA","608","688.611","4.062"
"2023-02-05","A.S. A CORUÑA E CEE","126","142.450","917"
"2023-02-05","A.S. FERROL","48","43.075","337"
"2023-02-05","A.S. LUGO, A MARIÑA E MONFORTE","84","77.049","421"
"2023-02-05","A.S. OURENSE, VERÍN E O BARCO","74","85.509","663"
"2023-02-05","A.S. PONTEVEDRA E O SALNÉS","53","77.849","357"
"2023-02-05","A.S. SANTIAGO E BARBANZA","119","109.901","550"
"2023-02-05","A.S. VIGO","78","151.870","817"
"2023-02-05","SEN A.S. ASIGNADA","0","969","0"
"2023-02-05","GALICIA","582","688.672","4.062"
"2023-02-06","A.S. A CORUÑA E CEE","122","142.464","917"
"2023-02-06","A.S. FERROL","60","43.078","337"
"2023-02-06","A.S. LUGO, A MARIÑA E MONFORTE","86","77.058","421"
"2023-02-06","A.S. OURENSE, VERÍN E O BARCO","77","85.516","663"
"2023-02-06","A.S. PONTEVEDRA E O SALNÉS","53","77.852","357"
"2023-02-06","A.S. SANTIAGO E BARBANZA","131","109.917","550"
"2023-02-06","A.S. VIGO","79","151.877","817"
"2023-02-06","SEN A.S. ASIGNADA","0","969","0"
"2023-02-06","GALICIA","608","688.731","4.062"
"2023-02-07","A.S. A CORUÑA E CEE","130","142.476","917"
"2023-02-07","A.S. FERROL","60","43.083","337"
"2023-02-07","A.S. LUGO, A MARIÑA E MONFORTE","90","77.064","421"
"2023-02-07","A.S. OURENSE, VERÍN E O BARCO","73","85.529","663"
"2023-02-07","A.S. PONTEVEDRA E O SALNÉS","55","77.858","357"
"2023-02-07","A.S. SANTIAGO E BARBANZA","134","109.931","550"
"2023-02-07","A.S. VIGO","79","151.885","817"
"2023-02-07","SEN A.S. ASIGNADA","0","969","0"
"2023-02-07","GALICIA","621","688.795","4.062"
"2023-02-08","A.S. A CORUÑA E CEE","130","142.489","917"
"2023-02-08","A.S. FERROL","72","43.084","337"
"2023-02-08","A.S. LUGO, A MARIÑA E MONFORTE","103","77.066","421"
"2023-02-08","A.S. OURENSE, VERÍN E O BARCO","80","85.536","663"
"2023-02-08","A.S. PONTEVEDRA E O SALNÉS","56","77.859","357"
"2023-02-08","A.S. SANTIAGO E BARBANZA","138","109.937","550"
"2023-02-08","A.S. VIGO","79","151.893","817"
"2023-02-08","SEN A.S. ASIGNADA","1","969","0"
"2023-02-08","GALICIA","659","688.833","4.062"
"2023-02-09","A.S. A CORUÑA E CEE","130","142.497","918"
"2023-02-09","A.S. FERROL","73","43.088","337"
"2023-02-09","A.S. LUGO, A MARIÑA E MONFORTE","121","77.066","421"
"2023-02-09","A.S. OURENSE, VERÍN E O BARCO","92","85.537","663"
"2023-02-09","A.S. PONTEVEDRA E O SALNÉS","63","77.861","357"
"2023-02-09","A.S. SANTIAGO E BARBANZA","146","109.939","550"
"2023-02-09","A.S. VIGO","84","151.899","817"
"2023-02-09","SEN A.S. ASIGNADA","1","969","0"
"2023-02-09","GALICIA","710","688.856","4.063"
"2023-02-10","A.S. A CORUÑA E CEE","135","142.510","918"
"2023-02-10","A.S. FERROL","75","43.098","337"
"2023-02-10","A.S. LUGO, A MARIÑA E MONFORTE","121","77.076","421"
"2023-02-10","A.S. OURENSE, VERÍN E O BARCO","96","85.543","663"
"2023-02-10","A.S. PONTEVEDRA E O SALNÉS","68","77.867","357"
"2023-02-10","A.S. SANTIAGO E BARBANZA","141","109.957","551"
"2023-02-10","A.S. VIGO","79","151.911","817"
"2023-02-10","SEN A.S. ASIGNADA","1","969","0"
"2023-02-10","GALICIA","716","688.931","4.064"
"2023-02-11","A.S. A CORUÑA E CEE","135","142.520","919"
"2023-02-11","A.S. FERROL","75","43.101","337"
"2023-02-11","A.S. LUGO, A MARIÑA E MONFORTE","119","77.086","421"
"2023-02-11","A.S. OURENSE, VERÍN E O BARCO","99","85.549","663"
"2023-02-11","A.S. PONTEVEDRA E O SALNÉS","63","77.874","357"
"2023-02-11","A.S. SANTIAGO E BARBANZA","135","109.968","551"
"2023-02-11","A.S. VIGO","76","151.917","817"
"2023-02-11","SEN A.S. ASIGNADA","1","969","0"
"2023-02-11","GALICIA","703","688.984","4.065"
"2023-02-12","A.S. A CORUÑA E CEE","140","142.530","919"
"2023-02-12","A.S. FERROL","71","43.107","337"
"2023-02-12","A.S. LUGO, A MARIÑA E MONFORTE","118","77.092","422"
"2023-02-12","A.S. OURENSE, VERÍN E O BARCO","95","85.556","663"
"2023-02-12","A.S. PONTEVEDRA E O SALNÉS","57","77.883","358"
"2023-02-12","A.S. SANTIAGO E BARBANZA","128","109.981","551"
"2023-02-12","A.S. VIGO","67","151.927","817"
"2023-02-12","SEN A.S. ASIGNADA","1","969","0"
"2023-02-12","GALICIA","677","689.045","4.067"
"2023-02-13","A.S. A CORUÑA E CEE","147","142.546","919"
"2023-02-13","A.S. FERROL","72","43.113","337"
"2023-02-13","A.S. LUGO, A MARIÑA E MONFORTE","116","77.112","422"
"2023-02-13","A.S. OURENSE, VERÍN E O BARCO","95","85.565","663"
"2023-02-13","A.S. PONTEVEDRA E O SALNÉS","63","77.887","358"
"2023-02-13","A.S. SANTIAGO E BARBANZA","135","109.989","551"
"2023-02-13","A.S. VIGO","65","151.935","817"
"2023-02-13","SEN A.S. ASIGNADA","1","969","0"
"2023-02-13","GALICIA","694","689.116","4.067"
"2023-02-14","A.S. A CORUÑA E CEE","147","142.561","919"
"2023-02-14","A.S. FERROL","73","43.119","337"
"2023-02-14","A.S. LUGO, A MARIÑA E MONFORTE","120","77.125","422"
"2023-02-14","A.S. OURENSE, VERÍN E O BARCO","93","85.576","663"
"2023-02-14","A.S. PONTEVEDRA E O SALNÉS","68","77.893","358"
"2023-02-14","A.S. SANTIAGO E BARBANZA","134","110.006","551"
"2023-02-14","A.S. VIGO","68","151.943","817"
"2023-02-14","SEN A.S. ASIGNADA","1","969","0"
"2023-02-14","GALICIA","704","689.192","4.067"
"2023-02-15","A.S. A CORUÑA E CEE","157","142.572","919"
"2023-02-15","A.S. FERROL","80","43.122","337"
"2023-02-15","A.S. LUGO, A MARIÑA E MONFORTE","124","77.136","424"
"2023-02-15","A.S. OURENSE, VERÍN E O BARCO","104","85.580","663"
"2023-02-15","A.S. PONTEVEDRA E O SALNÉS","73","77.897","358"
"2023-02-15","A.S. SANTIAGO E BARBANZA","143","110.012","551"
"2023-02-15","A.S. VIGO","79","151.945","817"
"2023-02-15","SEN A.S. ASIGNADA","1","969","0"
"2023-02-15","GALICIA","761","689.233","4.069"
"2023-02-16","A.S. A CORUÑA E CEE","166","142.579","919"
"2023-02-16","A.S. FERROL","81","43.128","337"
"2023-02-16","A.S. LUGO, A MARIÑA E MONFORTE","134","77.141","424"
"2023-02-16","A.S. OURENSE, VERÍN E O BARCO","114","85.584","663"
"2023-02-16","A.S. PONTEVEDRA E O SALNÉS","77","77.900","358"
"2023-02-16","A.S. SANTIAGO E BARBANZA","150","110.019","551"
"2023-02-16","A.S. VIGO","86","151.948","817"
"2023-02-16","SEN A.S. ASIGNADA","1","969","0"
"2023-02-16","GALICIA","809","689.268","4.069"
"2023-02-17","A.S. A CORUÑA E CEE","175","142.591","919"
"2023-02-17","A.S. FERROL","71","43.144","337"
"2023-02-17","A.S. LUGO, A MARIÑA E MONFORTE","130","77.154","424"
"2023-02-17","A.S. OURENSE, VERÍN E O BARCO","115","85.592","663"
"2023-02-17","A.S. PONTEVEDRA E O SALNÉS","83","77.902","358"
"2023-02-17","A.S. SANTIAGO E BARBANZA","143","110.046","551"
"2023-02-17","A.S. VIGO","93","151.957","817"
"2023-02-17","SEN A.S. ASIGNADA","1","969","0"
"2023-02-17","GALICIA","811","689.355","4.069"
"2023-02-18","A.S. A CORUÑA E CEE","168","142.608","919"
"2023-02-18","A.S. FERROL","68","43.149","337"
"2023-02-18","A.S. LUGO, A MARIÑA E MONFORTE","128","77.162","424"
"2023-02-18","A.S. OURENSE, VERÍN E O BARCO","113","85.601","663"
"2023-02-18","A.S. PONTEVEDRA E O SALNÉS","81","77.912","358"
"2023-02-18","A.S. SANTIAGO E BARBANZA","133","110.062","551"
"2023-02-18","A.S. VIGO","91","151.964","817"
"2023-02-18","SEN A.S. ASIGNADA","1","969","0"
"2023-02-18","GALICIA","783","689.427","4.069"
"2023-02-19","A.S. A CORUÑA E CEE","168","142.618","919"
"2023-02-19","A.S. FERROL","66","43.161","337"
"2023-02-19","A.S. LUGO, A MARIÑA E MONFORTE","121","77.176","425"
"2023-02-19","A.S. OURENSE, VERÍN E O BARCO","104","85.614","664"
"2023-02-19","A.S. PONTEVEDRA E O SALNÉS","78","77.915","359"
"2023-02-19","A.S. SANTIAGO E BARBANZA","128","110.072","551"
"2023-02-19","A.S. VIGO","91","151.972","817"
"2023-02-19","SEN A.S. ASIGNADA","0","970","0"
"2023-02-19","GALICIA","756","689.498","4.072"
"2023-02-20","A.S. A CORUÑA E CEE","173","142.630","919"
"2023-02-20","A.S. FERROL","72","43.164","337"
"2023-02-20","A.S. LUGO, A MARIÑA E MONFORTE","114","77.195","425"
"2023-02-20","A.S. OURENSE, VERÍN E O BARCO","101","85.627","664"
"2023-02-20","A.S. PONTEVEDRA E O SALNÉS","78","77.924","359"
"2023-02-20","A.S. SANTIAGO E BARBANZA","135","110.083","552"
"2023-02-20","A.S. VIGO","92","151.983","817"
"2023-02-20","SEN A.S. ASIGNADA","0","970","0"
"2023-02-20","GALICIA","765","689.576","4.073"
"2023-02-21","A.S. A CORUÑA E CEE","171","142.650","919"
"2023-02-21","A.S. FERROL","64","43.174","337"
"2023-02-21","A.S. LUGO, A MARIÑA E MONFORTE","108","77.205","425"
"2023-02-21","A.S. OURENSE, VERÍN E O BARCO","97","85.638","664"
"2023-02-21","A.S. PONTEVEDRA E O SALNÉS","78","77.935","359"
"2023-02-21","A.S. SANTIAGO E BARBANZA","147","110.094","552"
"2023-02-21","A.S. VIGO","94","151.991","817"
"2023-02-21","SEN A.S. ASIGNADA","0","970","0"
"2023-02-21","GALICIA","759","689.657","4.073"
"2023-02-22","A.S. A CORUÑA E CEE","171","142.662","920"
"2023-02-22","A.S. FERROL","69","43.176","337"
"2023-02-22","A.S. LUGO, A MARIÑA E MONFORTE","117","77.214","425"
"2023-02-22","A.S. OURENSE, VERÍN E O BARCO","102","85.647","664"
"2023-02-22","A.S. PONTEVEDRA E O SALNÉS","92","77.935","359"
"2023-02-22","A.S. SANTIAGO E BARBANZA","161","110.100","552"
"2023-02-22","A.S. VIGO","105","151.994","818"
"2023-02-22","SEN A.S. ASIGNADA","0","970","0"
"2023-02-22","GALICIA","817","689.698","4.075"
"2023-02-23","A.S. A CORUÑA E CEE","173","142.674","921"
"2023-02-23","A.S. FERROL","77","43.178","337"
"2023-02-23","A.S. LUGO, A MARIÑA E MONFORTE","118","77.221","425"
"2023-02-23","A.S. OURENSE, VERÍN E O BARCO","121","85.650","664"
"2023-02-23","A.S. PONTEVEDRA E O SALNÉS","100","77.939","359"
"2023-02-23","A.S. SANTIAGO E BARBANZA","172","110.105","552"
"2023-02-23","A.S. VIGO","116","151.995","818"
"2023-02-23","SEN A.S. ASIGNADA","0","970","0"
"2023-02-23","GALICIA","877","689.732","4.076"
"2023-02-24","A.S. A CORUÑA E CEE","175","142.695","922"
"2023-02-24","A.S. FERROL","82","43.181","337"
"2023-02-24","A.S. LUGO, A MARIÑA E MONFORTE","118","77.237","425"
"2023-02-24","A.S. OURENSE, VERÍN E O BARCO","127","85.661","664"
"2023-02-24","A.S. PONTEVEDRA E O SALNÉS","103","77.948","359"
"2023-02-24","A.S. SANTIAGO E BARBANZA","169","110.122","552"
"2023-02-24","A.S. VIGO","114","152.002","818"
"2023-02-24","SEN A.S. ASIGNADA","0","970","0"
"2023-02-24","GALICIA","888","689.816","4.077"
"2023-02-25","A.S. A CORUÑA E CEE","178","142.711","922"
"2023-02-25","A.S. FERROL","82","43.188","337"
"2023-02-25","A.S. LUGO, A MARIÑA E MONFORTE","118","77.247","425"
"2023-02-25","A.S. OURENSE, VERÍN E O BARCO","134","85.667","664"
"2023-02-25","A.S. PONTEVEDRA E O SALNÉS","98","77.955","359"
"2023-02-25","A.S. SANTIAGO E BARBANZA","157","110.140","552"
"2023-02-25","A.S. VIGO","109","152.012","818"
"2023-02-25","SEN A.S. ASIGNADA","0","970","0"
"2023-02-25","GALICIA","876","689.890","4.077"
"2023-02-26","A.S. A CORUÑA E CEE","161","142.730","922"
"2023-02-26","A.S. FERROL","72","43.200","337"
"2023-02-26","A.S. LUGO, A MARIÑA E MONFORTE","117","77.264","425"
"2023-02-26","A.S. OURENSE, VERÍN E O BARCO","127","85.680","664"
"2023-02-26","A.S. PONTEVEDRA E O SALNÉS","93","77.964","359"
"2023-02-26","A.S. SANTIAGO E BARBANZA","158","110.152","552"
"2023-02-26","A.S. VIGO","98","152.026","818"
"2023-02-26","SEN A.S. ASIGNADA","0","970","0"
"2023-02-26","GALICIA","826","689.986","4.077"
"2023-02-27","A.S. A CORUÑA E CEE","178","142.748","922"
"2023-02-27","A.S. FERROL","74","43.206","337"
"2023-02-27","A.S. LUGO, A MARIÑA E MONFORTE","110","77.278","426"
"2023-02-27","A.S. OURENSE, VERÍN E O BARCO","139","85.696","664"
"2023-02-27","A.S. PONTEVEDRA E O SALNÉS","97","77.972","359"
"2023-02-27","A.S. SANTIAGO E BARBANZA","159","110.166","552"
"2023-02-27","A.S. VIGO","105","152.034","818"
"2023-02-27","SEN A.S. ASIGNADA","0","970","0"
"2023-02-27","GALICIA","862","690.070","4.078"
"2023-02-28","A.S. A CORUÑA E CEE","174","142.774","922"
"2023-02-28","A.S. FERROL","76","43.211","337"
"2023-02-28","A.S. LUGO, A MARIÑA E MONFORTE","122","77.289","426"
"2023-02-28","A.S. OURENSE, VERÍN E O BARCO","147","85.705","664"
"2023-02-28","A.S. PONTEVEDRA E O SALNÉS","95","77.983","359"
"2023-02-28","A.S. SANTIAGO E BARBANZA","162","110.185","553"
"2023-02-28","A.S. VIGO","108","152.050","818"
"2023-02-28","SEN A.S. ASIGNADA","0","970","0"
"2023-02-28","GALICIA","884","690.167","4.079"
"2023-03-01","A.S. A CORUÑA E CEE","180","142.651","922"
"2023-03-01","A.S. FERROL","81","43.148","337"
"2023-03-01","A.S. LUGO, A MARIÑA E MONFORTE","122","77.245","426"
"2023-03-01","A.S. OURENSE, VERÍN E O BARCO","153","85.590","664"
"2023-03-01","A.S. PONTEVEDRA E O SALNÉS","92","77.876","359"
"2023-03-01","A.S. SANTIAGO E BARBANZA","169","110.063","554"
"2023-03-01","A.S. VIGO","115","151.963","818"
"2023-03-01","SEN A.S. ASIGNADA","0","961","0"
"2023-03-01","GALICIA","912","689.497","4.080"
"2023-03-02","A.S. A CORUÑA E CEE","196","142.660","922"
"2023-03-02","A.S. FERROL","79","43.158","337"
"2023-03-02","A.S. LUGO, A MARIÑA E MONFORTE","129","77.250","426"
"2023-03-02","A.S. OURENSE, VERÍN E O BARCO","171","85.595","664"
"2023-03-02","A.S. PONTEVEDRA E O SALNÉS","106","77.876","359"
"2023-03-02","A.S. SANTIAGO E BARBANZA","178","110.068","554"
"2023-03-02","A.S. VIGO","113","151.971","818"
"2023-03-02","SEN A.S. ASIGNADA","0","961","0"
"2023-03-02","GALICIA","972","689.539","4.080"
"2023-03-03","A.S. A CORUÑA E CEE","211","142.674","922"
"2023-03-03","A.S. FERROL","74","43.168","337"
"2023-03-03","A.S. LUGO, A MARIÑA E MONFORTE","123","77.263","427"
"2023-03-03","A.S. OURENSE, VERÍN E O BARCO","176","85.606","664"
"2023-03-03","A.S. PONTEVEDRA E O SALNÉS","107","77.886","359"
"2023-03-03","A.S. SANTIAGO E BARBANZA","180","110.083","554"
"2023-03-03","A.S. VIGO","113","151.982","818"
"2023-03-03","SEN A.S. ASIGNADA","0","961","0"
"2023-03-03","GALICIA","984","689.623","4.081"
"2023-03-04","A.S. A CORUÑA E CEE","208","142.686","922"
"2023-03-04","A.S. FERROL","80","43.171","337"
"2023-03-04","A.S. LUGO, A MARIÑA E MONFORTE","124","77.265","427"
"2023-03-04","A.S. OURENSE, VERÍN E O BARCO","179","85.612","664"
"2023-03-04","A.S. PONTEVEDRA E O SALNÉS","106","77.894","359"
"2023-03-04","A.S. SANTIAGO E BARBANZA","170","110.106","554"
"2023-03-04","A.S. VIGO","112","151.990","818"
"2023-03-04","SEN A.S. ASIGNADA","0","961","0"
"2023-03-04","GALICIA","979","689.685","4.081"
"2023-03-05","A.S. A CORUÑA E CEE","208","142.699","922"
"2023-03-05","A.S. FERROL","79","43.177","337"
"2023-03-05","A.S. LUGO, A MARIÑA E MONFORTE","113","77.282","428"
"2023-03-05","A.S. OURENSE, VERÍN E O BARCO","176","85.626","664"
"2023-03-05","A.S. PONTEVEDRA E O SALNÉS","100","77.908","359"
"2023-03-05","A.S. SANTIAGO E BARBANZA","166","110.126","554"
"2023-03-05","A.S. VIGO","108","152.004","818"
"2023-03-05","SEN A.S. ASIGNADA","0","961","0"
"2023-03-05","GALICIA","950","689.783","4.082"
"2023-03-06","A.S. A CORUÑA E CEE","224","142.709","922"
"2023-03-06","A.S. FERROL","80","43.186","337"
"2023-03-06","A.S. LUGO, A MARIÑA E MONFORTE","115","77.290","428"
"2023-03-06","A.S. OURENSE, VERÍN E O BARCO","178","85.646","664"
"2023-03-06","A.S. PONTEVEDRA E O SALNÉS","105","77.918","359"
"2023-03-06","A.S. SANTIAGO E BARBANZA","171","110.144","554"
"2023-03-06","A.S. VIGO","121","152.016","818"
"2023-03-06","SEN A.S. ASIGNADA","0","961","0"
"2023-03-06","GALICIA","994","689.870","4.082"
"2023-03-07","A.S. A CORUÑA E CEE","229","142.733","923"
"2023-03-07","A.S. FERROL","79","43.196","337"
"2023-03-07","A.S. LUGO, A MARIÑA E MONFORTE","118","77.304","428"
"2023-03-07","A.S. OURENSE, VERÍN E O BARCO","190","85.664","664"
"2023-03-07","A.S. PONTEVEDRA E O SALNÉS","106","77.930","359"
"2023-03-07","A.S. SANTIAGO E BARBANZA","185","110.158","554"
"2023-03-07","A.S. VIGO","143","152.022","818"
"2023-03-07","SEN A.S. ASIGNADA","0","961","0"
"2023-03-07","GALICIA","1.050","689.968","4.083"
"2023-03-08","A.S. A CORUÑA E CEE","232","142.752","923"
"2023-03-08","A.S. FERROL","89","43.203","337"
"2023-03-08","A.S. LUGO, A MARIÑA E MONFORTE","122","77.316","428"
"2023-03-08","A.S. OURENSE, VERÍN E O BARCO","196","85.675","664"
"2023-03-08","A.S. PONTEVEDRA E O SALNÉS","118","77.932","359"
"2023-03-08","A.S. SANTIAGO E BARBANZA","208","110.164","554"
"2023-03-08","A.S. VIGO","160","152.028","819"
"2023-03-08","SEN A.S. ASIGNADA","0","961","0"
"2023-03-08","GALICIA","1.125","690.031","4.084"
"2023-03-09","A.S. A CORUÑA E CEE","262","142.755","923"
"2023-03-09","A.S. FERROL","100","43.205","337"
"2023-03-09","A.S. LUGO, A MARIÑA E MONFORTE","121","77.331","428"
"2023-03-09","A.S. OURENSE, VERÍN E O BARCO","214","85.683","664"
"2023-03-09","A.S. PONTEVEDRA E O SALNÉS","126","77.938","359"
"2023-03-09","A.S. SANTIAGO E BARBANZA","223","110.177","554"
"2023-03-09","A.S. VIGO","178","152.030","819"
"2023-03-09","SEN A.S. ASIGNADA","0","961","0"
"2023-03-09","GALICIA","1.224","690.080","4.084"
"2023-03-10","A.S. A CORUÑA E CEE","255","142.785","923"
"2023-03-10","A.S. FERROL","102","43.212","337"
"2023-03-10","A.S. LUGO, A MARIÑA E MONFORTE","125","77.338","428"
"2023-03-10","A.S. OURENSE, VERÍN E O BARCO","217","85.714","665"
"2023-03-10","A.S. PONTEVEDRA E O SALNÉS","124","77.951","359"
"2023-03-10","A.S. SANTIAGO E BARBANZA","227","110.191","554"
"2023-03-10","A.S. VIGO","191","152.043","819"
"2023-03-10","SEN A.S. ASIGNADA","0","961","0"
"2023-03-10","GALICIA","1.241","690.195","4.085"
"2023-03-11","A.S. A CORUÑA E CEE","248","142.805","923"
"2023-03-11","A.S. FERROL","102","43.218","337"
"2023-03-11","A.S. LUGO, A MARIÑA E MONFORTE","111","77.356","428"
"2023-03-11","A.S. OURENSE, VERÍN E O BARCO","205","85.732","665"
"2023-03-11","A.S. PONTEVEDRA E O SALNÉS","118","77.959","359"
"2023-03-11","A.S. SANTIAGO E BARBANZA","218","110.214","555"
"2023-03-11","A.S. VIGO","181","152.061","819"
"2023-03-11","SEN A.S. ASIGNADA","0","961","0"
"2023-03-11","GALICIA","1.183","690.306","4.086"
"2023-03-12","A.S. A CORUÑA E CEE","238","142.827","923"
"2023-03-12","A.S. FERROL","96","43.230","337"
"2023-03-12","A.S. LUGO, A MARIÑA E MONFORTE","114","77.366","428"
"2023-03-12","A.S. OURENSE, VERÍN E O BARCO","199","85.746","665"
"2023-03-12","A.S. PONTEVEDRA E O SALNÉS","118","77.969","359"
"2023-03-12","A.S. SANTIAGO E BARBANZA","216","110.231","555"
"2023-03-12","A.S. VIGO","176","152.077","819"
"2023-03-12","SEN A.S. ASIGNADA","0","961","0"
"2023-03-12","GALICIA","1.157","690.407","4.086"
"2023-03-13","A.S. A CORUÑA E CEE","239","142.856","923"
"2023-03-13","A.S. FERROL","97","43.239","337"
"2023-03-13","A.S. LUGO, A MARIÑA E MONFORTE","112","77.381","428"
"2023-03-13","A.S. OURENSE, VERÍN E O BARCO","187","85.769","665"
"2023-03-13","A.S. PONTEVEDRA E O SALNÉS","124","77.982","359"
"2023-03-13","A.S. SANTIAGO E BARBANZA","224","110.243","555"
"2023-03-13","A.S. VIGO","197","152.084","819"
"2023-03-13","SEN A.S. ASIGNADA","0","961","0"
"2023-03-13","GALICIA","1.180","690.515","4.086"
"2023-03-14","A.S. A CORUÑA E CEE","226","142.891","923"
"2023-03-14","A.S. FERROL","102","43.243","338"
"2023-03-14","A.S. LUGO, A MARIÑA E MONFORTE","116","77.390","428"
"2023-03-14","A.S. OURENSE, VERÍN E O BARCO","187","85.785","665"
"2023-03-14","A.S. PONTEVEDRA E O SALNÉS","126","77.992","359"
"2023-03-14","A.S. SANTIAGO E BARBANZA","222","110.259","555"
"2023-03-14","A.S. VIGO","207","152.094","819"
"2023-03-14","SEN A.S. ASIGNADA","0","961","0"
"2023-03-14","GALICIA","1.186","690.615","4.087"
"2023-03-15","A.S. A CORUÑA E CEE","249","142.900","924"
"2023-03-15","A.S. FERROL","102","43.249","339"
"2023-03-15","A.S. LUGO, A MARIÑA E MONFORTE","121","77.395","428"
"2023-03-15","A.S. OURENSE, VERÍN E O BARCO","191","85.794","665"
"2023-03-15","A.S. PONTEVEDRA E O SALNÉS","133","77.998","360"
"2023-03-15","A.S. SANTIAGO E BARBANZA","237","110.270","555"
"2023-03-15","A.S. VIGO","214","152.102","819"
"2023-03-15","SEN A.S. ASIGNADA","0","961","0"
"2023-03-15","GALICIA","1.247","690.669","4.090"
"2023-03-16","A.S. A CORUÑA E CEE","267","142.909","924"
"2023-03-16","A.S. FERROL","105","43.253","340"
"2023-03-16","A.S. LUGO, A MARIÑA E MONFORTE","122","77.404","428"
"2023-03-16","A.S. OURENSE, VERÍN E O BARCO","195","85.806","665"
"2023-03-16","A.S. PONTEVEDRA E O SALNÉS","135","78.005","360"
"2023-03-16","A.S. SANTIAGO E BARBANZA","238","110.285","555"
"2023-03-16","A.S. VIGO","222","152.112","819"
"2023-03-16","SEN A.S. ASIGNADA","0","961","0"
"2023-03-16","GALICIA","1.284","690.735","4.091"
"2023-03-17","A.S. A CORUÑA E CEE","256","142.937","924"
"2023-03-17","A.S. FERROL","104","43.264","340"
"2023-03-17","A.S. LUGO, A MARIÑA E MONFORTE","123","77.412","428"
"2023-03-17","A.S. OURENSE, VERÍN E O BARCO","184","85.828","665"
"2023-03-17","A.S. PONTEVEDRA E O SALNÉS","128","78.022","360"
"2023-03-17","A.S. SANTIAGO E BARBANZA","225","110.313","556"
"2023-03-17","A.S. VIGO","218","152.137","819"
"2023-03-17","SEN A.S. ASIGNADA","0","961","0"
"2023-03-17","GALICIA","1.238","690.874","4.092"
"2023-03-18","A.S. A CORUÑA E CEE","232","142.969","924"
"2023-03-18","A.S. FERROL","102","43.273","340"
"2023-03-18","A.S. LUGO, A MARIÑA E MONFORTE","110","77.429","429"
"2023-03-18","A.S. OURENSE, VERÍN E O BARCO","160","85.857","665"
"2023-03-18","A.S. PONTEVEDRA E O SALNÉS","116","78.036","360"
"2023-03-18","A.S. SANTIAGO E BARBANZA","210","110.337","556"
"2023-03-18","A.S. VIGO","192","152.167","820"
"2023-03-18","SEN A.S. ASIGNADA","0","961","0"
"2023-03-18","GALICIA","1.122","691.029","4.094"
"2023-03-19","A.S. A CORUÑA E CEE","220","142.990","925"
"2023-03-19","A.S. FERROL","91","43.287","340"
"2023-03-19","A.S. LUGO, A MARIÑA E MONFORTE","102","77.442","429"
"2023-03-19","A.S. OURENSE, VERÍN E O BARCO","150","85.873","665"
"2023-03-19","A.S. PONTEVEDRA E O SALNÉS","104","78.052","360"
"2023-03-19","A.S. SANTIAGO E BARBANZA","190","110.366","556"
"2023-03-19","A.S. VIGO","177","152.190","821"
"2023-03-19","SEN A.S. ASIGNADA","0","961","0"
"2023-03-19","GALICIA","1.034","691.161","4.096"
"2023-03-20","A.S. A CORUÑA E CEE","201","143.021","925"
"2023-03-20","A.S. FERROL","89","43.297","340"
"2023-03-20","A.S. LUGO, A MARIÑA E MONFORTE","94","77.456","430"
"2023-03-20","A.S. OURENSE, VERÍN E O BARCO","133","85.900","665"
"2023-03-20","A.S. PONTEVEDRA E O SALNÉS","103","78.061","360"
"2023-03-20","A.S. SANTIAGO E BARBANZA","183","110.393","557"
"2023-03-20","A.S. VIGO","172","152.216","821"
"2023-03-20","SEN A.S. ASIGNADA","0","961","0"
"2023-03-20","GALICIA","975","691.305","4.098"
"2023-03-21","A.S. A CORUÑA E CEE","206","143.039","925"
"2023-03-21","A.S. FERROL","93","43.307","341"
"2023-03-21","A.S. LUGO, A MARIÑA E MONFORTE","92","77.465","431"
"2023-03-21","A.S. OURENSE, VERÍN E O BARCO","120","85.930","665"
"2023-03-21","A.S. PONTEVEDRA E O SALNÉS","106","78.073","360"
"2023-03-21","A.S. SANTIAGO E BARBANZA","179","110.413","557"
"2023-03-21","A.S. VIGO","166","152.238","821"
"2023-03-21","SEN A.S. ASIGNADA","0","961","0"
"2023-03-21","GALICIA","962","691.426","4.100"
"2023-03-22","A.S. A CORUÑA E CEE","227","143.048","925"
"2023-03-22","A.S. FERROL","92","43.312","343"
"2023-03-22","A.S. LUGO, A MARIÑA E MONFORTE","102","77.468","431"
"2023-03-22","A.S. OURENSE, VERÍN E O BARCO","128","85.937","665"
"2023-03-22","A.S. PONTEVEDRA E O SALNÉS","122","78.075","360"
"2023-03-22","A.S. SANTIAGO E BARBANZA","184","110.424","557"
"2023-03-22","A.S. VIGO","169","152.247","821"
"2023-03-22","SEN A.S. ASIGNADA","0","961","0"
"2023-03-22","GALICIA","1.024","691.472","4.102"
"2023-03-23","A.S. A CORUÑA E CEE","231","143.060","925"
"2023-03-23","A.S. FERROL","89","43.320","343"
"2023-03-23","A.S. LUGO, A MARIÑA E MONFORTE","95","77.481","431"
"2023-03-23","A.S. OURENSE, VERÍN E O BARCO","129","85.944","665"
"2023-03-23","A.S. PONTEVEDRA E O SALNÉS","124","78.084","360"
"2023-03-23","A.S. SANTIAGO E BARBANZA","179","110.443","557"
"2023-03-23","A.S. VIGO","166","152.258","821"
"2023-03-23","SEN A.S. ASIGNADA","0","961","0"
"2023-03-23","GALICIA","1.013","691.551","4.102"
"2023-03-24","A.S. A CORUÑA E CEE","218","143.093","925"
"2023-03-24","A.S. FERROL","85","43.329","343"
"2023-03-24","A.S. LUGO, A MARIÑA E MONFORTE","87","77.494","432"
"2023-03-24","A.S. OURENSE, VERÍN E O BARCO","127","85.955","666"
"2023-03-24","A.S. PONTEVEDRA E O SALNÉS","117","78.099","360"
"2023-03-24","A.S. SANTIAGO E BARBANZA","175","110.465","557"
"2023-03-24","A.S. VIGO","161","152.282","821"
"2023-03-24","SEN A.S. ASIGNADA","0","961","0"
"2023-03-24","GALICIA","970","691.678","4.104"
"2023-03-25","A.S. A CORUÑA E CEE","206","143.113","926"
"2023-03-25","A.S. FERROL","74","43.341","343"
"2023-03-25","A.S. LUGO, A MARIÑA E MONFORTE","82","77.506","432"
"2023-03-25","A.S. OURENSE, VERÍN E O BARCO","118","85.971","666"
"2023-03-25","A.S. PONTEVEDRA E O SALNÉS","106","78.112","360"
"2023-03-25","A.S. SANTIAGO E BARBANZA","170","110.479","558"
"2023-03-25","A.S. VIGO","152","152.299","821"
"2023-03-25","SEN A.S. ASIGNADA","0","961","0"
"2023-03-25","GALICIA","908","691.782","4.106"
"2023-03-26","A.S. A CORUÑA E CEE","186","143.144","926"
"2023-03-26","A.S. FERROL","66","43.351","343"
"2023-03-26","A.S. LUGO, A MARIÑA E MONFORTE","76","77.516","432"
"2023-03-26","A.S. OURENSE, VERÍN E O BARCO","112","85.983","667"
"2023-03-26","A.S. PONTEVEDRA E O SALNÉS","97","78.128","360"
"2023-03-26","A.S. SANTIAGO E BARBANZA","148","110.509","558"
"2023-03-26","A.S. VIGO","142","152.312","821"
"2023-03-26","SEN A.S. ASIGNADA","0","961","0"
"2023-03-26","GALICIA","827","691.904","4.107"
"2023-03-27","A.S. A CORUÑA E CEE","178","143.167","927"
"2023-03-27","A.S. FERROL","70","43.357","343"
"2023-03-27","A.S. LUGO, A MARIÑA E MONFORTE","75","77.527","432"
"2023-03-27","A.S. OURENSE, VERÍN E O BARCO","111","85.997","667"
"2023-03-27","A.S. PONTEVEDRA E O SALNÉS","99","78.138","360"
"2023-03-27","A.S. SANTIAGO E BARBANZA","147","110.522","558"
"2023-03-27","A.S. VIGO","150","152.331","821"
"2023-03-27","SEN A.S. ASIGNADA","0","961","0"
"2023-03-27","GALICIA","830","692.000","4.108"
"2023-03-28","A.S. A CORUÑA E CEE","181","143.183","927"
"2023-03-28","A.S. FERROL","69","43.366","343"
"2023-03-28","A.S. LUGO, A MARIÑA E MONFORTE","76","77.535","432"
"2023-03-28","A.S. OURENSE, VERÍN E O BARCO","110","86.007","667"
"2023-03-28","A.S. PONTEVEDRA E O SALNÉS","97","78.149","360"
"2023-03-28","A.S. SANTIAGO E BARBANZA","145","110.535","558"
"2023-03-28","A.S. VIGO","143","152.351","821"
"2023-03-28","SEN A.S. ASIGNADA","0","961","0"
"2023-03-28","GALICIA","821","692.087","4.108"
"2023-03-29","A.S. A CORUÑA E CEE","186","143.195","927"
"2023-03-29","A.S. FERROL","76","43.372","343"
"2023-03-29","A.S. LUGO, A MARIÑA E MONFORTE","84","77.540","432"
"2023-03-29","A.S. OURENSE, VERÍN E O BARCO","118","86.014","667"
"2023-03-29","A.S. PONTEVEDRA E O SALNÉS","101","78.151","360"
"2023-03-29","A.S. SANTIAGO E BARBANZA","153","110.543","559"
"2023-03-29","A.S. VIGO","155","152.355","821"
"2023-03-29","SEN A.S. ASIGNADA","0","961","0"
"2023-03-29","GALICIA","873","692.131","4.109"
"2023-03-30","A.S. A CORUÑA E CEE","190","143.208","927"
"2023-03-30","A.S. FERROL","76","43.375","343"
"2023-03-30","A.S. LUGO, A MARIÑA E MONFORTE","86","77.546","433"
"2023-03-30","A.S. OURENSE, VERÍN E O BARCO","122","86.021","667"
"2023-03-30","A.S. PONTEVEDRA E O SALNÉS","103","78.155","360"
"2023-03-30","A.S. SANTIAGO E BARBANZA","165","110.550","560"
"2023-03-30","A.S. VIGO","154","152.368","822"
"2023-03-30","SEN A.S. ASIGNADA","0","961","0"
"2023-03-30","GALICIA","896","692.184","4.112"
"2023-03-31","A.S. A CORUÑA E CEE","192","143.222","927"
"2023-03-31","A.S. FERROL","79","43.383","344"
"2023-03-31","A.S. LUGO, A MARIÑA E MONFORTE","88","77.553","433"
"2023-03-31","A.S. OURENSE, VERÍN E O BARCO","119","86.034","667"
"2023-03-31","A.S. PONTEVEDRA E O SALNÉS","108","78.161","360"
"2023-03-31","A.S. SANTIAGO E BARBANZA","159","110.571","560"
"2023-03-31","A.S. VIGO","149","152.391","822"
"2023-03-31","SEN A.S. ASIGNADA","0","961","0"
"2023-03-31","GALICIA","894","692.276","4.113"
"2023-04-01","A.S. A CORUÑA E CEE","170","143.116","927"
"2023-04-01","A.S. FERROL","69","43.347","344"
"2023-04-01","A.S. LUGO, A MARIÑA E MONFORTE","85","77.481","433"
"2023-04-01","A.S. OURENSE, VERÍN E O BARCO","105","85.936","667"
"2023-04-01","A.S. PONTEVEDRA E O SALNÉS","90","78.113","360"
"2023-04-01","A.S. SANTIAGO E BARBANZA","145","110.474","560"
"2023-04-01","A.S. VIGO","136","152.323","823"
"2023-04-01","SEN A.S. ASIGNADA","0","960","0"
"2023-04-01","GALICIA","800","691.750","4.114"
"2023-04-02","A.S. A CORUÑA E CEE","154","143.143","927"
"2023-04-02","A.S. FERROL","65","43.352","344"
"2023-04-02","A.S. LUGO, A MARIÑA E MONFORTE","75","77.493","433"
"2023-04-02","A.S. OURENSE, VERÍN E O BARCO","95","85.951","667"
"2023-04-02","A.S. PONTEVEDRA E O SALNÉS","81","78.127","360"
"2023-04-02","A.S. SANTIAGO E BARBANZA","138","110.490","560"
"2023-04-02","A.S. VIGO","131","152.334","824"
"2023-04-02","SEN A.S. ASIGNADA","0","960","0"
"2023-04-02","GALICIA","739","691.850","4.115"
"2023-04-03","A.S. A CORUÑA E CEE","160","143.157","927"
"2023-04-03","A.S. FERROL","63","43.357","344"
"2023-04-03","A.S. LUGO, A MARIÑA E MONFORTE","85","77.499","433"
"2023-04-03","A.S. OURENSE, VERÍN E O BARCO","104","85.961","667"
"2023-04-03","A.S. PONTEVEDRA E O SALNÉS","77","78.137","360"
"2023-04-03","A.S. SANTIAGO E BARBANZA","139","110.503","560"
"2023-04-03","A.S. VIGO","141","152.340","824"
"2023-04-03","SEN A.S. ASIGNADA","0","960","0"
"2023-04-03","GALICIA","769","691.914","4.115"
"2023-04-04","A.S. A CORUÑA E CEE","153","143.179","927"
"2023-04-04","A.S. FERROL","65","43.363","344"
"2023-04-04","A.S. LUGO, A MARIÑA E MONFORTE","83","77.506","433"
"2023-04-04","A.S. OURENSE, VERÍN E O BARCO","107","85.972","667"
"2023-04-04","A.S. PONTEVEDRA E O SALNÉS","78","78.144","360"
"2023-04-04","A.S. SANTIAGO E BARBANZA","130","110.521","560"
"2023-04-04","A.S. VIGO","128","152.358","825"
"2023-04-04","SEN A.S. ASIGNADA","0","960","0"
"2023-04-04","GALICIA","744","692.003","4.116"
"2023-04-05","A.S. A CORUÑA E CEE","157","143.191","927"
"2023-04-05","A.S. FERROL","70","43.364","344"
"2023-04-05","A.S. LUGO, A MARIÑA E MONFORTE","85","77.512","433"
"2023-04-05","A.S. OURENSE, VERÍN E O BARCO","115","85.977","667"
"2023-04-05","A.S. PONTEVEDRA E O SALNÉS","89","78.148","360"
"2023-04-05","A.S. SANTIAGO E BARBANZA","137","110.531","560"
"2023-04-05","A.S. VIGO","135","152.365","825"
"2023-04-05","SEN A.S. ASIGNADA","0","960","0"
"2023-04-05","GALICIA","788","692.048","4.116"
"2023-04-06","A.S. A CORUÑA E CEE","166","143.199","927"
"2023-04-06","A.S. FERROL","72","43.366","344"
"2023-04-06","A.S. LUGO, A MARIÑA E MONFORTE","87","77.516","433"
"2023-04-06","A.S. OURENSE, VERÍN E O BARCO","122","85.984","667"
"2023-04-06","A.S. PONTEVEDRA E O SALNÉS","90","78.154","360"
"2023-04-06","A.S. SANTIAGO E BARBANZA","138","110.538","560"
"2023-04-06","A.S. VIGO","143","152.367","825"
"2023-04-06","SEN A.S. ASIGNADA","0","960","0"
"2023-04-06","GALICIA","818","692.084","4.116"
"2023-04-07","A.S. A CORUÑA E CEE","162","143.213","927"
"2023-04-07","A.S. FERROL","64","43.376","344"
"2023-04-07","A.S. LUGO, A MARIÑA E MONFORTE","86","77.524","433"
"2023-04-07","A.S. OURENSE, VERÍN E O BARCO","117","85.995","668"
"2023-04-07","A.S. PONTEVEDRA E O SALNÉS","85","78.164","360"
"2023-04-07","A.S. SANTIAGO E BARBANZA","134","110.551","560"
"2023-04-07","A.S. VIGO","125","152.395","825"
"2023-04-07","SEN A.S. ASIGNADA","0","960","0"
"2023-04-07","GALICIA","773","692.178","4.117"
"2023-04-08","A.S. A CORUÑA E CEE","155","143.233","927"
"2023-04-08","A.S. FERROL","59","43.383","344"
"2023-04-08","A.S. LUGO, A MARIÑA E MONFORTE","83","77.533","433"
"2023-04-08","A.S. OURENSE, VERÍN E O BARCO","119","86.003","668"
"2023-04-08","A.S. PONTEVEDRA E O SALNÉS","84","78.175","360"
"2023-04-08","A.S. SANTIAGO E BARBANZA","138","110.561","560"
"2023-04-08","A.S. VIGO","116","152.408","826"
"2023-04-08","SEN A.S. ASIGNADA","0","960","0"
"2023-04-08","GALICIA","754","692.256","4.118"
"2023-04-09","A.S. A CORUÑA E CEE","150","143.250","927"
"2023-04-09","A.S. FERROL","48","43.397","344"
"2023-04-09","A.S. LUGO, A MARIÑA E MONFORTE","77","77.545","433"
"2023-04-09","A.S. OURENSE, VERÍN E O BARCO","115","86.015","668"
"2023-04-09","A.S. PONTEVEDRA E O SALNÉS","82","78.180","361"
"2023-04-09","A.S. SANTIAGO E BARBANZA","132","110.578","560"
"2023-04-09","A.S. VIGO","111","152.424","826"
"2023-04-09","SEN A.S. ASIGNADA","0","960","0"
"2023-04-09","GALICIA","715","692.349","4.119"
"2023-04-10","A.S. A CORUÑA E CEE","158","143.268","927"
"2023-04-10","A.S. FERROL","47","43.400","344"
"2023-04-10","A.S. LUGO, A MARIÑA E MONFORTE","76","77.557","433"
"2023-04-10","A.S. OURENSE, VERÍN E O BARCO","111","86.030","668"
"2023-04-10","A.S. PONTEVEDRA E O SALNÉS","84","78.187","361"
"2023-04-10","A.S. SANTIAGO E BARBANZA","129","110.599","560"
"2023-04-10","A.S. VIGO","119","152.434","826"
"2023-04-10","SEN A.S. ASIGNADA","0","960","0"
"2023-04-10","GALICIA","724","692.435","4.119"
"2023-04-11","A.S. A CORUÑA E CEE","161","143.284","927"
"2023-04-11","A.S. FERROL","44","43.412","344"
"2023-04-11","A.S. LUGO, A MARIÑA E MONFORTE","79","77.565","433"
"2023-04-11","A.S. OURENSE, VERÍN E O BARCO","116","86.038","668"
"2023-04-11","A.S. PONTEVEDRA E O SALNÉS","82","78.199","361"
"2023-04-11","A.S. SANTIAGO E BARBANZA","130","110.611","561"
"2023-04-11","A.S. VIGO","115","152.452","826"
"2023-04-11","SEN A.S. ASIGNADA","0","960","0"
"2023-04-11","GALICIA","727","692.521","4.120"
"2023-04-12","A.S. A CORUÑA E CEE","170","143.293","927"
"2023-04-12","A.S. FERROL","44","43.417","344"
"2023-04-12","A.S. LUGO, A MARIÑA E MONFORTE","84","77.572","433"
"2023-04-12","A.S. OURENSE, VERÍN E O BARCO","121","86.047","669"
"2023-04-12","A.S. PONTEVEDRA E O SALNÉS","88","78.202","361"
"2023-04-12","A.S. SANTIAGO E BARBANZA","137","110.618","561"
"2023-04-12","A.S. VIGO","125","152.456","826"
"2023-04-12","SEN A.S. ASIGNADA","0","960","0"
"2023-04-12","GALICIA","769","692.565","4.121"
"2023-04-13","A.S. A CORUÑA E CEE","173","143.304","927"
"2023-04-13","A.S. FERROL","52","43.418","344"
"2023-04-13","A.S. LUGO, A MARIÑA E MONFORTE","95","77.574","433"
"2023-04-13","A.S. OURENSE, VERÍN E O BARCO","132","86.052","669"
"2023-04-13","A.S. PONTEVEDRA E O SALNÉS","95","78.206","361"
"2023-04-13","A.S. SANTIAGO E BARBANZA","155","110.626","561"
"2023-04-13","A.S. VIGO","132","152.464","826"
"2023-04-13","SEN A.S. ASIGNADA","0","960","0"
"2023-04-13","GALICIA","834","692.604","4.121"
"2023-04-14","A.S. A CORUÑA E CEE","166","143.321","927"
"2023-04-14","A.S. FERROL","61","43.421","344"
"2023-04-14","A.S. LUGO, A MARIÑA E MONFORTE","97","77.587","433"
"2023-04-14","A.S. OURENSE, VERÍN E O BARCO","143","86.066","669"
"2023-04-14","A.S. PONTEVEDRA E O SALNÉS","95","78.212","361"
"2023-04-14","A.S. SANTIAGO E BARBANZA","159","110.640","561"
"2023-04-14","A.S. VIGO","123","152.480","826"
"2023-04-14","SEN A.S. ASIGNADA","0","960","0"
"2023-04-14","GALICIA","844","692.687","4.121"
"2023-04-15","A.S. A CORUÑA E CEE","161","143.336","927"
"2023-04-15","A.S. FERROL","56","43.427","344"
"2023-04-15","A.S. LUGO, A MARIÑA E MONFORTE","98","77.592","433"
"2023-04-15","A.S. OURENSE, VERÍN E O BARCO","144","86.079","669"
"2023-04-15","A.S. PONTEVEDRA E O SALNÉS","95","78.219","361"
"2023-04-15","A.S. SANTIAGO E BARBANZA","159","110.649","561"
"2023-04-15","A.S. VIGO","124","152.486","826"
"2023-04-15","SEN A.S. ASIGNADA","0","960","0"
"2023-04-15","GALICIA","837","692.748","4.121"
"2023-04-16","A.S. A CORUÑA E CEE","160","143.349","927"
"2023-04-16","A.S. FERROL","57","43.433","344"
"2023-04-16","A.S. LUGO, A MARIÑA E MONFORTE","94","77.600","434"
"2023-04-16","A.S. OURENSE, VERÍN E O BARCO","147","86.089","669"
"2023-04-16","A.S. PONTEVEDRA E O SALNÉS","83","78.237","361"
"2023-04-16","A.S. SANTIAGO E BARBANZA","151","110.666","561"
"2023-04-16","A.S. VIGO","120","152.501","826"
"2023-04-16","SEN A.S. ASIGNADA","0","960","0"
"2023-04-16","GALICIA","812","692.835","4.122"
"2023-04-17","A.S. A CORUÑA E CEE","166","143.363","927"
"2023-04-17","A.S. FERROL","68","43.436","344"
"2023-04-17","A.S. LUGO, A MARIÑA E MONFORTE","99","77.606","434"
"2023-04-17","A.S. OURENSE, VERÍN E O BARCO","146","86.107","669"
"2023-04-17","A.S. PONTEVEDRA E O SALNÉS","97","78.243","362"
"2023-04-17","A.S. SANTIAGO E BARBANZA","162","110.675","561"
"2023-04-17","A.S. VIGO","128","152.511","826"
"2023-04-17","SEN A.S. ASIGNADA","0","960","0"
"2023-04-17","GALICIA","866","692.901","4.123"
"2023-04-18","A.S. A CORUÑA E CEE","183","143.374","927"
"2023-04-18","A.S. FERROL","73","43.440","344"
"2023-04-18","A.S. LUGO, A MARIÑA E MONFORTE","125","77.612","434"
"2023-04-18","A.S. OURENSE, VERÍN E O BARCO","150","86.115","669"
"2023-04-18","A.S. PONTEVEDRA E O SALNÉS","99","78.249","362"
"2023-04-18","A.S. SANTIAGO E BARBANZA","179","110.683","561"
"2023-04-18","A.S. VIGO","135","152.519","828"
"2023-04-18","SEN A.S. ASIGNADA","0","960","0"
"2023-04-18","GALICIA","944","692.952","4.125"
"2023-04-19","A.S. A CORUÑA E CEE","188","143.386","927"
"2023-04-19","A.S. FERROL","82","43.443","344"
"2023-04-19","A.S. LUGO, A MARIÑA E MONFORTE","131","77.618","434"
"2023-04-19","A.S. OURENSE, VERÍN E O BARCO","157","86.125","669"
"2023-04-19","A.S. PONTEVEDRA E O SALNÉS","98","78.260","363"
"2023-04-19","A.S. SANTIAGO E BARBANZA","187","110.694","561"
"2023-04-19","A.S. VIGO","155","152.524","828"
"2023-04-19","SEN A.S. ASIGNADA","0","960","0"
"2023-04-19","GALICIA","998","693.010","4.126"
"2023-04-20","A.S. A CORUÑA E CEE","203","143.399","927"
"2023-04-20","A.S. FERROL","85","43.447","344"
"2023-04-20","A.S. LUGO, A MARIÑA E MONFORTE","135","77.623","434"
"2023-04-20","A.S. OURENSE, VERÍN E O BARCO","164","86.133","669"
"2023-04-20","A.S. PONTEVEDRA E O SALNÉS","107","78.264","363"
"2023-04-20","A.S. SANTIAGO E BARBANZA","187","110.707","562"
"2023-04-20","A.S. VIGO","161","152.535","828"
"2023-04-20","SEN A.S. ASIGNADA","0","960","0"
"2023-04-20","GALICIA","1.042","693.068","4.127"
"2023-04-21","A.S. A CORUÑA E CEE","200","143.421","927"
"2023-04-21","A.S. FERROL","94","43.449","344"
"2023-04-21","A.S. LUGO, A MARIÑA E MONFORTE","143","77.634","434"
"2023-04-21","A.S. OURENSE, VERÍN E O BARCO","162","86.147","669"
"2023-04-21","A.S. PONTEVEDRA E O SALNÉS","113","78.269","363"
"2023-04-21","A.S. SANTIAGO E BARBANZA","184","110.725","562"
"2023-04-21","A.S. VIGO","167","152.553","828"
"2023-04-21","SEN A.S. ASIGNADA","0","960","0"
"2023-04-21","GALICIA","1.063","693.158","4.127"
"2023-04-22","A.S. A CORUÑA E CEE","189","143.443","927"
"2023-04-22","A.S. FERROL","89","43.458","344"
"2023-04-22","A.S. LUGO, A MARIÑA E MONFORTE","138","77.644","434"
"2023-04-22","A.S. OURENSE, VERÍN E O BARCO","157","86.159","669"
"2023-04-22","A.S. PONTEVEDRA E O SALNÉS","105","78.280","363"
"2023-04-22","A.S. SANTIAGO E BARBANZA","176","110.739","562"
"2023-04-22","A.S. VIGO","164","152.567","829"
"2023-04-22","SEN A.S. ASIGNADA","0","960","0"
"2023-04-22","GALICIA","1.018","693.250","4.128"
"2023-04-23","A.S. A CORUÑA E CEE","175","143.460","928"
"2023-04-23","A.S. FERROL","86","43.463","344"
"2023-04-23","A.S. LUGO, A MARIÑA E MONFORTE","131","77.655","434"
"2023-04-23","A.S. OURENSE, VERÍN E O BARCO","151","86.174","669"
"2023-04-23","A.S. PONTEVEDRA E O SALNÉS","98","78.288","363"
"2023-04-23","A.S. SANTIAGO E BARBANZA","167","110.756","562"
"2023-04-23","A.S. VIGO","162","152.580","829"
"2023-04-23","SEN A.S. ASIGNADA","0","960","0"
"2023-04-23","GALICIA","970","693.336","4.129"
"2023-04-24","A.S. A CORUÑA E CEE","184","143.472","928"
"2023-04-24","A.S. FERROL","83","43.472","344"
"2023-04-24","A.S. LUGO, A MARIÑA E MONFORTE","127","77.672","434"
"2023-04-24","A.S. OURENSE, VERÍN E O BARCO","146","86.192","672"
"2023-04-24","A.S. PONTEVEDRA E O SALNÉS","104","78.298","363"
"2023-04-24","A.S. SANTIAGO E BARBANZA","161","110.781","563"
"2023-04-24","A.S. VIGO","162","152.596","829"
"2023-04-24","SEN A.S. ASIGNADA","1","960","0"
"2023-04-24","GALICIA","968","693.443","4.133"
"2023-04-25","A.S. A CORUÑA E CEE","189","143.484","928"
"2023-04-25","A.S. FERROL","77","43.483","345"
"2023-04-25","A.S. LUGO, A MARIÑA E MONFORTE","122","77.685","434"
"2023-04-25","A.S. OURENSE, VERÍN E O BARCO","137","86.212","672"
"2023-04-25","A.S. PONTEVEDRA E O SALNÉS","105","78.304","364"
"2023-04-25","A.S. SANTIAGO E BARBANZA","165","110.796","564"
"2023-04-25","A.S. VIGO","178","152.603","829"
"2023-04-25","SEN A.S. ASIGNADA","1","960","0"
"2023-04-25","GALICIA","974","693.527","4.136"
"2023-04-26","A.S. A CORUÑA E CEE","199","143.497","928"
"2023-04-26","A.S. FERROL","88","43.484","345"
"2023-04-26","A.S. LUGO, A MARIÑA E MONFORTE","128","77.691","434"
"2023-04-26","A.S. OURENSE, VERÍN E O BARCO","144","86.221","673"
"2023-04-26","A.S. PONTEVEDRA E O SALNÉS","109","78.310","364"
"2023-04-26","A.S. SANTIAGO E BARBANZA","167","110.805","564"
"2023-04-26","A.S. VIGO","189","152.612","829"
"2023-04-26","SEN A.S. ASIGNADA","1","960","0"
"2023-04-26","GALICIA","1.025","693.580","4.137"
"2023-04-27","A.S. A CORUÑA E CEE","206","143.511","928"
"2023-04-27","A.S. FERROL","89","43.492","345"
"2023-04-27","A.S. LUGO, A MARIÑA E MONFORTE","146","77.696","434"
"2023-04-27","A.S. OURENSE, VERÍN E O BARCO","150","86.233","673"
"2023-04-27","A.S. PONTEVEDRA E O SALNÉS","112","78.314","364"
"2023-04-27","A.S. SANTIAGO E BARBANZA","178","110.814","564"
"2023-04-27","A.S. VIGO","200","152.625","829"
"2023-04-27","SEN A.S. ASIGNADA","1","960","0"
"2023-04-27","GALICIA","1.082","693.645","4.137"
"2023-04-28","A.S. A CORUÑA E CEE","206","143.526","928"
"2023-04-28","A.S. FERROL","81","43.506","345"
"2023-04-28","A.S. LUGO, A MARIÑA E MONFORTE","154","77.707","434"
"2023-04-28","A.S. OURENSE, VERÍN E O BARCO","148","86.251","673"
"2023-04-28","A.S. PONTEVEDRA E O SALNÉS","92","78.336","364"
"2023-04-28","A.S. SANTIAGO E BARBANZA","171","110.835","564"
"2023-04-28","A.S. VIGO","194","152.643","831"
"2023-04-28","SEN A.S. ASIGNADA","1","960","0"
"2023-04-28","GALICIA","1.047","693.764","4.139"
"2023-04-29","A.S. A CORUÑA E CEE","192","143.549","929"
"2023-04-29","A.S. FERROL","74","43.515","346"
"2023-04-29","A.S. LUGO, A MARIÑA E MONFORTE","131","77.736","434"
"2023-04-29","A.S. OURENSE, VERÍN E O BARCO","141","86.264","673"
"2023-04-29","A.S. PONTEVEDRA E O SALNÉS","99","78.343","364"
"2023-04-29","A.S. SANTIAGO E BARBANZA","159","110.859","564"
"2023-04-29","A.S. VIGO","188","152.660","831"
"2023-04-29","SEN A.S. ASIGNADA","1","960","0"
"2023-04-29","GALICIA","985","693.886","4.141"
"2023-04-30","A.S. A CORUÑA E CEE","189","143.565","929"
"2023-04-30","A.S. FERROL","69","43.525","346"
"2023-04-30","A.S. LUGO, A MARIÑA E MONFORTE","127","77.748","434"
"2023-04-30","A.S. OURENSE, VERÍN E O BARCO","139","86.276","673"
"2023-04-30","A.S. PONTEVEDRA E O SALNÉS","92","78.353","364"
"2023-04-30","A.S. SANTIAGO E BARBANZA","150","110.875","564"
"2023-04-30","A.S. VIGO","172","152.682","831"
"2023-04-30","SEN A.S. ASIGNADA","1","960","0"
"2023-04-30","GALICIA","939","693.984","4.141"
"2023-05-01","A.S. A CORUÑA E CEE","160","143.381","930"
"2023-05-01","A.S. FERROL","69","43.441","346"
"2023-05-01","A.S. LUGO, A MARIÑA E MONFORTE","132","77.658","434"
"2023-05-01","A.S. OURENSE, VERÍN E O BARCO","127","86.194","673"
"2023-05-01","A.S. PONTEVEDRA E O SALNÉS","81","78.275","364"
"2023-05-01","A.S. SANTIAGO E BARBANZA","145","110.725","564"
"2023-05-01","A.S. VIGO","160","152.571","831"
"2023-05-01","SEN A.S. ASIGNADA","1","959","0"
"2023-05-01","GALICIA","875","693.204","4.142"
"2023-05-02","A.S. A CORUÑA E CEE","161","143.401","931"
"2023-05-02","A.S. FERROL","66","43.453","346"
"2023-05-02","A.S. LUGO, A MARIÑA E MONFORTE","123","77.679","434"
"2023-05-02","A.S. OURENSE, VERÍN E O BARCO","128","86.206","673"
"2023-05-02","A.S. PONTEVEDRA E O SALNÉS","90","78.285","364"
"2023-05-02","A.S. SANTIAGO E BARBANZA","151","110.740","564"
"2023-05-02","A.S. VIGO","170","152.596","831"
"2023-05-02","SEN A.S. ASIGNADA","1","959","0"
"2023-05-02","GALICIA","890","693.319","4.143"
"2023-05-03","A.S. A CORUÑA E CEE","175","143.412","931"
"2023-05-03","A.S. FERROL","76","43.457","346"
"2023-05-03","A.S. LUGO, A MARIÑA E MONFORTE","141","77.685","434"
"2023-05-03","A.S. OURENSE, VERÍN E O BARCO","140","86.215","673"
"2023-05-03","A.S. PONTEVEDRA E O SALNÉS","98","78.289","364"
"2023-05-03","A.S. SANTIAGO E BARBANZA","166","110.745","564"
"2023-05-03","A.S. VIGO","189","152.606","831"
"2023-05-03","SEN A.S. ASIGNADA","1","959","0"
"2023-05-03","GALICIA","986","693.368","4.143"
"2023-05-04","A.S. A CORUÑA E CEE","198","143.415","931"
"2023-05-04","A.S. FERROL","98","43.459","346"
"2023-05-04","A.S. LUGO, A MARIÑA E MONFORTE","149","77.691","434"
"2023-05-04","A.S. OURENSE, VERÍN E O BARCO","149","86.224","673"
"2023-05-04","A.S. PONTEVEDRA E O SALNÉS","114","78.290","364"
"2023-05-04","A.S. SANTIAGO E BARBANZA","176","110.755","565"
"2023-05-04","A.S. VIGO","205","152.618","831"
"2023-05-04","SEN A.S. ASIGNADA","1","959","0"
"2023-05-04","GALICIA","1.090","693.411","4.144"
"2023-05-05","A.S. A CORUÑA E CEE","203","143.435","931"
"2023-05-05","A.S. FERROL","106","43.463","346"
"2023-05-05","A.S. LUGO, A MARIÑA E MONFORTE","146","77.704","436"
"2023-05-05","A.S. OURENSE, VERÍN E O BARCO","148","86.239","673"
"2023-05-05","A.S. PONTEVEDRA E O SALNÉS","111","78.304","364"
"2023-05-05","A.S. SANTIAGO E BARBANZA","183","110.774","565"
"2023-05-05","A.S. VIGO","207","152.636","831"
"2023-05-05","SEN A.S. ASIGNADA","0","960","0"
"2023-05-05","GALICIA","1.104","693.515","4.146"
"2023-05-06","A.S. A CORUÑA E CEE","202","143.451","931"
"2023-05-06","A.S. FERROL","102","43.469","346"
"2023-05-06","A.S. LUGO, A MARIÑA E MONFORTE","148","77.711","436"
"2023-05-06","A.S. OURENSE, VERÍN E O BARCO","145","86.250","673"
"2023-05-06","A.S. PONTEVEDRA E O SALNÉS","105","78.314","364"
"2023-05-06","A.S. SANTIAGO E BARBANZA","174","110.793","565"
"2023-05-06","A.S. VIGO","197","152.655","831"
"2023-05-06","SEN A.S. ASIGNADA","0","960","0"
"2023-05-06","GALICIA","1.073","693.603","4.146"
"2023-05-07","A.S. A CORUÑA E CEE","192","143.471","933"
"2023-05-07","A.S. FERROL","96","43.480","346"
"2023-05-07","A.S. LUGO, A MARIÑA E MONFORTE","143","77.724","436"
"2023-05-07","A.S. OURENSE, VERÍN E O BARCO","135","86.266","673"
"2023-05-07","A.S. PONTEVEDRA E O SALNÉS","101","78.322","364"
"2023-05-07","A.S. SANTIAGO E BARBANZA","182","110.803","565"
"2023-05-07","A.S. VIGO","187","152.672","831"
"2023-05-07","SEN A.S. ASIGNADA","0","960","0"
"2023-05-07","GALICIA","1.036","693.698","4.148"
"2023-05-08","A.S. A CORUÑA E CEE","209","143.491","933"
"2023-05-08","A.S. FERROL","100","43.489","346"
"2023-05-08","A.S. LUGO, A MARIÑA E MONFORTE","131","77.747","436"
"2023-05-08","A.S. OURENSE, VERÍN E O BARCO","130","86.284","673"
"2023-05-08","A.S. PONTEVEDRA E O SALNÉS","113","78.326","364"
"2023-05-08","A.S. SANTIAGO E BARBANZA","201","110.820","565"
"2023-05-08","A.S. VIGO","191","152.697","831"
"2023-05-08","SEN A.S. ASIGNADA","0","960","0"
"2023-05-08","GALICIA","1.075","693.814","4.148"
"2023-05-09","A.S. A CORUÑA E CEE","220","143.504","933"
"2023-05-09","A.S. FERROL","107","43.496","346"
"2023-05-09","A.S. LUGO, A MARIÑA E MONFORTE","139","77.762","437"
"2023-05-09","A.S. OURENSE, VERÍN E O BARCO","126","86.301","673"
"2023-05-09","A.S. PONTEVEDRA E O SALNÉS","119","78.330","364"
"2023-05-09","A.S. SANTIAGO E BARBANZA","208","110.833","565"
"2023-05-09","A.S. VIGO","193","152.710","831"
"2023-05-09","SEN A.S. ASIGNADA","0","960","0"
"2023-05-09","GALICIA","1.112","693.896","4.149"
"2023-05-10","A.S. A CORUÑA E CEE","236","143.514","933"
"2023-05-10","A.S. FERROL","110","43.499","346"
"2023-05-10","A.S. LUGO, A MARIÑA E MONFORTE","151","77.766","437"
"2023-05-10","A.S. OURENSE, VERÍN E O BARCO","130","86.309","673"
"2023-05-10","A.S. PONTEVEDRA E O SALNÉS","118","78.342","364"
"2023-05-10","A.S. SANTIAGO E BARBANZA","210","110.844","565"
"2023-05-10","A.S. VIGO","195","152.719","831"
"2023-05-10","SEN A.S. ASIGNADA","0","960","0"
"2023-05-10","GALICIA","1.150","693.953","4.149"
"2023-05-11","A.S. A CORUÑA E CEE","254","143.525","934"
"2023-05-11","A.S. FERROL","115","43.502","346"
"2023-05-11","A.S. LUGO, A MARIÑA E MONFORTE","155","77.773","437"
"2023-05-11","A.S. OURENSE, VERÍN E O BARCO","132","86.318","673"
"2023-05-11","A.S. PONTEVEDRA E O SALNÉS","128","78.345","364"
"2023-05-11","A.S. SANTIAGO E BARBANZA","223","110.851","565"
"2023-05-11","A.S. VIGO","205","152.727","832"
"2023-05-11","SEN A.S. ASIGNADA","0","960","0"
"2023-05-11","GALICIA","1.212","694.001","4.151"
"2023-05-12","A.S. A CORUÑA E CEE","258","143.540","934"
"2023-05-12","A.S. FERROL","117","43.511","346"
"2023-05-12","A.S. LUGO, A MARIÑA E MONFORTE","154","77.788","438"
"2023-05-12","A.S. OURENSE, VERÍN E O BARCO","130","86.327","673"
"2023-05-12","A.S. PONTEVEDRA E O SALNÉS","121","78.357","364"
"2023-05-12","A.S. SANTIAGO E BARBANZA","221","110.867","565"
"2023-05-12","A.S. VIGO","217","152.736","832"
"2023-05-12","SEN A.S. ASIGNADA","0","960","0"
"2023-05-12","GALICIA","1.218","694.086","4.152"
"2023-05-13","A.S. A CORUÑA E CEE","257","143.561","934"
"2023-05-13","A.S. FERROL","113","43.519","346"
"2023-05-13","A.S. LUGO, A MARIÑA E MONFORTE","144","77.801","438"
"2023-05-13","A.S. OURENSE, VERÍN E O BARCO","128","86.340","673"
"2023-05-13","A.S. PONTEVEDRA E O SALNÉS","109","78.375","364"
"2023-05-13","A.S. SANTIAGO E BARBANZA","212","110.887","565"
"2023-05-13","A.S. VIGO","195","152.769","832"
"2023-05-13","SEN A.S. ASIGNADA","0","960","0"
"2023-05-13","GALICIA","1.158","694.212","4.152"
"2023-05-14","A.S. A CORUÑA E CEE","239","143.586","934"
"2023-05-14","A.S. FERROL","107","43.534","346"
"2023-05-14","A.S. LUGO, A MARIÑA E MONFORTE","129","77.825","438"
"2023-05-14","A.S. OURENSE, VERÍN E O BARCO","112","86.361","673"
"2023-05-14","A.S. PONTEVEDRA E O SALNÉS","105","78.385","364"
"2023-05-14","A.S. SANTIAGO E BARBANZA","201","110.907","565"
"2023-05-14","A.S. VIGO","172","152.795","832"
"2023-05-14","SEN A.S. ASIGNADA","0","960","0"
"2023-05-14","GALICIA","1.065","694.353","4.152"
"2023-05-15","A.S. A CORUÑA E CEE","243","143.611","935"
"2023-05-15","A.S. FERROL","97","43.559","346"
"2023-05-15","A.S. LUGO, A MARIÑA E MONFORTE","134","77.837","438"
"2023-05-15","A.S. OURENSE, VERÍN E O BARCO","110","86.377","673"
"2023-05-15","A.S. PONTEVEDRA E O SALNÉS","100","78.402","364"
"2023-05-15","A.S. SANTIAGO E BARBANZA","205","110.930","565"
"2023-05-15","A.S. VIGO","167","152.819","832"
"2023-05-15","SEN A.S. ASIGNADA","0","960","0"
"2023-05-15","GALICIA","1.056","694.495","4.153"
"2023-05-16","A.S. A CORUÑA E CEE","236","143.634","935"
"2023-05-16","A.S. FERROL","93","43.571","346"
"2023-05-16","A.S. LUGO, A MARIÑA E MONFORTE","137","77.848","438"
"2023-05-16","A.S. OURENSE, VERÍN E O BARCO","113","86.387","673"
"2023-05-16","A.S. PONTEVEDRA E O SALNÉS","101","78.415","364"
"2023-05-16","A.S. SANTIAGO E BARBANZA","203","110.956","565"
"2023-05-16","A.S. VIGO","174","152.840","832"
"2023-05-16","SEN A.S. ASIGNADA","0","960","0"
"2023-05-16","GALICIA","1.057","694.611","4.153"
"2023-05-17","A.S. A CORUÑA E CEE","231","143.650","935"
"2023-05-17","A.S. FERROL","103","43.573","346"
"2023-05-17","A.S. LUGO, A MARIÑA E MONFORTE","139","77.858","438"
"2023-05-17","A.S. OURENSE, VERÍN E O BARCO","113","86.393","673"
"2023-05-17","A.S. PONTEVEDRA E O SALNÉS","114","78.419","364"
"2023-05-17","A.S. SANTIAGO E BARBANZA","205","110.966","565"
"2023-05-17","A.S. VIGO","171","152.852","832"
"2023-05-17","SEN A.S. ASIGNADA","0","960","0"
"2023-05-17","GALICIA","1.076","694.671","4.153"
"2023-05-18","A.S. A CORUÑA E CEE","245","143.663","935"
"2023-05-18","A.S. FERROL","102","43.578","346"
"2023-05-18","A.S. LUGO, A MARIÑA E MONFORTE","139","77.867","439"
"2023-05-18","A.S. OURENSE, VERÍN E O BARCO","115","86.401","673"
"2023-05-18","A.S. PONTEVEDRA E O SALNÉS","130","78.424","364"
"2023-05-18","A.S. SANTIAGO E BARBANZA","208","110.983","565"
"2023-05-18","A.S. VIGO","196","152.858","832"
"2023-05-18","SEN A.S. ASIGNADA","0","960","0"
"2023-05-18","GALICIA","1.135","694.734","4.154"
"2023-05-19","A.S. A CORUÑA E CEE","236","143.699","935"
"2023-05-19","A.S. FERROL","108","43.590","346"
"2023-05-19","A.S. LUGO, A MARIÑA E MONFORTE","138","77.881","439"
"2023-05-19","A.S. OURENSE, VERÍN E O BARCO","113","86.415","673"
"2023-05-19","A.S. PONTEVEDRA E O SALNÉS","137","78.437","364"
"2023-05-19","A.S. SANTIAGO E BARBANZA","192","111.017","565"
"2023-05-19","A.S. VIGO","182","152.887","832"
"2023-05-19","SEN A.S. ASIGNADA","0","960","0"
"2023-05-19","GALICIA","1.106","694.886","4.154"
"2023-05-20","A.S. A CORUÑA E CEE","226","143.724","935"
"2023-05-20","A.S. FERROL","101","43.602","346"
"2023-05-20","A.S. LUGO, A MARIÑA E MONFORTE","122","77.904","439"
"2023-05-20","A.S. OURENSE, VERÍN E O BARCO","104","86.426","673"
"2023-05-20","A.S. PONTEVEDRA E O SALNÉS","134","78.446","365"
"2023-05-20","A.S. SANTIAGO E BARBANZA","191","111.038","565"
"2023-05-20","A.S. VIGO","172","152.903","833"
"2023-05-20","SEN A.S. ASIGNADA","0","960","0"
"2023-05-20","GALICIA","1.050","695.003","4.156"
"2023-05-21","A.S. A CORUÑA E CEE","214","143.751","935"
"2023-05-21","A.S. FERROL","105","43.606","346"
"2023-05-21","A.S. LUGO, A MARIÑA E MONFORTE","116","77.918","439"
"2023-05-21","A.S. OURENSE, VERÍN E O BARCO","96","86.439","673"
"2023-05-21","A.S. PONTEVEDRA E O SALNÉS","134","78.456","365"
"2023-05-21","A.S. SANTIAGO E BARBANZA","190","111.050","566"
"2023-05-21","A.S. VIGO","172","152.915","833"
"2023-05-21","SEN A.S. ASIGNADA","0","960","0"
"2023-05-21","GALICIA","1.027","695.095","4.157"
"2023-05-22","A.S. A CORUÑA E CEE","204","143.782","935"
"2023-05-22","A.S. FERROL","108","43.614","347"
"2023-05-22","A.S. LUGO, A MARIÑA E MONFORTE","117","77.929","439"
"2023-05-22","A.S. OURENSE, VERÍN E O BARCO","102","86.449","673"
"2023-05-22","A.S. PONTEVEDRA E O SALNÉS","147","78.469","365"
"2023-05-22","A.S. SANTIAGO E BARBANZA","196","111.070","566"
"2023-05-22","A.S. VIGO","192","152.933","833"
"2023-05-22","SEN A.S. ASIGNADA","0","960","0"
"2023-05-22","GALICIA","1.066","695.206","4.158"
"2023-05-23","A.S. A CORUÑA E CEE","220","143.801","935"
"2023-05-23","A.S. FERROL","108","43.625","347"
"2023-05-23","A.S. LUGO, A MARIÑA E MONFORTE","112","77.947","440"
"2023-05-23","A.S. OURENSE, VERÍN E O BARCO","103","86.460","673"
"2023-05-23","A.S. PONTEVEDRA E O SALNÉS","152","78.481","365"
"2023-05-23","A.S. SANTIAGO E BARBANZA","204","111.085","566"
"2023-05-23","A.S. VIGO","194","152.954","833"
"2023-05-23","SEN A.S. ASIGNADA","0","960","0"
"2023-05-23","GALICIA","1.093","695.313","4.159"
"2023-05-24","A.S. A CORUÑA E CEE","245","143.818","935"
"2023-05-24","A.S. FERROL","114","43.632","347"
"2023-05-24","A.S. LUGO, A MARIÑA E MONFORTE","129","77.950","440"
"2023-05-24","A.S. OURENSE, VERÍN E O BARCO","119","86.470","673"
"2023-05-24","A.S. PONTEVEDRA E O SALNÉS","164","78.485","365"
"2023-05-24","A.S. SANTIAGO E BARBANZA","220","111.095","566"
"2023-05-24","A.S. VIGO","214","152.962","833"
"2023-05-24","SEN A.S. ASIGNADA","0","960","0"
"2023-05-24","GALICIA","1.205","695.372","4.159"
"2023-05-25","A.S. A CORUÑA E CEE","274","143.825","936"
"2023-05-25","A.S. FERROL","120","43.641","347"
"2023-05-25","A.S. LUGO, A MARIÑA E MONFORTE","132","77.957","441"
"2023-05-25","A.S. OURENSE, VERÍN E O BARCO","128","86.475","673"
"2023-05-25","A.S. PONTEVEDRA E O SALNÉS","169","78.491","365"
"2023-05-25","A.S. SANTIAGO E BARBANZA","246","111.104","566"
"2023-05-25","A.S. VIGO","238","152.965","833"
"2023-05-25","SEN A.S. ASIGNADA","0","960","0"
"2023-05-25","GALICIA","1.307","695.418","4.161"
"2023-05-26","A.S. A CORUÑA E CEE","271","143.857","936"
"2023-05-26","A.S. FERROL","115","43.656","347"
"2023-05-26","A.S. LUGO, A MARIÑA E MONFORTE","135","77.972","441"
"2023-05-26","A.S. OURENSE, VERÍN E O BARCO","126","86.489","673"
"2023-05-26","A.S. PONTEVEDRA E O SALNÉS","178","78.502","365"
"2023-05-26","A.S. SANTIAGO E BARBANZA","245","111.132","566"
"2023-05-26","A.S. VIGO","245","152.983","834"
"2023-05-26","SEN A.S. ASIGNADA","0","960","0"
"2023-05-26","GALICIA","1.315","695.551","4.162"
"2023-05-27","A.S. A CORUÑA E CEE","283","143.871","936"
"2023-05-27","A.S. FERROL","110","43.665","347"
"2023-05-27","A.S. LUGO, A MARIÑA E MONFORTE","132","77.985","441"
"2023-05-27","A.S. OURENSE, VERÍN E O BARCO","126","86.501","673"
"2023-05-27","A.S. PONTEVEDRA E O SALNÉS","177","78.516","365"
"2023-05-27","A.S. SANTIAGO E BARBANZA","233","111.156","566"
"2023-05-27","A.S. VIGO","229","153.011","834"
"2023-05-27","SEN A.S. ASIGNADA","0","960","0"
"2023-05-27","GALICIA","1.290","695.665","4.162"
"2023-05-28","A.S. A CORUÑA E CEE","286","143.884","937"
"2023-05-28","A.S. FERROL","105","43.677","347"
"2023-05-28","A.S. LUGO, A MARIÑA E MONFORTE","133","77.997","441"
"2023-05-28","A.S. OURENSE, VERÍN E O BARCO","129","86.507","673"
"2023-05-28","A.S. PONTEVEDRA E O SALNÉS","162","78.535","365"
"2023-05-28","A.S. SANTIAGO E BARBANZA","239","111.164","566"
"2023-05-28","A.S. VIGO","229","153.020","834"
"2023-05-28","SEN A.S. ASIGNADA","0","960","0"
"2023-05-28","GALICIA","1.283","695.744","4.163"
"2023-05-29","A.S. A CORUÑA E CEE","287","143.910","937"
"2023-05-29","A.S. FERROL","112","43.679","347"
"2023-05-29","A.S. LUGO, A MARIÑA E MONFORTE","135","78.007","441"
"2023-05-29","A.S. OURENSE, VERÍN E O BARCO","137","86.517","673"
"2023-05-29","A.S. PONTEVEDRA E O SALNÉS","160","78.554","365"
"2023-05-29","A.S. SANTIAGO E BARBANZA","252","111.186","566"
"2023-05-29","A.S. VIGO","226","153.050","834"
"2023-05-29","SEN A.S. ASIGNADA","0","960","0"
"2023-05-29","GALICIA","1.309","695.863","4.163"
"2023-05-30","A.S. A CORUÑA E CEE","279","143.937","938"
"2023-05-30","A.S. FERROL","111","43.696","349"
"2023-05-30","A.S. LUGO, A MARIÑA E MONFORTE","137","78.020","441"
"2023-05-30","A.S. OURENSE, VERÍN E O BARCO","140","86.529","674"
"2023-05-30","A.S. PONTEVEDRA E O SALNÉS","154","78.574","365"
"2023-05-30","A.S. SANTIAGO E BARBANZA","261","111.203","566"
"2023-05-30","A.S. VIGO","237","153.066","834"
"2023-05-30","SEN A.S. ASIGNADA","0","960","0"
"2023-05-30","GALICIA","1.319","695.985","4.167"
"2023-05-31","A.S. A CORUÑA E CEE","298","143.949","938"
"2023-05-31","A.S. FERROL","115","43.700","350"
"2023-05-31","A.S. LUGO, A MARIÑA E MONFORTE","144","78.028","441"
"2023-05-31","A.S. OURENSE, VERÍN E O BARCO","148","86.533","674"
"2023-05-31","A.S. PONTEVEDRA E O SALNÉS","167","78.580","365"
"2023-05-31","A.S. SANTIAGO E BARBANZA","270","111.224","566"
"2023-05-31","A.S. VIGO","245","153.075","834"
"2023-05-31","SEN A.S. ASIGNADA","0","960","0"
"2023-05-31","GALICIA","1.387","696.049","4.168"
"2023-06-01","A.S. A CORUÑA E CEE","302","143.842","938"
"2023-06-01","A.S. FERROL","111","43.671","350"
"2023-06-01","A.S. LUGO, A MARIÑA E MONFORTE","144","77.933","442"
"2023-06-01","A.S. OURENSE, VERÍN E O BARCO","152","86.453","675"
"2023-06-01","A.S. PONTEVEDRA E O SALNÉS","166","78.513","366"
"2023-06-01","A.S. SANTIAGO E BARBANZA","280","111.157","566"
"2023-06-01","A.S. VIGO","253","152.969","834"
"2023-06-01","SEN A.S. ASIGNADA","0","957","0"
"2023-06-01","GALICIA","1.408","695.495","4.171"
"2023-06-02","A.S. A CORUÑA E CEE","302","143.863","938"
"2023-06-02","A.S. FERROL","108","43.681","350"
"2023-06-02","A.S. LUGO, A MARIÑA E MONFORTE","154","77.946","442"
"2023-06-02","A.S. OURENSE, VERÍN E O BARCO","146","86.470","675"
"2023-06-02","A.S. PONTEVEDRA E O SALNÉS","157","78.534","366"
"2023-06-02","A.S. SANTIAGO E BARBANZA","271","111.186","566"
"2023-06-02","A.S. VIGO","239","153.007","834"
"2023-06-02","SEN A.S. ASIGNADA","0","957","0"
"2023-06-02","GALICIA","1.377","695.644","4.171"
"2023-06-03","A.S. A CORUÑA E CEE","277","143.897","938"
"2023-06-03","A.S. FERROL","103","43.692","350"
"2023-06-03","A.S. LUGO, A MARIÑA E MONFORTE","154","77.960","442"
"2023-06-03","A.S. OURENSE, VERÍN E O BARCO","137","86.482","676"
"2023-06-03","A.S. PONTEVEDRA E O SALNÉS","147","78.552","366"
"2023-06-03","A.S. SANTIAGO E BARBANZA","253","111.209","566"
"2023-06-03","A.S. VIGO","223","153.030","834"
"2023-06-03","SEN A.S. ASIGNADA","0","957","0"
"2023-06-03","GALICIA","1.294","695.779","4.172"
"2023-06-04","A.S. A CORUÑA E CEE","243","143.938","939"
"2023-06-04","A.S. FERROL","93","43.705","350"
"2023-06-04","A.S. LUGO, A MARIÑA E MONFORTE","146","77.979","442"
"2023-06-04","A.S. OURENSE, VERÍN E O BARCO","117","86.505","676"
"2023-06-04","A.S. PONTEVEDRA E O SALNÉS","137","78.568","366"
"2023-06-04","A.S. SANTIAGO E BARBANZA","243","111.232","566"
"2023-06-04","A.S. VIGO","210","153.057","836"
"2023-06-04","SEN A.S. ASIGNADA","0","957","0"
"2023-06-04","GALICIA","1.189","695.941","4.175"
"2023-06-05","A.S. A CORUÑA E CEE","231","143.970","939"
"2023-06-05","A.S. FERROL","87","43.719","350"
"2023-06-05","A.S. LUGO, A MARIÑA E MONFORTE","150","77.991","443"
"2023-06-05","A.S. OURENSE, VERÍN E O BARCO","128","86.518","676"
"2023-06-05","A.S. PONTEVEDRA E O SALNÉS","135","78.580","366"
"2023-06-05","A.S. SANTIAGO E BARBANZA","223","111.263","566"
"2023-06-05","A.S. VIGO","209","153.084","836"
"2023-06-05","SEN A.S. ASIGNADA","0","957","0"
"2023-06-05","GALICIA","1.163","696.082","4.176"
"2023-06-06","A.S. A CORUÑA E CEE","232","144.000","939"
"2023-06-06","A.S. FERROL","78","43.732","350"
"2023-06-06","A.S. LUGO, A MARIÑA E MONFORTE","149","78.011","443"
"2023-06-06","A.S. OURENSE, VERÍN E O BARCO","122","86.532","676"
"2023-06-06","A.S. PONTEVEDRA E O SALNÉS","132","78.599","366"
"2023-06-06","A.S. SANTIAGO E BARBANZA","212","111.289","566"
"2023-06-06","A.S. VIGO","203","153.112","837"
"2023-06-06","SEN A.S. ASIGNADA","0","957","0"
"2023-06-06","GALICIA","1.128","696.232","4.177"
"2023-06-07","A.S. A CORUÑA E CEE","230","144.023","939"
"2023-06-07","A.S. FERROL","79","43.736","350"
"2023-06-07","A.S. LUGO, A MARIÑA E MONFORTE","156","78.022","444"
"2023-06-07","A.S. OURENSE, VERÍN E O BARCO","124","86.544","676"
"2023-06-07","A.S. PONTEVEDRA E O SALNÉS","131","78.611","366"
"2023-06-07","A.S. SANTIAGO E BARBANZA","211","111.305","567"
"2023-06-07","A.S. VIGO","215","153.123","837"
"2023-06-07","SEN A.S. ASIGNADA","0","957","0"
"2023-06-07","GALICIA","1.146","696.321","4.179"
"2023-06-08","A.S. A CORUÑA E CEE","238","144.039","939"
"2023-06-08","A.S. FERROL","73","43.745","350"
"2023-06-08","A.S. LUGO, A MARIÑA E MONFORTE","161","78.030","444"
"2023-06-08","A.S. OURENSE, VERÍN E O BARCO","133","86.550","677"
"2023-06-08","A.S. PONTEVEDRA E O SALNÉS","139","78.614","366"
"2023-06-08","A.S. SANTIAGO E BARBANZA","217","111.319","567"
"2023-06-08","A.S. VIGO","220","153.131","837"
"2023-06-08","SEN A.S. ASIGNADA","0","957","0"
"2023-06-08","GALICIA","1.181","696.385","4.180"
"2023-06-09","A.S. A CORUÑA E CEE","233","144.063","939"
"2023-06-09","A.S. FERROL","67","43.753","350"
"2023-06-09","A.S. LUGO, A MARIÑA E MONFORTE","170","78.042","445"
"2023-06-09","A.S. OURENSE, VERÍN E O BARCO","123","86.567","677"
"2023-06-09","A.S. PONTEVEDRA E O SALNÉS","130","78.629","366"
"2023-06-09","A.S. SANTIAGO E BARBANZA","202","111.354","567"
"2023-06-09","A.S. VIGO","206","153.158","838"
"2023-06-09","SEN A.S. ASIGNADA","0","957","0"
"2023-06-09","GALICIA","1.131","696.523","4.182"
"2023-06-10","A.S. A CORUÑA E CEE","221","144.081","939"
"2023-06-10","A.S. FERROL","56","43.768","350"
"2023-06-10","A.S. LUGO, A MARIÑA E MONFORTE","167","78.054","445"
"2023-06-10","A.S. OURENSE, VERÍN E O BARCO","112","86.582","678"
"2023-06-10","A.S. PONTEVEDRA E O SALNÉS","131","78.641","366"
"2023-06-10","A.S. SANTIAGO E BARBANZA","184","111.381","567"
"2023-06-10","A.S. VIGO","192","153.183","838"
"2023-06-10","SEN A.S. ASIGNADA","0","957","0"
"2023-06-10","GALICIA","1.063","696.647","4.183"
"2023-06-11","A.S. A CORUÑA E CEE","199","144.112","940"
"2023-06-11","A.S. FERROL","51","43.776","350"
"2023-06-11","A.S. LUGO, A MARIÑA E MONFORTE","164","78.064","445"
"2023-06-11","A.S. OURENSE, VERÍN E O BARCO","106","86.593","678"
"2023-06-11","A.S. PONTEVEDRA E O SALNÉS","119","78.659","367"
"2023-06-11","A.S. SANTIAGO E BARBANZA","168","111.412","567"
"2023-06-11","A.S. VIGO","183","153.200","838"
"2023-06-11","SEN A.S. ASIGNADA","0","957","0"
"2023-06-11","GALICIA","990","696.773","4.185"
"2023-06-12","A.S. A CORUÑA E CEE","194","144.144","940"
"2023-06-12","A.S. FERROL","53","43.783","350"
"2023-06-12","A.S. LUGO, A MARIÑA E MONFORTE","166","78.078","445"
"2023-06-12","A.S. OURENSE, VERÍN E O BARCO","105","86.606","678"
"2023-06-12","A.S. PONTEVEDRA E O SALNÉS","117","78.677","367"
"2023-06-12","A.S. SANTIAGO E BARBANZA","155","111.437","567"
"2023-06-12","A.S. VIGO","180","153.223","839"
"2023-06-12","SEN A.S. ASIGNADA","0","957","0"
"2023-06-12","GALICIA","970","696.905","4.186"
"2023-06-13","A.S. A CORUÑA E CEE","189","144.166","941"
"2023-06-13","A.S. FERROL","51","43.791","350"
"2023-06-13","A.S. LUGO, A MARIÑA E MONFORTE","159","78.099","445"
"2023-06-13","A.S. OURENSE, VERÍN E O BARCO","101","86.615","678"
"2023-06-13","A.S. PONTEVEDRA E O SALNÉS","123","78.690","367"
"2023-06-13","A.S. SANTIAGO E BARBANZA","158","111.456","567"
"2023-06-13","A.S. VIGO","172","153.245","839"
"2023-06-13","SEN A.S. ASIGNADA","0","957","0"
"2023-06-13","GALICIA","953","697.019","4.187"
"2023-06-14","A.S. A CORUÑA E CEE","201","144.175","941"
"2023-06-14","A.S. FERROL","53","43.795","350"
"2023-06-14","A.S. LUGO, A MARIÑA E MONFORTE","159","78.111","445"
"2023-06-14","A.S. OURENSE, VERÍN E O BARCO","104","86.618","678"
"2023-06-14","A.S. PONTEVEDRA E O SALNÉS","128","78.697","367"
"2023-06-14","A.S. SANTIAGO E BARBANZA","168","111.461","567"
"2023-06-14","A.S. VIGO","185","153.253","839"
"2023-06-14","SEN A.S. ASIGNADA","0","957","0"
"2023-06-14","GALICIA","998","697.067","4.187"
"2023-06-15","A.S. A CORUÑA E CEE","210","144.183","941"
"2023-06-15","A.S. FERROL","52","43.798","350"
"2023-06-15","A.S. LUGO, A MARIÑA E MONFORTE","155","78.127","445"
"2023-06-15","A.S. OURENSE, VERÍN E O BARCO","113","86.620","678"
"2023-06-15","A.S. PONTEVEDRA E O SALNÉS","136","78.702","367"
"2023-06-15","A.S. SANTIAGO E BARBANZA","168","111.471","567"
"2023-06-15","A.S. VIGO","198","153.265","839"
"2023-06-15","SEN A.S. ASIGNADA","0","957","0"
"2023-06-15","GALICIA","1.032","697.123","4.187"
"2023-06-16","A.S. A CORUÑA E CEE","204","144.201","941"
"2023-06-16","A.S. FERROL","47","43.805","350"
"2023-06-16","A.S. LUGO, A MARIÑA E MONFORTE","152","78.144","445"
"2023-06-16","A.S. OURENSE, VERÍN E O BARCO","98","86.641","678"
"2023-06-16","A.S. PONTEVEDRA E O SALNÉS","134","78.710","367"
"2023-06-16","A.S. SANTIAGO E BARBANZA","176","111.481","569"
"2023-06-16","A.S. VIGO","182","153.291","839"
"2023-06-16","SEN A.S. ASIGNADA","0","957","0"
"2023-06-16","GALICIA","993","697.230","4.189"
"2023-06-17","A.S. A CORUÑA E CEE","191","144.228","941"
"2023-06-17","A.S. FERROL","44","43.810","350"
"2023-06-17","A.S. LUGO, A MARIÑA E MONFORTE","143","78.164","445"
"2023-06-17","A.S. OURENSE, VERÍN E O BARCO","95","86.650","678"
"2023-06-17","A.S. PONTEVEDRA E O SALNÉS","116","78.728","367"
"2023-06-17","A.S. SANTIAGO E BARBANZA","163","111.496","570"
"2023-06-17","A.S. VIGO","163","153.315","839"
"2023-06-17","SEN A.S. ASIGNADA","0","957","0"
"2023-06-17","GALICIA","915","697.348","4.190"
"2023-06-18","A.S. A CORUÑA E CEE","177","144.253","941"
"2023-06-18","A.S. FERROL","41","43.815","350"
"2023-06-18","A.S. LUGO, A MARIÑA E MONFORTE","132","78.180","445"
"2023-06-18","A.S. OURENSE, VERÍN E O BARCO","91","86.663","678"
"2023-06-18","A.S. PONTEVEDRA E O SALNÉS","108","78.739","367"
"2023-06-18","A.S. SANTIAGO E BARBANZA","156","111.512","570"
"2023-06-18","A.S. VIGO","160","153.336","840"
"2023-06-18","SEN A.S. ASIGNADA","0","957","0"
"2023-06-18","GALICIA","865","697.455","4.191"
"2023-06-19","A.S. A CORUÑA E CEE","161","144.276","941"
"2023-06-19","A.S. FERROL","42","43.818","350"
"2023-06-19","A.S. LUGO, A MARIÑA E MONFORTE","134","78.196","446"
"2023-06-19","A.S. OURENSE, VERÍN E O BARCO","87","86.681","678"
"2023-06-19","A.S. PONTEVEDRA E O SALNÉS","108","78.752","367"
"2023-06-19","A.S. SANTIAGO E BARBANZA","155","111.533","570"
"2023-06-19","A.S. VIGO","162","153.351","840"
"2023-06-19","SEN A.S. ASIGNADA","0","957","0"
"2023-06-19","GALICIA","849","697.564","4.192"
"2023-06-20","A.S. A CORUÑA E CEE","164","144.295","942"
"2023-06-20","A.S. FERROL","41","43.822","351"
"2023-06-20","A.S. LUGO, A MARIÑA E MONFORTE","125","78.217","446"
"2023-06-20","A.S. OURENSE, VERÍN E O BARCO","92","86.689","678"
"2023-06-20","A.S. PONTEVEDRA E O SALNÉS","107","78.759","367"
"2023-06-20","A.S. SANTIAGO E BARBANZA","151","111.554","570"
"2023-06-20","A.S. VIGO","163","153.365","841"
"2023-06-20","SEN A.S. ASIGNADA","0","957","0"
"2023-06-20","GALICIA","843","697.658","4.195"
"2023-06-21","A.S. A CORUÑA E CEE","173","144.299","942"
"2023-06-21","A.S. FERROL","40","43.825","351"
"2023-06-21","A.S. LUGO, A MARIÑA E MONFORTE","123","78.223","446"
"2023-06-21","A.S. OURENSE, VERÍN E O BARCO","98","86.694","678"
"2023-06-21","A.S. PONTEVEDRA E O SALNÉS","107","78.771","367"
"2023-06-21","A.S. SANTIAGO E BARBANZA","161","111.563","570"
"2023-06-21","A.S. VIGO","175","153.373","841"
"2023-06-21","SEN A.S. ASIGNADA","0","957","0"
"2023-06-21","GALICIA","877","697.705","4.195"
"2023-06-22","A.S. A CORUÑA E CEE","180","144.308","942"
"2023-06-22","A.S. FERROL","45","43.828","351"
"2023-06-22","A.S. LUGO, A MARIÑA E MONFORTE","127","78.232","446"
"2023-06-22","A.S. OURENSE, VERÍN E O BARCO","98","86.700","678"
"2023-06-22","A.S. PONTEVEDRA E O SALNÉS","112","78.778","367"
"2023-06-22","A.S. SANTIAGO E BARBANZA","158","111.577","570"
"2023-06-22","A.S. VIGO","189","153.384","842"
"2023-06-22","SEN A.S. ASIGNADA","0","957","0"
"2023-06-22","GALICIA","909","697.764","4.196"
"2023-06-23","A.S. A CORUÑA E CEE","170","144.333","943"
"2023-06-23","A.S. FERROL","43","43.837","351"
"2023-06-23","A.S. LUGO, A MARIÑA E MONFORTE","122","78.246","446"
"2023-06-23","A.S. OURENSE, VERÍN E O BARCO","106","86.709","678"
"2023-06-23","A.S. PONTEVEDRA E O SALNÉS","103","78.794","367"
"2023-06-23","A.S. SANTIAGO E BARBANZA","158","111.589","570"
"2023-06-23","A.S. VIGO","185","153.404","843"
"2023-06-23","SEN A.S. ASIGNADA","0","957","0"
"2023-06-23","GALICIA","887","697.869","4.198"
"2023-06-24","A.S. A CORUÑA E CEE","162","144.355","943"
"2023-06-24","A.S. FERROL","41","43.843","351"
"2023-06-24","A.S. LUGO, A MARIÑA E MONFORTE","116","78.260","446"
"2023-06-24","A.S. OURENSE, VERÍN E O BARCO","109","86.714","678"
"2023-06-24","A.S. PONTEVEDRA E O SALNÉS","89","78.812","367"
"2023-06-24","A.S. SANTIAGO E BARBANZA","145","111.609","570"
"2023-06-24","A.S. VIGO","178","153.417","843"
"2023-06-24","SEN A.S. ASIGNADA","0","957","0"
"2023-06-24","GALICIA","840","697.967","4.198"
"2023-06-25","A.S. A CORUÑA E CEE","152","144.375","943"
"2023-06-25","A.S. FERROL","40","43.848","351"
"2023-06-25","A.S. LUGO, A MARIÑA E MONFORTE","112","78.270","446"
"2023-06-25","A.S. OURENSE, VERÍN E O BARCO","109","86.718","678"
"2023-06-25","A.S. PONTEVEDRA E O SALNÉS","83","78.824","367"
"2023-06-25","A.S. SANTIAGO E BARBANZA","133","111.625","570"
"2023-06-25","A.S. VIGO","172","153.438","843"
"2023-06-25","SEN A.S. ASIGNADA","0","957","0"
"2023-06-25","GALICIA","801","698.055","4.198"
"2023-06-26","A.S. A CORUÑA E CEE","149","144.392","943"
"2023-06-26","A.S. FERROL","43","43.849","351"
"2023-06-26","A.S. LUGO, A MARIÑA E MONFORTE","107","78.284","446"
"2023-06-26","A.S. OURENSE, VERÍN E O BARCO","103","86.732","678"
"2023-06-26","A.S. PONTEVEDRA E O SALNÉS","77","78.836","369"
"2023-06-26","A.S. SANTIAGO E BARBANZA","138","111.636","570"
"2023-06-26","A.S. VIGO","175","153.464","843"
"2023-06-26","SEN A.S. ASIGNADA","0","957","0"
"2023-06-26","GALICIA","792","698.150","4.200"
"2023-06-27","A.S. A CORUÑA E CEE","160","144.405","943"
"2023-06-27","A.S. FERROL","44","43.851","351"
"2023-06-27","A.S. LUGO, A MARIÑA E MONFORTE","101","78.300","446"
"2023-06-27","A.S. OURENSE, VERÍN E O BARCO","104","86.740","678"
"2023-06-27","A.S. PONTEVEDRA E O SALNÉS","82","78.842","369"
"2023-06-27","A.S. SANTIAGO E BARBANZA","137","111.654","570"
"2023-06-27","A.S. VIGO","194","153.474","843"
"2023-06-27","SEN A.S. ASIGNADA","0","957","0"
"2023-06-27","GALICIA","822","698.223","4.200"
"2023-06-28","A.S. A CORUÑA E CEE","168","144.417","943"
"2023-06-28","A.S. FERROL","44","43.854","351"
"2023-06-28","A.S. LUGO, A MARIÑA E MONFORTE","98","78.310","446"
"2023-06-28","A.S. OURENSE, VERÍN E O BARCO","105","86.746","678"
"2023-06-28","A.S. PONTEVEDRA E O SALNÉS","86","78.843","369"
"2023-06-28","A.S. SANTIAGO E BARBANZA","151","111.658","570"
"2023-06-28","A.S. VIGO","209","153.480","843"
"2023-06-28","SEN A.S. ASIGNADA","0","957","0"
"2023-06-28","GALICIA","861","698.265","4.200"
"2023-06-29","A.S. A CORUÑA E CEE","181","144.428","943"
"2023-06-29","A.S. FERROL","49","43.856","351"
"2023-06-29","A.S. LUGO, A MARIÑA E MONFORTE","106","78.316","446"
"2023-06-29","A.S. OURENSE, VERÍN E O BARCO","102","86.755","678"
"2023-06-29","A.S. PONTEVEDRA E O SALNÉS","90","78.846","369"
"2023-06-29","A.S. SANTIAGO E BARBANZA","151","111.667","570"
"2023-06-29","A.S. VIGO","206","153.499","843"
"2023-06-29","SEN A.S. ASIGNADA","0","957","0"
"2023-06-29","GALICIA","885","698.324","4.200"
"2023-06-30","A.S. A CORUÑA E CEE","190","144.437","943"
"2023-06-30","A.S. FERROL","49","43.859","352"
"2023-06-30","A.S. LUGO, A MARIÑA E MONFORTE","90","78.335","447"
"2023-06-30","A.S. OURENSE, VERÍN E O BARCO","95","86.770","678"
"2023-06-30","A.S. PONTEVEDRA E O SALNÉS","82","78.859","369"
"2023-06-30","A.S. SANTIAGO E BARBANZA","151","111.687","570"
"2023-06-30","A.S. VIGO","212","153.515","843"
"2023-06-30","SEN A.S. ASIGNADA","0","957","0"
"2023-06-30","GALICIA","869","698.419","4.202"
"2023-07-01","A.S. A CORUÑA E CEE","169","144.228","943"
"2023-07-01","A.S. FERROL","45","43.809","352"
"2023-07-01","A.S. LUGO, A MARIÑA E MONFORTE","86","78.265","447"
"2023-07-01","A.S. OURENSE, VERÍN E O BARCO","92","86.681","678"
"2023-07-01","A.S. PONTEVEDRA E O SALNÉS","76","78.749","369"
"2023-07-01","A.S. SANTIAGO E BARBANZA","141","111.558","570"
"2023-07-01","A.S. VIGO","202","153.430","843"
"2023-07-01","SEN A.S. ASIGNADA","0","953","0"
"2023-07-01","GALICIA","811","697.673","4.202"
"2023-07-02","A.S. A CORUÑA E CEE","171","144.238","943"
"2023-07-02","A.S. FERROL","45","43.811","352"
"2023-07-02","A.S. LUGO, A MARIÑA E MONFORTE","88","78.268","447"
"2023-07-02","A.S. OURENSE, VERÍN E O BARCO","91","86.690","678"
"2023-07-02","A.S. PONTEVEDRA E O SALNÉS","67","78.760","369"
"2023-07-02","A.S. SANTIAGO E BARBANZA","125","111.577","570"
"2023-07-02","A.S. VIGO","190","153.448","843"
"2023-07-02","SEN A.S. ASIGNADA","0","953","0"
"2023-07-02","GALICIA","777","697.745","4.202"
"2023-07-03","A.S. A CORUÑA E CEE","167","144.256","943"
"2023-07-03","A.S. FERROL","40","43.819","352"
"2023-07-03","A.S. LUGO, A MARIÑA E MONFORTE","86","78.283","447"
"2023-07-03","A.S. OURENSE, VERÍN E O BARCO","96","86.698","678"
"2023-07-03","A.S. PONTEVEDRA E O SALNÉS","63","78.771","369"
"2023-07-03","A.S. SANTIAGO E BARBANZA","125","111.588","570"
"2023-07-03","A.S. VIGO","178","153.470","844"
"2023-07-03","SEN A.S. ASIGNADA","0","953","0"
"2023-07-03","GALICIA","755","697.838","4.203"
"2023-07-04","A.S. A CORUÑA E CEE","168","144.276","943"
"2023-07-04","A.S. FERROL","39","43.826","353"
"2023-07-04","A.S. LUGO, A MARIÑA E MONFORTE","90","78.292","447"
"2023-07-04","A.S. OURENSE, VERÍN E O BARCO","88","86.714","678"
"2023-07-04","A.S. PONTEVEDRA E O SALNÉS","61","78.778","369"
"2023-07-04","A.S. SANTIAGO E BARBANZA","133","111.599","570"
"2023-07-04","A.S. VIGO","179","153.486","844"
"2023-07-04","SEN A.S. ASIGNADA","0","953","0"
"2023-07-04","GALICIA","758","697.924","4.204"
"2023-07-05","A.S. A CORUÑA E CEE","174","144.289","943"
"2023-07-05","A.S. FERROL","41","43.830","353"
"2023-07-05","A.S. LUGO, A MARIÑA E MONFORTE","89","78.300","447"
"2023-07-05","A.S. OURENSE, VERÍN E O BARCO","93","86.722","678"
"2023-07-05","A.S. PONTEVEDRA E O SALNÉS","63","78.781","369"
"2023-07-05","A.S. SANTIAGO E BARBANZA","138","111.606","571"
"2023-07-05","A.S. VIGO","193","153.491","844"
"2023-07-05","SEN A.S. ASIGNADA","0","953","0"
"2023-07-05","GALICIA","791","697.972","4.205"
"2023-07-06","A.S. A CORUÑA E CEE","190","144.296","943"
"2023-07-06","A.S. FERROL","44","43.834","353"
"2023-07-06","A.S. LUGO, A MARIÑA E MONFORTE","94","78.305","447"
"2023-07-06","A.S. OURENSE, VERÍN E O BARCO","100","86.727","678"
"2023-07-06","A.S. PONTEVEDRA E O SALNÉS","61","78.787","369"
"2023-07-06","A.S. SANTIAGO E BARBANZA","154","111.609","571"
"2023-07-06","A.S. VIGO","191","153.507","844"
"2023-07-06","SEN A.S. ASIGNADA","0","953","0"
"2023-07-06","GALICIA","834","698.018","4.205"
"2023-07-07","A.S. A CORUÑA E CEE","203","144.309","943"
"2023-07-07","A.S. FERROL","45","43.837","353"
"2023-07-07","A.S. LUGO, A MARIÑA E MONFORTE","91","78.314","448"
"2023-07-07","A.S. OURENSE, VERÍN E O BARCO","97","86.737","678"
"2023-07-07","A.S. PONTEVEDRA E O SALNÉS","62","78.794","370"
"2023-07-07","A.S. SANTIAGO E BARBANZA","146","111.627","571"
"2023-07-07","A.S. VIGO","180","153.534","844"
"2023-07-07","SEN A.S. ASIGNADA","0","953","0"
"2023-07-07","GALICIA","824","698.105","4.207"
"2023-07-08","A.S. A CORUÑA E CEE","199","144.330","943"
"2023-07-08","A.S. FERROL","44","43.839","354"
"2023-07-08","A.S. LUGO, A MARIÑA E MONFORTE","88","78.324","449"
"2023-07-08","A.S. OURENSE, VERÍN E O BARCO","95","86.745","678"
"2023-07-08","A.S. PONTEVEDRA E O SALNÉS","56","78.806","370"
"2023-07-08","A.S. SANTIAGO E BARBANZA","145","111.644","571"
"2023-07-08","A.S. VIGO","164","153.562","844"
"2023-07-08","SEN A.S. ASIGNADA","0","953","0"
"2023-07-08","GALICIA","791","698.203","4.209"
"2023-07-09","A.S. A CORUÑA E CEE","186","144.349","943"
"2023-07-09","A.S. FERROL","44","43.842","354"
"2023-07-09","A.S. LUGO, A MARIÑA E MONFORTE","84","78.331","449"
"2023-07-09","A.S. OURENSE, VERÍN E O BARCO","92","86.752","678"
"2023-07-09","A.S. PONTEVEDRA E O SALNÉS","56","78.811","370"
"2023-07-09","A.S. SANTIAGO E BARBANZA","138","111.658","571"
"2023-07-09","A.S. VIGO","146","153.582","844"
"2023-07-09","SEN A.S. ASIGNADA","0","953","0"
"2023-07-09","GALICIA","746","698.278","4.209"
"2023-07-10","A.S. A CORUÑA E CEE","186","144.370","943"
"2023-07-10","A.S. FERROL","42","43.849","354"
"2023-07-10","A.S. LUGO, A MARIÑA E MONFORTE","86","78.342","449"
"2023-07-10","A.S. OURENSE, VERÍN E O BARCO","92","86.759","678"
"2023-07-10","A.S. PONTEVEDRA E O SALNÉS","60","78.818","370"
"2023-07-10","A.S. SANTIAGO E BARBANZA","144","111.668","571"
"2023-07-10","A.S. VIGO","153","153.597","844"
"2023-07-10","SEN A.S. ASIGNADA","0","953","0"
"2023-07-10","GALICIA","763","698.356","4.209"
"2023-07-11","A.S. A CORUÑA E CEE","194","144.385","943"
"2023-07-11","A.S. FERROL","49","43.853","354"
"2023-07-11","A.S. LUGO, A MARIÑA E MONFORTE","91","78.345","449"
"2023-07-11","A.S. OURENSE, VERÍN E O BARCO","103","86.767","678"
"2023-07-11","A.S. PONTEVEDRA E O SALNÉS","62","78.822","370"
"2023-07-11","A.S. SANTIAGO E BARBANZA","138","111.688","571"
"2023-07-11","A.S. VIGO","154","153.620","844"
"2023-07-11","SEN A.S. ASIGNADA","0","953","0"
"2023-07-11","GALICIA","791","698.433","4.209"
"2023-07-12","A.S. A CORUÑA E CEE","200","144.395","943"
"2023-07-12","A.S. FERROL","57","43.853","354"
"2023-07-12","A.S. LUGO, A MARIÑA E MONFORTE","95","78.351","449"
"2023-07-12","A.S. OURENSE, VERÍN E O BARCO","111","86.775","678"
"2023-07-12","A.S. PONTEVEDRA E O SALNÉS","62","78.825","370"
"2023-07-12","A.S. SANTIAGO E BARBANZA","151","111.696","571"
"2023-07-12","A.S. VIGO","164","153.630","845"
"2023-07-12","SEN A.S. ASIGNADA","0","953","0"
"2023-07-12","GALICIA","840","698.478","4.210"
"2023-07-13","A.S. A CORUÑA E CEE","205","144.407","943"
"2023-07-13","A.S. FERROL","65","43.854","354"
"2023-07-13","A.S. LUGO, A MARIÑA E MONFORTE","103","78.355","449"
"2023-07-13","A.S. OURENSE, VERÍN E O BARCO","114","86.783","678"
"2023-07-13","A.S. PONTEVEDRA E O SALNÉS","69","78.827","370"
"2023-07-13","A.S. SANTIAGO E BARBANZA","171","111.700","571"
"2023-07-13","A.S. VIGO","173","153.637","845"
"2023-07-13","SEN A.S. ASIGNADA","0","953","0"
"2023-07-13","GALICIA","900","698.516","4.210"
"2023-07-14","A.S. A CORUÑA E CEE","214","144.422","943"
"2023-07-14","A.S. FERROL","65","43.857","354"
"2023-07-14","A.S. LUGO, A MARIÑA E MONFORTE","101","78.369","449"
"2023-07-14","A.S. OURENSE, VERÍN E O BARCO","108","86.796","678"
"2023-07-14","A.S. PONTEVEDRA E O SALNÉS","71","78.833","370"
"2023-07-14","A.S. SANTIAGO E BARBANZA","178","111.711","571"
"2023-07-14","A.S. VIGO","192","153.649","845"
"2023-07-14","SEN A.S. ASIGNADA","0","953","0"
"2023-07-14","GALICIA","929","698.590","4.210"
"2023-07-15","A.S. A CORUÑA E CEE","223","144.444","943"
"2023-07-15","A.S. FERROL","62","43.864","354"
"2023-07-15","A.S. LUGO, A MARIÑA E MONFORTE","93","78.382","449"
"2023-07-15","A.S. OURENSE, VERÍN E O BARCO","104","86.804","678"
"2023-07-15","A.S. PONTEVEDRA E O SALNÉS","75","78.837","370"
"2023-07-15","A.S. SANTIAGO E BARBANZA","167","111.730","571"
"2023-07-15","A.S. VIGO","185","153.666","845"
"2023-07-15","SEN A.S. ASIGNADA","0","953","0"
"2023-07-15","GALICIA","909","698.680","4.210"
"2023-07-16","A.S. A CORUÑA E CEE","212","144.464","943"
"2023-07-16","A.S. FERROL","61","43.870","354"
"2023-07-16","A.S. LUGO, A MARIÑA E MONFORTE","93","78.388","449"
"2023-07-16","A.S. OURENSE, VERÍN E O BARCO","97","86.816","678"
"2023-07-16","A.S. PONTEVEDRA E O SALNÉS","73","78.842","370"
"2023-07-16","A.S. SANTIAGO E BARBANZA","166","111.742","571"
"2023-07-16","A.S. VIGO","175","153.685","845"
"2023-07-16","SEN A.S. ASIGNADA","0","953","0"
"2023-07-16","GALICIA","877","698.760","4.210"
"2023-07-17","A.S. A CORUÑA E CEE","214","144.485","943"
"2023-07-17","A.S. FERROL","57","43.878","354"
"2023-07-17","A.S. LUGO, A MARIÑA E MONFORTE","88","78.398","449"
"2023-07-17","A.S. OURENSE, VERÍN E O BARCO","93","86.828","678"
"2023-07-17","A.S. PONTEVEDRA E O SALNÉS","80","78.846","370"
"2023-07-17","A.S. SANTIAGO E BARBANZA","160","111.762","571"
"2023-07-17","A.S. VIGO","181","153.697","845"
"2023-07-17","SEN A.S. ASIGNADA","0","953","0"
"2023-07-17","GALICIA","873","698.847","4.210"
"2023-07-18","A.S. A CORUÑA E CEE","243","144.510","943"
"2023-07-18","A.S. FERROL","63","43.881","354"
"2023-07-18","A.S. LUGO, A MARIÑA E MONFORTE","92","78.406","449"
"2023-07-18","A.S. OURENSE, VERÍN E O BARCO","94","86.838","678"
"2023-07-18","A.S. PONTEVEDRA E O SALNÉS","85","78.857","370"
"2023-07-18","A.S. SANTIAGO E BARBANZA","170","111.771","571"
"2023-07-18","A.S. VIGO","184","153.715","845"
"2023-07-18","SEN A.S. ASIGNADA","0","953","0"
"2023-07-18","GALICIA","931","698.931","4.210"
"2023-07-19","A.S. A CORUÑA E CEE","248","144.527","943"
"2023-07-19","A.S. FERROL","72","43.882","354"
"2023-07-19","A.S. LUGO, A MARIÑA E MONFORTE","96","78.412","449"
"2023-07-19","A.S. OURENSE, VERÍN E O BARCO","105","86.846","678"
"2023-07-19","A.S. PONTEVEDRA E O SALNÉS","94","78.863","370"
"2023-07-19","A.S. SANTIAGO E BARBANZA","173","111.787","571"
"2023-07-19","A.S. VIGO","198","153.725","845"
"2023-07-19","SEN A.S. ASIGNADA","0","953","0"
"2023-07-19","GALICIA","986","698.995","4.210"
"2023-07-20","A.S. A CORUÑA E CEE","284","144.534","943"
"2023-07-20","A.S. FERROL","77","43.885","354"
"2023-07-20","A.S. LUGO, A MARIÑA E MONFORTE","108","78.415","449"
"2023-07-20","A.S. OURENSE, VERÍN E O BARCO","118","86.848","678"
"2023-07-20","A.S. PONTEVEDRA E O SALNÉS","104","78.868","370"
"2023-07-20","A.S. SANTIAGO E BARBANZA","185","111.794","571"
"2023-07-20","A.S. VIGO","234","153.729","845"
"2023-07-20","SEN A.S. ASIGNADA","0","953","0"
"2023-07-20","GALICIA","1.110","699.026","4.210"
"2023-07-21","A.S. A CORUÑA E CEE","286","144.556","943"
"2023-07-21","A.S. FERROL","86","43.890","354"
"2023-07-21","A.S. LUGO, A MARIÑA E MONFORTE","106","78.428","449"
"2023-07-21","A.S. OURENSE, VERÍN E O BARCO","126","86.854","678"
"2023-07-21","A.S. PONTEVEDRA E O SALNÉS","109","78.879","370"
"2023-07-21","A.S. SANTIAGO E BARBANZA","181","111.811","571"
"2023-07-21","A.S. VIGO","245","153.750","845"
"2023-07-21","SEN A.S. ASIGNADA","0","953","0"
"2023-07-21","GALICIA","1.139","699.121","4.210"
"2023-07-22","A.S. A CORUÑA E CEE","279","144.580","943"
"2023-07-22","A.S. FERROL","83","43.901","354"
"2023-07-22","A.S. LUGO, A MARIÑA E MONFORTE","104","78.436","449"
"2023-07-22","A.S. OURENSE, VERÍN E O BARCO","119","86.869","678"
"2023-07-22","A.S. PONTEVEDRA E O SALNÉS","109","78.885","370"
"2023-07-22","A.S. SANTIAGO E BARBANZA","177","111.826","571"
"2023-07-22","A.S. VIGO","228","153.776","845"
"2023-07-22","SEN A.S. ASIGNADA","0","953","0"
"2023-07-22","GALICIA","1.099","699.226","4.210"
"2023-07-23","A.S. A CORUÑA E CEE","281","144.595","943"
"2023-07-23","A.S. FERROL","80","43.909","354"
"2023-07-23","A.S. LUGO, A MARIÑA E MONFORTE","104","78.445","449"
"2023-07-23","A.S. OURENSE, VERÍN E O BARCO","111","86.885","678"
"2023-07-23","A.S. PONTEVEDRA E O SALNÉS","118","78.888","370"
"2023-07-23","A.S. SANTIAGO E BARBANZA","167","111.846","571"
"2023-07-23","A.S. VIGO","216","153.797","845"
"2023-07-23","SEN A.S. ASIGNADA","0","953","0"
"2023-07-23","GALICIA","1.077","699.318","4.210"
"2023-07-24","A.S. A CORUÑA E CEE","308","144.612","943"
"2023-07-24","A.S. FERROL","83","43.918","354"
"2023-07-24","A.S. LUGO, A MARIÑA E MONFORTE","108","78.458","449"
"2023-07-24","A.S. OURENSE, VERÍN E O BARCO","115","86.897","678"
"2023-07-24","A.S. PONTEVEDRA E O SALNÉS","128","78.895","370"
"2023-07-24","A.S. SANTIAGO E BARBANZA","166","111.870","571"
"2023-07-24","A.S. VIGO","226","153.813","845"
"2023-07-24","SEN A.S. ASIGNADA","0","953","0"
"2023-07-24","GALICIA","1.134","699.416","4.210"
"2023-07-25","A.S. A CORUÑA E CEE","304","144.637","943"
"2023-07-25","A.S. FERROL","92","43.921","354"
"2023-07-25","A.S. LUGO, A MARIÑA E MONFORTE","104","78.470","449"
"2023-07-25","A.S. OURENSE, VERÍN E O BARCO","118","86.904","678"
"2023-07-25","A.S. PONTEVEDRA E O SALNÉS","128","78.903","370"
"2023-07-25","A.S. SANTIAGO E BARBANZA","168","111.887","571"
"2023-07-25","A.S. VIGO","211","153.842","845"
"2023-07-25","SEN A.S. ASIGNADA","0","953","0"
"2023-07-25","GALICIA","1.125","699.517","4.210"
"2023-07-26","A.S. A CORUÑA E CEE","304","144.668","943"
"2023-07-26","A.S. FERROL","106","43.926","354"
"2023-07-26","A.S. LUGO, A MARIÑA E MONFORTE","112","78.475","449"
"2023-07-26","A.S. OURENSE, VERÍN E O BARCO","135","86.909","678"
"2023-07-26","A.S. PONTEVEDRA E O SALNÉS","140","78.910","370"
"2023-07-26","A.S. SANTIAGO E BARBANZA","183","111.898","571"
"2023-07-26","A.S. VIGO","230","153.852","845"
"2023-07-26","SEN A.S. ASIGNADA","0","953","0"
"2023-07-26","GALICIA","1.210","699.591","4.210"
"2023-07-27","A.S. A CORUÑA E CEE","343","144.677","943"
"2023-07-27","A.S. FERROL","108","43.934","354"
"2023-07-27","A.S. LUGO, A MARIÑA E MONFORTE","126","78.481","449"
"2023-07-27","A.S. OURENSE, VERÍN E O BARCO","138","86.916","678"
"2023-07-27","A.S. PONTEVEDRA E O SALNÉS","159","78.913","370"
"2023-07-27","A.S. SANTIAGO E BARBANZA","199","111.908","571"
"2023-07-27","A.S. VIGO","261","153.862","845"
"2023-07-27","SEN A.S. ASIGNADA","0","953","0"
"2023-07-27","GALICIA","1.334","699.644","4.210"
"2023-07-28","A.S. A CORUÑA E CEE","354","144.702","943"
"2023-07-28","A.S. FERROL","113","43.938","354"
"2023-07-28","A.S. LUGO, A MARIÑA E MONFORTE","140","78.487","449"
"2023-07-28","A.S. OURENSE, VERÍN E O BARCO","142","86.925","678"
"2023-07-28","A.S. PONTEVEDRA E O SALNÉS","160","78.927","370"
"2023-07-28","A.S. SANTIAGO E BARBANZA","211","111.920","571"
"2023-07-28","A.S. VIGO","279","153.882","845"
"2023-07-28","SEN A.S. ASIGNADA","0","953","0"
"2023-07-28","GALICIA","1.399","699.734","4.210"
"2023-07-29","A.S. A CORUÑA E CEE","346","144.751","943"
"2023-07-29","A.S. FERROL","117","43.944","354"
"2023-07-29","A.S. LUGO, A MARIÑA E MONFORTE","140","78.499","449"
"2023-07-29","A.S. OURENSE, VERÍN E O BARCO","142","86.934","678"
"2023-07-29","A.S. PONTEVEDRA E O SALNÉS","161","78.941","370"
"2023-07-29","A.S. SANTIAGO E BARBANZA","222","111.939","571"
"2023-07-29","A.S. VIGO","272","153.902","845"
"2023-07-29","SEN A.S. ASIGNADA","0","953","0"
"2023-07-29","GALICIA","1.400","699.863","4.210"
"2023-07-30","A.S. A CORUÑA E CEE","351","144.774","943"
"2023-07-30","A.S. FERROL","114","43.954","354"
"2023-07-30","A.S. LUGO, A MARIÑA E MONFORTE","142","78.508","449"
"2023-07-30","A.S. OURENSE, VERÍN E O BARCO","140","86.952","678"
"2023-07-30","A.S. PONTEVEDRA E O SALNÉS","158","78.956","370"
"2023-07-30","A.S. SANTIAGO E BARBANZA","220","111.959","571"
"2023-07-30","A.S. VIGO","264","153.923","845"
"2023-07-30","SEN A.S. ASIGNADA","1","953","0"
"2023-07-30","GALICIA","1.390","699.979","4.210"
"2023-07-31","A.S. A CORUÑA E CEE","372","144.819","943"
"2023-07-31","A.S. FERROL","120","43.963","354"
"2023-07-31","A.S. LUGO, A MARIÑA E MONFORTE","147","78.524","449"
"2023-07-31","A.S. OURENSE, VERÍN E O BARCO","158","86.964","678"
"2023-07-31","A.S. PONTEVEDRA E O SALNÉS","159","78.967","370"
"2023-07-31","A.S. SANTIAGO E BARBANZA","243","111.977","571"
"2023-07-31","A.S. VIGO","259","153.961","845"
"2023-07-31","SEN A.S. ASIGNADA","1","953","0"
"2023-07-31","GALICIA","1.459","700.128","4.210"
"2023-08-01","A.S. A CORUÑA E CEE","369","144.252","943"
"2023-08-01","A.S. FERROL","126","43.823","354"
"2023-08-01","A.S. LUGO, A MARIÑA E MONFORTE","157","78.267","449"
"2023-08-01","A.S. OURENSE, VERÍN E O BARCO","170","86.639","678"
"2023-08-01","A.S. PONTEVEDRA E O SALNÉS","157","78.783","370"
"2023-08-01","A.S. SANTIAGO E BARBANZA","266","111.635","571"
"2023-08-01","A.S. VIGO","261","153.740","845"
"2023-08-01","SEN A.S. ASIGNADA","1","947","0"
"2023-08-01","GALICIA","1.507","698.086","4.210"
"2023-08-02","A.S. A CORUÑA E CEE","412","144.274","943"
"2023-08-02","A.S. FERROL","125","43.831","354"
"2023-08-02","A.S. LUGO, A MARIÑA E MONFORTE","174","78.273","449"
"2023-08-02","A.S. OURENSE, VERÍN E O BARCO","182","86.652","678"
"2023-08-02","A.S. PONTEVEDRA E O SALNÉS","171","78.789","370"
"2023-08-02","A.S. SANTIAGO E BARBANZA","315","111.648","571"
"2023-08-02","A.S. VIGO","294","153.749","845"
"2023-08-02","SEN A.S. ASIGNADA","1","947","0"
"2023-08-02","GALICIA","1.674","698.163","4.210"
"2023-08-03","A.S. A CORUÑA E CEE","469","144.292","943"
"2023-08-03","A.S. FERROL","154","43.834","354"
"2023-08-03","A.S. LUGO, A MARIÑA E MONFORTE","185","78.283","449"
"2023-08-03","A.S. OURENSE, VERÍN E O BARCO","200","86.661","678"
"2023-08-03","A.S. PONTEVEDRA E O SALNÉS","178","78.801","370"
"2023-08-03","A.S. SANTIAGO E BARBANZA","336","111.659","571"
"2023-08-03","A.S. VIGO","317","153.756","845"
"2023-08-03","SEN A.S. ASIGNADA","1","947","0"
"2023-08-03","GALICIA","1.840","698.233","4.210"
"2023-08-04","A.S. A CORUÑA E CEE","492","144.334","943"
"2023-08-04","A.S. FERROL","163","43.846","354"
"2023-08-04","A.S. LUGO, A MARIÑA E MONFORTE","196","78.300","449"
"2023-08-04","A.S. OURENSE, VERÍN E O BARCO","207","86.678","678"
"2023-08-04","A.S. PONTEVEDRA E O SALNÉS","176","78.820","370"
"2023-08-04","A.S. SANTIAGO E BARBANZA","349","111.681","571"
"2023-08-04","A.S. VIGO","327","153.781","845"
"2023-08-04","SEN A.S. ASIGNADA","1","947","0"
"2023-08-04","GALICIA","1.911","698.387","4.210"
"2023-08-05","A.S. A CORUÑA E CEE","508","144.355","943"
"2023-08-05","A.S. FERROL","167","43.858","354"
"2023-08-05","A.S. LUGO, A MARIÑA E MONFORTE","209","78.308","449"
"2023-08-05","A.S. OURENSE, VERÍN E O BARCO","210","86.687","678"
"2023-08-05","A.S. PONTEVEDRA E O SALNÉS","174","78.828","370"
"2023-08-05","A.S. SANTIAGO E BARBANZA","357","111.697","571"
"2023-08-05","A.S. VIGO","324","153.797","845"
"2023-08-05","SEN A.S. ASIGNADA","1","947","0"
"2023-08-05","GALICIA","1.950","698.477","4.210"
"2023-08-06","A.S. A CORUÑA E CEE","517","144.383","943"
"2023-08-06","A.S. FERROL","163","43.877","354"
"2023-08-06","A.S. LUGO, A MARIÑA E MONFORTE","204","78.322","449"
"2023-08-06","A.S. OURENSE, VERÍN E O BARCO","206","86.707","678"
"2023-08-06","A.S. PONTEVEDRA E O SALNÉS","161","78.847","370"
"2023-08-06","A.S. SANTIAGO E BARBANZA","364","111.722","571"
"2023-08-06","A.S. VIGO","313","153.825","845"
"2023-08-06","SEN A.S. ASIGNADA","1","947","0"
"2023-08-06","GALICIA","1.929","698.630","4.210"
"2023-08-07","A.S. A CORUÑA E CEE","552","144.425","943"
"2023-08-07","A.S. FERROL","183","43.889","354"
"2023-08-07","A.S. LUGO, A MARIÑA E MONFORTE","217","78.345","449"
"2023-08-07","A.S. OURENSE, VERÍN E O BARCO","237","86.717","678"
"2023-08-07","A.S. PONTEVEDRA E O SALNÉS","157","78.866","370"
"2023-08-07","A.S. SANTIAGO E BARBANZA","398","111.747","571"
"2023-08-07","A.S. VIGO","315","153.865","845"
"2023-08-07","SEN A.S. ASIGNADA","2","947","0"
"2023-08-07","GALICIA","2.061","698.801","4.210"
"2023-08-08","A.S. A CORUÑA E CEE","579","144.463","943"
"2023-08-08","A.S. FERROL","202","43.899","354"
"2023-08-08","A.S. LUGO, A MARIÑA E MONFORTE","247","78.363","449"
"2023-08-08","A.S. OURENSE, VERÍN E O BARCO","269","86.731","678"
"2023-08-08","A.S. PONTEVEDRA E O SALNÉS","167","78.883","370"
"2023-08-08","A.S. SANTIAGO E BARBANZA","424","111.771","571"
"2023-08-08","A.S. VIGO","324","153.902","845"
"2023-08-08","SEN A.S. ASIGNADA","2","947","0"
"2023-08-08","GALICIA","2.214","698.959","4.210"
"2023-08-09","A.S. A CORUÑA E CEE","635","144.496","943"
"2023-08-09","A.S. FERROL","214","43.909","354"
"2023-08-09","A.S. LUGO, A MARIÑA E MONFORTE","258","78.377","449"
"2023-08-09","A.S. OURENSE, VERÍN E O BARCO","300","86.740","678"
"2023-08-09","A.S. PONTEVEDRA E O SALNÉS","179","78.898","370"
"2023-08-09","A.S. SANTIAGO E BARBANZA","437","111.803","571"
"2023-08-09","A.S. VIGO","349","153.918","845"
"2023-08-09","SEN A.S. ASIGNADA","2","947","0"
"2023-08-09","GALICIA","2.374","699.088","4.210"
"2023-08-10","A.S. A CORUÑA E CEE","676","144.523","943"
"2023-08-10","A.S. FERROL","227","43.916","354"
"2023-08-10","A.S. LUGO, A MARIÑA E MONFORTE","287","78.386","449"
"2023-08-10","A.S. OURENSE, VERÍN E O BARCO","315","86.758","678"
"2023-08-10","A.S. PONTEVEDRA E O SALNÉS","192","78.911","370"
"2023-08-10","A.S. SANTIAGO E BARBANZA","467","111.822","571"
"2023-08-10","A.S. VIGO","379","153.930","845"
"2023-08-10","SEN A.S. ASIGNADA","1","948","0"
"2023-08-10","GALICIA","2.544","699.194","4.210"
"2023-08-11","A.S. A CORUÑA E CEE","676","144.589","943"
"2023-08-11","A.S. FERROL","236","43.933","354"
"2023-08-11","A.S. LUGO, A MARIÑA E MONFORTE","299","78.410","449"
"2023-08-11","A.S. OURENSE, VERÍN E O BARCO","343","86.783","678"
"2023-08-11","A.S. PONTEVEDRA E O SALNÉS","196","78.924","370"
"2023-08-11","A.S. SANTIAGO E BARBANZA","481","111.863","571"
"2023-08-11","A.S. VIGO","369","153.967","845"
"2023-08-11","SEN A.S. ASIGNADA","1","948","0"
"2023-08-11","GALICIA","2.601","699.417","4.210"
"2023-08-12","A.S. A CORUÑA E CEE","685","144.622","943"
"2023-08-12","A.S. FERROL","235","43.949","354"
"2023-08-12","A.S. LUGO, A MARIÑA E MONFORTE","290","78.434","449"
"2023-08-12","A.S. OURENSE, VERÍN E O BARCO","334","86.812","678"
"2023-08-12","A.S. PONTEVEDRA E O SALNÉS","192","78.942","370"
"2023-08-12","A.S. SANTIAGO E BARBANZA","481","111.904","571"
"2023-08-12","A.S. VIGO","347","154.005","845"
"2023-08-12","SEN A.S. ASIGNADA","1","948","0"
"2023-08-12","GALICIA","2.565","699.616","4.210"
"2023-08-13","A.S. A CORUÑA E CEE","646","144.687","943"
"2023-08-13","A.S. FERROL","238","43.957","354"
"2023-08-13","A.S. LUGO, A MARIÑA E MONFORTE","293","78.456","449"
"2023-08-13","A.S. OURENSE, VERÍN E O BARCO","324","86.837","678"
"2023-08-13","A.S. PONTEVEDRA E O SALNÉS","192","78.960","370"
"2023-08-13","A.S. SANTIAGO E BARBANZA","458","111.966","571"
"2023-08-13","A.S. VIGO","335","154.046","845"
"2023-08-13","SEN A.S. ASIGNADA","1","948","0"
"2023-08-13","GALICIA","2.487","699.857","4.210"
"2023-08-14","A.S. A CORUÑA E CEE","643","144.757","943"
"2023-08-14","A.S. FERROL","222","43.992","354"
"2023-08-14","A.S. LUGO, A MARIÑA E MONFORTE","315","78.475","449"
"2023-08-14","A.S. OURENSE, VERÍN E O BARCO","353","86.864","678"
"2023-08-14","A.S. PONTEVEDRA E O SALNÉS","189","78.978","370"
"2023-08-14","A.S. SANTIAGO E BARBANZA","485","111.999","571"
"2023-08-14","A.S. VIGO","344","154.075","845"
"2023-08-14","SEN A.S. ASIGNADA","1","948","0"
"2023-08-14","GALICIA","2.552","700.088","4.210"
"2023-08-15","A.S. A CORUÑA E CEE","617","144.820","943"
"2023-08-15","A.S. FERROL","213","44.010","354"
"2023-08-15","A.S. LUGO, A MARIÑA E MONFORTE","310","78.504","449"
"2023-08-15","A.S. OURENSE, VERÍN E O BARCO","352","86.889","678"
"2023-08-15","A.S. PONTEVEDRA E O SALNÉS","190","78.993","370"
"2023-08-15","A.S. SANTIAGO E BARBANZA","485","112.036","571"
"2023-08-15","A.S. VIGO","332","154.106","845"
"2023-08-15","SEN A.S. ASIGNADA","1","948","0"
"2023-08-15","GALICIA","2.500","700.306","4.210"
"2023-08-16","A.S. A CORUÑA E CEE","662","144.861","943"
"2023-08-16","A.S. FERROL","224","44.028","354"
"2023-08-16","A.S. LUGO, A MARIÑA E MONFORTE","323","78.529","449"
"2023-08-16","A.S. OURENSE, VERÍN E O BARCO","384","86.903","678"
"2023-08-16","A.S. PONTEVEDRA E O SALNÉS","206","79.000","370"
"2023-08-16","A.S. SANTIAGO E BARBANZA","524","112.059","571"
"2023-08-16","A.S. VIGO","345","154.117","845"
"2023-08-16","SEN A.S. ASIGNADA","1","948","0"
"2023-08-16","GALICIA","2.669","700.445","4.210"
"2023-08-17","A.S. A CORUÑA E CEE","701","144.903","943"
"2023-08-17","A.S. FERROL","225","44.043","354"
"2023-08-17","A.S. LUGO, A MARIÑA E MONFORTE","348","78.542","449"
"2023-08-17","A.S. OURENSE, VERÍN E O BARCO","416","86.925","678"
"2023-08-17","A.S. PONTEVEDRA E O SALNÉS","228","79.006","370"
"2023-08-17","A.S. SANTIAGO E BARBANZA","548","112.090","571"
"2023-08-17","A.S. VIGO","380","154.138","845"
"2023-08-17","SEN A.S. ASIGNADA","1","948","0"
"2023-08-17","GALICIA","2.847","700.595","4.210"
"2023-08-18","A.S. A CORUÑA E CEE","710","144.981","943"
"2023-08-18","A.S. FERROL","212","44.077","354"
"2023-08-18","A.S. LUGO, A MARIÑA E MONFORTE","364","78.580","449"
"2023-08-18","A.S. OURENSE, VERÍN E O BARCO","430","86.963","678"
"2023-08-18","A.S. PONTEVEDRA E O SALNÉS","228","79.024","370"
"2023-08-18","A.S. SANTIAGO E BARBANZA","542","112.146","571"
"2023-08-18","A.S. VIGO","380","154.181","845"
"2023-08-18","SEN A.S. ASIGNADA","0","949","0"
"2023-08-18","GALICIA","2.866","700.901","4.210"
"2023-08-19","A.S. A CORUÑA E CEE","726","145.045","943"
"2023-08-19","A.S. FERROL","208","44.104","354"
"2023-08-19","A.S. LUGO, A MARIÑA E MONFORTE","349","78.622","449"
"2023-08-19","A.S. OURENSE, VERÍN E O BARCO","418","87.003","678"
"2023-08-19","A.S. PONTEVEDRA E O SALNÉS","225","79.051","370"
"2023-08-19","A.S. SANTIAGO E BARBANZA","527","112.196","571"
"2023-08-19","A.S. VIGO","363","154.225","845"
"2023-08-19","SEN A.S. ASIGNADA","0","949","0"
"2023-08-19","GALICIA","2.816","701.195","4.210"
"2023-08-20","A.S. A CORUÑA E CEE","692","145.129","943"
"2023-08-20","A.S. FERROL","200","44.126","354"
"2023-08-20","A.S. LUGO, A MARIÑA E MONFORTE","347","78.648","449"
"2023-08-20","A.S. OURENSE, VERÍN E O BARCO","412","87.040","678"
"2023-08-20","A.S. PONTEVEDRA E O SALNÉS","217","79.078","370"
"2023-08-20","A.S. SANTIAGO E BARBANZA","535","112.240","571"
"2023-08-20","A.S. VIGO","348","154.267","845"
"2023-08-20","SEN A.S. ASIGNADA","0","949","0"
"2023-08-20","GALICIA","2.751","701.477","4.210"
"2023-08-21","A.S. A CORUÑA E CEE","729","145.204","943"
"2023-08-21","A.S. FERROL","211","44.150","354"
"2023-08-21","A.S. LUGO, A MARIÑA E MONFORTE","375","78.680","449"
"2023-08-21","A.S. OURENSE, VERÍN E O BARCO","459","87.072","678"
"2023-08-21","A.S. PONTEVEDRA E O SALNÉS","230","79.105","370"
"2023-08-21","A.S. SANTIAGO E BARBANZA","541","112.287","571"
"2023-08-21","A.S. VIGO","356","154.312","845"
"2023-08-21","SEN A.S. ASIGNADA","0","949","0"
"2023-08-21","GALICIA","2.901","701.759","4.210"
"2023-08-22","A.S. A CORUÑA E CEE","746","145.275","943"
"2023-08-22","A.S. FERROL","205","44.174","354"
"2023-08-22","A.S. LUGO, A MARIÑA E MONFORTE","384","78.717","449"
"2023-08-22","A.S. OURENSE, VERÍN E O BARCO","468","87.126","678"
"2023-08-22","A.S. PONTEVEDRA E O SALNÉS","245","79.122","370"
"2023-08-22","A.S. SANTIAGO E BARBANZA","543","112.343","571"
"2023-08-22","A.S. VIGO","386","154.341","845"
"2023-08-22","SEN A.S. ASIGNADA","0","949","0"
"2023-08-22","GALICIA","2.977","702.047","4.210"
"2023-08-23","A.S. A CORUÑA E CEE","786","145.320","943"
"2023-08-23","A.S. FERROL","204","44.190","354"
"2023-08-23","A.S. LUGO, A MARIÑA E MONFORTE","422","78.734","449"
"2023-08-23","A.S. OURENSE, VERÍN E O BARCO","498","87.147","678"
"2023-08-23","A.S. PONTEVEDRA E O SALNÉS","261","79.135","370"
"2023-08-23","A.S. SANTIAGO E BARBANZA","561","112.382","571"
"2023-08-23","A.S. VIGO","428","154.359","845"
"2023-08-23","SEN A.S. ASIGNADA","0","949","0"
"2023-08-23","GALICIA","3.160","702.216","4.210"
"2023-08-24","A.S. A CORUÑA E CEE","838","145.352","943"
"2023-08-24","A.S. FERROL","209","44.202","354"
"2023-08-24","A.S. LUGO, A MARIÑA E MONFORTE","429","78.763","449"
"2023-08-24","A.S. OURENSE, VERÍN E O BARCO","549","87.160","678"
"2023-08-24","A.S. PONTEVEDRA E O SALNÉS","273","79.149","370"
"2023-08-24","A.S. SANTIAGO E BARBANZA","578","112.420","571"
"2023-08-24","A.S. VIGO","452","154.388","845"
"2023-08-24","SEN A.S. ASIGNADA","0","949","0"
"2023-08-24","GALICIA","3.328","702.383","4.210"
"2023-08-25","A.S. A CORUÑA E CEE","870","145.412","943"
"2023-08-25","A.S. FERROL","205","44.221","354"
"2023-08-25","A.S. LUGO, A MARIÑA E MONFORTE","423","78.802","449"
"2023-08-25","A.S. OURENSE, VERÍN E O BARCO","556","87.218","678"
"2023-08-25","A.S. PONTEVEDRA E O SALNÉS","285","79.163","370"
"2023-08-25","A.S. SANTIAGO E BARBANZA","580","112.481","571"
"2023-08-25","A.S. VIGO","469","154.426","845"
"2023-08-25","SEN A.S. ASIGNADA","0","949","0"
"2023-08-25","GALICIA","3.388","702.672","4.210"
"2023-08-26","A.S. A CORUÑA E CEE","874","145.447","943"
"2023-08-26","A.S. FERROL","212","44.228","354"
"2023-08-26","A.S. LUGO, A MARIÑA E MONFORTE","418","78.827","449"
"2023-08-26","A.S. OURENSE, VERÍN E O BARCO","571","87.241","678"
"2023-08-26","A.S. PONTEVEDRA E O SALNÉS","289","79.181","370"
"2023-08-26","A.S. SANTIAGO E BARBANZA","571","112.521","571"
"2023-08-26","A.S. VIGO","463","154.445","845"
"2023-08-26","SEN A.S. ASIGNADA","0","949","0"
"2023-08-26","GALICIA","3.398","702.839","4.210"
"2023-08-27","A.S. A CORUÑA E CEE","834","145.528","943"
"2023-08-27","A.S. FERROL","206","44.256","354"
"2023-08-27","A.S. LUGO, A MARIÑA E MONFORTE","407","78.865","449"
"2023-08-27","A.S. OURENSE, VERÍN E O BARCO","557","87.285","678"
"2023-08-27","A.S. PONTEVEDRA E O SALNÉS","279","79.204","370"
"2023-08-27","A.S. SANTIAGO E BARBANZA","537","112.583","571"
"2023-08-27","A.S. VIGO","458","154.467","845"
"2023-08-27","SEN A.S. ASIGNADA","0","949","0"
"2023-08-27","GALICIA","3.278","703.137","4.210"
"2023-08-28","A.S. A CORUÑA E CEE","833","145.607","943"
"2023-08-28","A.S. FERROL","205","44.276","354"
"2023-08-28","A.S. LUGO, A MARIÑA E MONFORTE","416","78.904","449"
"2023-08-28","A.S. OURENSE, VERÍN E O BARCO","587","87.338","678"
"2023-08-28","A.S. PONTEVEDRA E O SALNÉS","277","79.233","370"
"2023-08-28","A.S. SANTIAGO E BARBANZA","536","112.634","571"
"2023-08-28","A.S. VIGO","451","154.520","845"
"2023-08-28","SEN A.S. ASIGNADA","0","949","0"
"2023-08-28","GALICIA","3.305","703.461","4.210"
"2023-08-29","A.S. A CORUÑA E CEE","830","145.693","943"
"2023-08-29","A.S. FERROL","203","44.295","354"
"2023-08-29","A.S. LUGO, A MARIÑA E MONFORTE","400","78.960","449"
"2023-08-29","A.S. OURENSE, VERÍN E O BARCO","607","87.391","678"
"2023-08-29","A.S. PONTEVEDRA E O SALNÉS","281","79.251","370"
"2023-08-29","A.S. SANTIAGO E BARBANZA","539","112.686","571"
"2023-08-29","A.S. VIGO","457","154.563","845"
"2023-08-29","SEN A.S. ASIGNADA","0","949","0"
"2023-08-29","GALICIA","3.317","703.788","4.210"
"2023-08-30","A.S. A CORUÑA E CEE","818","145.774","943"
"2023-08-30","A.S. FERROL","200","44.316","354"
"2023-08-30","A.S. LUGO, A MARIÑA E MONFORTE","421","78.984","449"
"2023-08-30","A.S. OURENSE, VERÍN E O BARCO","655","87.421","678"
"2023-08-30","A.S. PONTEVEDRA E O SALNÉS","285","79.277","370"
"2023-08-30","A.S. SANTIAGO E BARBANZA","546","112.722","571"
"2023-08-30","A.S. VIGO","488","154.592","845"
"2023-08-30","SEN A.S. ASIGNADA","0","949","0"
"2023-08-30","GALICIA","3.413","704.035","4.210"
"2023-08-31","A.S. A CORUÑA E CEE","840","145.823","943"
"2023-08-31","A.S. FERROL","199","44.330","354"
"2023-08-31","A.S. LUGO, A MARIÑA E MONFORTE","450","79.003","449"
"2023-08-31","A.S. OURENSE, VERÍN E O BARCO","700","87.453","678"
"2023-08-31","A.S. PONTEVEDRA E O SALNÉS","288","79.296","370"
"2023-08-31","A.S. SANTIAGO E BARBANZA","547","112.772","571"
"2023-08-31","A.S. VIGO","504","154.620","845"
"2023-08-31","SEN A.S. ASIGNADA","0","949","0"
"2023-08-31","GALICIA","3.528","704.246","4.210"
"2023-09-01","A.S. A CORUÑA E CEE","775","145.604","943"
"2023-09-01","A.S. FERROL","170","44.272","354"
"2023-09-01","A.S. LUGO, A MARIÑA E MONFORTE","426","78.813","449"
"2023-09-01","A.S. OURENSE, VERÍN E O BARCO","682","87.101","678"
"2023-09-01","A.S. PONTEVEDRA E O SALNÉS","266","79.158","370"
"2023-09-01","A.S. SANTIAGO E BARBANZA","539","112.509","571"
"2023-09-01","A.S. VIGO","480","154.421","845"
"2023-09-01","SEN A.S. ASIGNADA","0","945","0"
"2023-09-01","GALICIA","3.338","702.823","4.210"
"2023-09-02","A.S. A CORUÑA E CEE","708","145.692","943"
"2023-09-02","A.S. FERROL","159","44.289","354"
"2023-09-02","A.S. LUGO, A MARIÑA E MONFORTE","411","78.857","449"
"2023-09-02","A.S. OURENSE, VERÍN E O BARCO","646","87.164","678"
"2023-09-02","A.S. PONTEVEDRA E O SALNÉS","247","79.189","370"
"2023-09-02","A.S. SANTIAGO E BARBANZA","506","112.566","571"
"2023-09-02","A.S. VIGO","452","154.478","845"
"2023-09-02","SEN A.S. ASIGNADA","0","945","0"
"2023-09-02","GALICIA","3.129","703.180","4.210"
"2023-09-03","A.S. A CORUÑA E CEE","655","145.770","943"
"2023-09-03","A.S. FERROL","156","44.301","354"
"2023-09-03","A.S. LUGO, A MARIÑA E MONFORTE","386","78.907","449"
"2023-09-03","A.S. OURENSE, VERÍN E O BARCO","627","87.214","678"
"2023-09-03","A.S. PONTEVEDRA E O SALNÉS","237","79.215","370"
"2023-09-03","A.S. SANTIAGO E BARBANZA","488","112.619","571"
"2023-09-03","A.S. VIGO","417","154.534","845"
"2023-09-03","SEN A.S. ASIGNADA","0","945","0"
"2023-09-03","GALICIA","2.966","703.505","4.210"
"2023-09-04","A.S. A CORUÑA E CEE","643","145.852","943"
"2023-09-04","A.S. FERROL","153","44.320","354"
"2023-09-04","A.S. LUGO, A MARIÑA E MONFORTE","402","78.940","449"
"2023-09-04","A.S. OURENSE, VERÍN E O BARCO","623","87.274","678"
"2023-09-04","A.S. PONTEVEDRA E O SALNÉS","248","79.239","370"
"2023-09-04","A.S. SANTIAGO E BARBANZA","483","112.673","571"
"2023-09-04","A.S. VIGO","422","154.589","845"
"2023-09-04","SEN A.S. ASIGNADA","0","945","0"
"2023-09-04","GALICIA","2.974","703.832","4.210"
"2023-09-05","A.S. A CORUÑA E CEE","625","145.941","943"
"2023-09-05","A.S. FERROL","153","44.336","354"
"2023-09-05","A.S. LUGO, A MARIÑA E MONFORTE","415","78.974","449"
"2023-09-05","A.S. OURENSE, VERÍN E O BARCO","617","87.341","678"
"2023-09-05","A.S. PONTEVEDRA E O SALNÉS","246","79.264","370"
"2023-09-05","A.S. SANTIAGO E BARBANZA","485","112.730","571"
"2023-09-05","A.S. VIGO","413","154.640","845"
"2023-09-05","SEN A.S. ASIGNADA","1","945","0"
"2023-09-05","GALICIA","2.955","704.171","4.210"
"2023-09-06","A.S. A CORUÑA E CEE","646","145.974","943"
"2023-09-06","A.S. FERROL","157","44.349","354"
"2023-09-06","A.S. LUGO, A MARIÑA E MONFORTE","447","78.996","449"
"2023-09-06","A.S. OURENSE, VERÍN E O BARCO","619","87.388","678"
"2023-09-06","A.S. PONTEVEDRA E O SALNÉS","249","79.284","370"
"2023-09-06","A.S. SANTIAGO E BARBANZA","511","112.763","571"
"2023-09-06","A.S. VIGO","440","154.656","845"
"2023-09-06","SEN A.S. ASIGNADA","1","945","0"
"2023-09-06","GALICIA","3.070","704.355","4.210"
"2023-09-07","A.S. A CORUÑA E CEE","653","146.014","943"
"2023-09-07","A.S. FERROL","153","44.368","354"
"2023-09-07","A.S. LUGO, A MARIÑA E MONFORTE","454","79.028","449"
"2023-09-07","A.S. OURENSE, VERÍN E O BARCO","642","87.422","678"
"2023-09-07","A.S. PONTEVEDRA E O SALNÉS","255","79.295","370"
"2023-09-07","A.S. SANTIAGO E BARBANZA","522","112.791","571"
"2023-09-07","A.S. VIGO","470","154.671","845"
"2023-09-07","SEN A.S. ASIGNADA","1","945","0"
"2023-09-07","GALICIA","3.150","704.534","4.210"
"2023-09-08","A.S. A CORUÑA E CEE","634","146.090","943"
"2023-09-08","A.S. FERROL","151","44.383","354"
"2023-09-08","A.S. LUGO, A MARIÑA E MONFORTE","465","79.075","449"
"2023-09-08","A.S. OURENSE, VERÍN E O BARCO","620","87.502","678"
"2023-09-08","A.S. PONTEVEDRA E O SALNÉS","247","79.322","370"
"2023-09-08","A.S. SANTIAGO E BARBANZA","517","112.843","571"
"2023-09-08","A.S. VIGO","472","154.712","845"
"2023-09-08","SEN A.S. ASIGNADA","1","945","0"
"2023-09-08","GALICIA","3.107","704.872","4.210"
"2023-09-09","A.S. A CORUÑA E CEE","574","146.171","943"
"2023-09-09","A.S. FERROL","144","44.398","354"
"2023-09-09","A.S. LUGO, A MARIÑA E MONFORTE","444","79.116","449"
"2023-09-09","A.S. OURENSE, VERÍN E O BARCO","574","87.571","678"
"2023-09-09","A.S. PONTEVEDRA E O SALNÉS","239","79.343","370"
"2023-09-09","A.S. SANTIAGO E BARBANZA","499","112.895","571"
"2023-09-09","A.S. VIGO","443","154.761","845"
"2023-09-09","SEN A.S. ASIGNADA","1","945","0"
"2023-09-09","GALICIA","2.918","705.200","4.210"
"2023-09-10","A.S. A CORUÑA E CEE","528","146.239","943"
"2023-09-10","A.S. FERROL","144","44.415","354"
"2023-09-10","A.S. LUGO, A MARIÑA E MONFORTE","422","79.163","449"
"2023-09-10","A.S. OURENSE, VERÍN E O BARCO","522","87.643","678"
"2023-09-10","A.S. PONTEVEDRA E O SALNÉS","222","79.373","370"
"2023-09-10","A.S. SANTIAGO E BARBANZA","482","112.937","571"
"2023-09-10","A.S. VIGO","409","154.819","845"
"2023-09-10","SEN A.S. ASIGNADA","1","945","0"
"2023-09-10","GALICIA","2.730","705.534","4.210"
"2023-09-11","A.S. A CORUÑA E CEE","501","146.315","943"
"2023-09-11","A.S. FERROL","150","44.427","354"
"2023-09-11","A.S. LUGO, A MARIÑA E MONFORTE","433","79.212","449"
"2023-09-11","A.S. OURENSE, VERÍN E O BARCO","500","87.718","678"
"2023-09-11","A.S. PONTEVEDRA E O SALNÉS","214","79.395","370"
"2023-09-11","A.S. SANTIAGO E BARBANZA","481","112.988","571"
"2023-09-11","A.S. VIGO","403","154.863","845"
"2023-09-11","SEN A.S. ASIGNADA","1","945","0"
"2023-09-11","GALICIA","2.683","705.863","4.210"
"2023-09-12","A.S. A CORUÑA E CEE","478","146.379","943"
"2023-09-12","A.S. FERROL","147","44.442","354"
"2023-09-12","A.S. LUGO, A MARIÑA E MONFORTE","422","79.248","449"
"2023-09-12","A.S. OURENSE, VERÍN E O BARCO","496","87.784","678"
"2023-09-12","A.S. PONTEVEDRA E O SALNÉS","219","79.422","370"
"2023-09-12","A.S. SANTIAGO E BARBANZA","475","113.046","571"
"2023-09-12","A.S. VIGO","408","154.900","845"
"2023-09-12","SEN A.S. ASIGNADA","1","945","0"
"2023-09-12","GALICIA","2.646","706.166","4.210"
"2023-09-13","A.S. A CORUÑA E CEE","491","146.405","943"
"2023-09-13","A.S. FERROL","150","44.450","354"
"2023-09-13","A.S. LUGO, A MARIÑA E MONFORTE","418","79.281","449"
"2023-09-13","A.S. OURENSE, VERÍN E O BARCO","538","87.809","678"
"2023-09-13","A.S. PONTEVEDRA E O SALNÉS","233","79.436","370"
"2023-09-13","A.S. SANTIAGO E BARBANZA","490","113.073","571"
"2023-09-13","A.S. VIGO","439","154.927","845"
"2023-09-13","SEN A.S. ASIGNADA","1","945","0"
"2023-09-13","GALICIA","2.760","706.326","4.210"
"2023-09-14","A.S. A CORUÑA E CEE","501","146.435","943"
"2023-09-14","A.S. FERROL","152","44.458","354"
"2023-09-14","A.S. LUGO, A MARIÑA E MONFORTE","417","79.306","449"
"2023-09-14","A.S. OURENSE, VERÍN E O BARCO","547","87.839","678"
"2023-09-14","A.S. PONTEVEDRA E O SALNÉS","237","79.453","370"
"2023-09-14","A.S. SANTIAGO E BARBANZA","501","113.109","571"
"2023-09-14","A.S. VIGO","457","154.950","845"
"2023-09-14","SEN A.S. ASIGNADA","1","945","0"
"2023-09-14","GALICIA","2.813","706.495","4.210"
"2023-09-15","A.S. A CORUÑA E CEE","471","146.504","943"
"2023-09-15","A.S. FERROL","155","44.473","354"
"2023-09-15","A.S. LUGO, A MARIÑA E MONFORTE","410","79.353","449"
"2023-09-15","A.S. OURENSE, VERÍN E O BARCO","541","87.897","678"
"2023-09-15","A.S. PONTEVEDRA E O SALNÉS","216","79.488","370"
"2023-09-15","A.S. SANTIAGO E BARBANZA","483","113.158","571"
"2023-09-15","A.S. VIGO","443","155.012","845"
"2023-09-15","SEN A.S. ASIGNADA","1","945","0"
"2023-09-15","GALICIA","2.720","706.830","4.210"
"2023-09-16","A.S. A CORUÑA E CEE","419","146.573","943"
"2023-09-16","A.S. FERROL","147","44.488","354"
"2023-09-16","A.S. LUGO, A MARIÑA E MONFORTE","384","79.398","449"
"2023-09-16","A.S. OURENSE, VERÍN E O BARCO","501","87.961","678"
"2023-09-16","A.S. PONTEVEDRA E O SALNÉS","208","79.511","370"
"2023-09-16","A.S. SANTIAGO E BARBANZA","447","113.214","571"
"2023-09-16","A.S. VIGO","420","155.055","845"
"2023-09-16","SEN A.S. ASIGNADA","0","946","0"
"2023-09-16","GALICIA","2.526","707.146","4.210"
"2023-09-17","A.S. A CORUÑA E CEE","387","146.623","943"
"2023-09-17","A.S. FERROL","139","44.504","354"
"2023-09-17","A.S. LUGO, A MARIÑA E MONFORTE","345","79.452","449"
"2023-09-17","A.S. OURENSE, VERÍN E O BARCO","471","88.011","678"
"2023-09-17","A.S. PONTEVEDRA E O SALNÉS","193","79.534","370"
"2023-09-17","A.S. SANTIAGO E BARBANZA","419","113.269","571"
"2023-09-17","A.S. VIGO","385","155.098","845"
"2023-09-17","SEN A.S. ASIGNADA","0","946","0"
"2023-09-17","GALICIA","2.339","707.437","4.210"
"2023-09-18","A.S. A CORUÑA E CEE","387","146.674","943"
"2023-09-18","A.S. FERROL","137","44.518","354"
"2023-09-18","A.S. LUGO, A MARIÑA E MONFORTE","332","79.496","449"
"2023-09-18","A.S. OURENSE, VERÍN E O BARCO","482","88.068","678"
"2023-09-18","A.S. PONTEVEDRA E O SALNÉS","199","79.552","370"
"2023-09-18","A.S. SANTIAGO E BARBANZA","434","113.306","571"
"2023-09-18","A.S. VIGO","372","155.147","845"
"2023-09-18","SEN A.S. ASIGNADA","0","946","0"
"2023-09-18","GALICIA","2.343","707.707","4.210"
"2023-09-19","A.S. A CORUÑA E CEE","377","146.730","943"
"2023-09-19","A.S. FERROL","131","44.533","354"
"2023-09-19","A.S. LUGO, A MARIÑA E MONFORTE","318","79.552","449"
"2023-09-19","A.S. OURENSE, VERÍN E O BARCO","488","88.124","678"
"2023-09-19","A.S. PONTEVEDRA E O SALNÉS","194","79.571","370"
"2023-09-19","A.S. SANTIAGO E BARBANZA","415","113.354","571"
"2023-09-19","A.S. VIGO","396","155.189","845"
"2023-09-19","SEN A.S. ASIGNADA","0","946","0"
"2023-09-19","GALICIA","2.319","707.999","4.210"
"2023-09-20","A.S. A CORUÑA E CEE","394","146.751","943"
"2023-09-20","A.S. FERROL","132","44.541","354"
"2023-09-20","A.S. LUGO, A MARIÑA E MONFORTE","327","79.571","449"
"2023-09-20","A.S. OURENSE, VERÍN E O BARCO","510","88.149","678"
"2023-09-20","A.S. PONTEVEDRA E O SALNÉS","199","79.586","370"
"2023-09-20","A.S. SANTIAGO E BARBANZA","424","113.392","571"
"2023-09-20","A.S. VIGO","404","155.211","845"
"2023-09-20","SEN A.S. ASIGNADA","0","946","0"
"2023-09-20","GALICIA","2.390","708.147","4.210"
"2023-09-21","A.S. A CORUÑA E CEE","407","146.771","943"
"2023-09-21","A.S. FERROL","133","44.557","354"
"2023-09-21","A.S. LUGO, A MARIÑA E MONFORTE","328","79.596","449"
"2023-09-21","A.S. OURENSE, VERÍN E O BARCO","549","88.171","678"
"2023-09-21","A.S. PONTEVEDRA E O SALNÉS","209","79.596","370"
"2023-09-21","A.S. SANTIAGO E BARBANZA","439","113.417","571"
"2023-09-21","A.S. VIGO","420","155.233","845"
"2023-09-21","SEN A.S. ASIGNADA","0","946","0"
"2023-09-21","GALICIA","2.485","708.287","4.210"
"2023-09-22","A.S. A CORUÑA E CEE","403","146.824","943"
"2023-09-22","A.S. FERROL","129","44.576","354"
"2023-09-22","A.S. LUGO, A MARIÑA E MONFORTE","302","79.653","449"
"2023-09-22","A.S. OURENSE, VERÍN E O BARCO","555","88.229","678"
"2023-09-22","A.S. PONTEVEDRA E O SALNÉS","219","79.611","370"
"2023-09-22","A.S. SANTIAGO E BARBANZA","433","113.467","571"
"2023-09-22","A.S. VIGO","411","155.275","845"
"2023-09-22","SEN A.S. ASIGNADA","0","946","0"
"2023-09-22","GALICIA","2.452","708.581","4.210"
"2023-09-23","A.S. A CORUÑA E CEE","380","146.867","943"
"2023-09-23","A.S. FERROL","123","44.587","354"
"2023-09-23","A.S. LUGO, A MARIÑA E MONFORTE","296","79.677","449"
"2023-09-23","A.S. OURENSE, VERÍN E O BARCO","530","88.286","678"
"2023-09-23","A.S. PONTEVEDRA E O SALNÉS","195","79.642","370"
"2023-09-23","A.S. SANTIAGO E BARBANZA","409","113.518","571"
"2023-09-23","A.S. VIGO","383","155.317","845"
"2023-09-23","SEN A.S. ASIGNADA","0","946","0"
"2023-09-23","GALICIA","2.316","708.840","4.210"
"2023-09-24","A.S. A CORUÑA E CEE","351","146.907","943"
"2023-09-24","A.S. FERROL","124","44.597","354"
"2023-09-24","A.S. LUGO, A MARIÑA E MONFORTE","288","79.703","449"
"2023-09-24","A.S. OURENSE, VERÍN E O BARCO","500","88.349","678"
"2023-09-24","A.S. PONTEVEDRA E O SALNÉS","181","79.670","370"
"2023-09-24","A.S. SANTIAGO E BARBANZA","389","113.560","571"
"2023-09-24","A.S. VIGO","351","155.373","845"
"2023-09-24","SEN A.S. ASIGNADA","0","946","0"
"2023-09-24","GALICIA","2.184","709.105","4.210"
"2023-09-25","A.S. A CORUÑA E CEE","365","146.947","943"
"2023-09-25","A.S. FERROL","128","44.610","354"
"2023-09-25","A.S. LUGO, A MARIÑA E MONFORTE","307","79.733","449"
"2023-09-25","A.S. OURENSE, VERÍN E O BARCO","517","88.392","678"
"2023-09-25","A.S. PONTEVEDRA E O SALNÉS","189","79.689","370"
"2023-09-25","A.S. SANTIAGO E BARBANZA","399","113.605","571"
"2023-09-25","A.S. VIGO","366","155.414","845"
"2023-09-25","SEN A.S. ASIGNADA","0","946","0"
"2023-09-25","GALICIA","2.271","709.336","4.210"
"2023-09-26","A.S. A CORUÑA E CEE","366","146.981","943"
"2023-09-26","A.S. FERROL","118","44.628","354"
"2023-09-26","A.S. LUGO, A MARIÑA E MONFORTE","306","79.774","449"
"2023-09-26","A.S. OURENSE, VERÍN E O BARCO","521","88.438","678"
"2023-09-26","A.S. PONTEVEDRA E O SALNÉS","192","79.704","370"
"2023-09-26","A.S. SANTIAGO E BARBANZA","405","113.637","571"
"2023-09-26","A.S. VIGO","364","155.465","845"
"2023-09-26","SEN A.S. ASIGNADA","1","946","0"
"2023-09-26","GALICIA","2.273","709.573","4.210"
"2023-09-27","A.S. A CORUÑA E CEE","393","146.998","943"
"2023-09-27","A.S. FERROL","120","44.640","354"
"2023-09-27","A.S. LUGO, A MARIÑA E MONFORTE","321","79.795","449"
"2023-09-27","A.S. OURENSE, VERÍN E O BARCO","538","88.468","678"
"2023-09-27","A.S. PONTEVEDRA E O SALNÉS","198","79.718","370"
"2023-09-27","A.S. SANTIAGO E BARBANZA","416","113.659","571"
"2023-09-27","A.S. VIGO","395","155.485","845"
"2023-09-27","SEN A.S. ASIGNADA","1","946","0"
"2023-09-27","GALICIA","2.382","709.709","4.210"
"2023-09-28","A.S. A CORUÑA E CEE","416","147.017","943"
"2023-09-28","A.S. FERROL","125","44.650","354"
"2023-09-28","A.S. LUGO, A MARIÑA E MONFORTE","336","79.811","449"
"2023-09-28","A.S. OURENSE, VERÍN E O BARCO","560","88.491","678"
"2023-09-28","A.S. PONTEVEDRA E O SALNÉS","204","79.726","370"
"2023-09-28","A.S. SANTIAGO E BARBANZA","429","113.685","571"
"2023-09-28","A.S. VIGO","423","155.495","845"
"2023-09-28","SEN A.S. ASIGNADA","1","946","0"
"2023-09-28","GALICIA","2.494","709.821","4.210"
"2023-09-29","A.S. A CORUÑA E CEE","406","147.060","943"
"2023-09-29","A.S. FERROL","124","44.661","354"
"2023-09-29","A.S. LUGO, A MARIÑA E MONFORTE","329","79.845","449"
"2023-09-29","A.S. OURENSE, VERÍN E O BARCO","559","88.558","678"
"2023-09-29","A.S. PONTEVEDRA E O SALNÉS","187","79.754","370"
"2023-09-29","A.S. SANTIAGO E BARBANZA","424","113.735","571"
"2023-09-29","A.S. VIGO","422","155.530","845"
"2023-09-29","SEN A.S. ASIGNADA","1","946","0"
"2023-09-29","GALICIA","2.452","710.089","4.210"
"2023-09-30","A.S. A CORUÑA E CEE","378","147.102","943"
"2023-09-30","A.S. FERROL","120","44.672","354"
"2023-09-30","A.S. LUGO, A MARIÑA E MONFORTE","316","79.885","449"
"2023-09-30","A.S. OURENSE, VERÍN E O BARCO","522","88.620","678"
"2023-09-30","A.S. PONTEVEDRA E O SALNÉS","185","79.767","370"
"2023-09-30","A.S. SANTIAGO E BARBANZA","418","113.769","571"
"2023-09-30","A.S. VIGO","375","155.589","845"
"2023-09-30","SEN A.S. ASIGNADA","1","946","0"
"2023-09-30","GALICIA","2.315","710.350","4.210"
"2023-10-01","A.S. A CORUÑA E CEE","344","146.922","943"
"2023-10-01","A.S. FERROL","120","44.619","354"
"2023-10-01","A.S. LUGO, A MARIÑA E MONFORTE","307","79.760","449"
"2023-10-01","A.S. OURENSE, VERÍN E O BARCO","496","88.461","678"
"2023-10-01","A.S. PONTEVEDRA E O SALNÉS","163","79.641","370"
"2023-10-01","A.S. SANTIAGO E BARBANZA","384","113.638","571"
"2023-10-01","A.S. VIGO","349","155.517","845"
"2023-10-01","SEN A.S. ASIGNADA","1","939","0"
"2023-10-01","GALICIA","2.164","709.497","4.210"
"2023-10-02","A.S. A CORUÑA E CEE","366","146.953","943"
"2023-10-02","A.S. FERROL","120","44.635","354"
"2023-10-02","A.S. LUGO, A MARIÑA E MONFORTE","314","79.786","449"
"2023-10-02","A.S. OURENSE, VERÍN E O BARCO","479","88.522","678"
"2023-10-02","A.S. PONTEVEDRA E O SALNÉS","157","79.660","370"
"2023-10-02","A.S. SANTIAGO E BARBANZA","391","113.679","571"
"2023-10-02","A.S. VIGO","377","155.552","845"
"2023-10-02","SEN A.S. ASIGNADA","1","939","0"
"2023-10-02","GALICIA","2.205","709.726","4.210"
"2023-10-03","A.S. A CORUÑA E CEE","348","147.005","943"
"2023-10-03","A.S. FERROL","121","44.651","354"
"2023-10-03","A.S. LUGO, A MARIÑA E MONFORTE","307","79.819","449"
"2023-10-03","A.S. OURENSE, VERÍN E O BARCO","469","88.584","678"
"2023-10-03","A.S. PONTEVEDRA E O SALNÉS","158","79.683","370"
"2023-10-03","A.S. SANTIAGO E BARBANZA","392","113.723","571"
"2023-10-03","A.S. VIGO","387","155.585","845"
"2023-10-03","SEN A.S. ASIGNADA","1","939","0"
"2023-10-03","GALICIA","2.183","709.989","4.210"
"2023-10-04","A.S. A CORUÑA E CEE","365","147.028","943"
"2023-10-04","A.S. FERROL","133","44.653","354"
"2023-10-04","A.S. LUGO, A MARIÑA E MONFORTE","315","79.842","449"
"2023-10-04","A.S. OURENSE, VERÍN E O BARCO","461","88.618","678"
"2023-10-04","A.S. PONTEVEDRA E O SALNÉS","171","79.690","370"
"2023-10-04","A.S. SANTIAGO E BARBANZA","396","113.752","571"
"2023-10-04","A.S. VIGO","415","155.599","845"
"2023-10-04","SEN A.S. ASIGNADA","1","939","0"
"2023-10-04","GALICIA","2.257","710.121","4.210"
"2023-10-05","A.S. A CORUÑA E CEE","383","147.037","943"
"2023-10-05","A.S. FERROL","132","44.662","354"
"2023-10-05","A.S. LUGO, A MARIÑA E MONFORTE","317","79.862","449"
"2023-10-05","A.S. OURENSE, VERÍN E O BARCO","470","88.651","678"
"2023-10-05","A.S. PONTEVEDRA E O SALNÉS","173","79.701","370"
"2023-10-05","A.S. SANTIAGO E BARBANZA","401","113.774","571"
"2023-10-05","A.S. VIGO","430","155.624","845"
"2023-10-05","SEN A.S. ASIGNADA","1","939","0"
"2023-10-05","GALICIA","2.307","710.250","4.210"
"2023-10-06","A.S. A CORUÑA E CEE","370","147.087","943"
"2023-10-06","A.S. FERROL","126","44.677","354"
"2023-10-06","A.S. LUGO, A MARIÑA E MONFORTE","307","79.905","449"
"2023-10-06","A.S. OURENSE, VERÍN E O BARCO","437","88.711","678"
"2023-10-06","A.S. PONTEVEDRA E O SALNÉS","163","79.726","370"
"2023-10-06","A.S. SANTIAGO E BARBANZA","382","113.827","571"
"2023-10-06","A.S. VIGO","404","155.681","845"
"2023-10-06","SEN A.S. ASIGNADA","1","939","0"
"2023-10-06","GALICIA","2.190","710.553","4.210"
"2023-10-07","A.S. A CORUÑA E CEE","348","147.119","943"
"2023-10-07","A.S. FERROL","123","44.684","354"
"2023-10-07","A.S. LUGO, A MARIÑA E MONFORTE","284","79.942","449"
"2023-10-07","A.S. OURENSE, VERÍN E O BARCO","405","88.757","678"
"2023-10-07","A.S. PONTEVEDRA E O SALNÉS","154","79.743","370"
"2023-10-07","A.S. SANTIAGO E BARBANZA","366","113.862","571"
"2023-10-07","A.S. VIGO","379","155.728","845"
"2023-10-07","SEN A.S. ASIGNADA","0","940","0"
"2023-10-07","GALICIA","2.059","710.775","4.210"
"2023-10-08","A.S. A CORUÑA E CEE","318","147.164","943"
"2023-10-08","A.S. FERROL","117","44.698","354"
"2023-10-08","A.S. LUGO, A MARIÑA E MONFORTE","256","79.976","449"
"2023-10-08","A.S. OURENSE, VERÍN E O BARCO","375","88.795","678"
"2023-10-08","A.S. PONTEVEDRA E O SALNÉS","139","79.759","370"
"2023-10-08","A.S. SANTIAGO E BARBANZA","358","113.894","571"
"2023-10-08","A.S. VIGO","346","155.777","845"
"2023-10-08","SEN A.S. ASIGNADA","0","940","0"
"2023-10-08","GALICIA","1.909","711.003","4.210"
"2023-10-09","A.S. A CORUÑA E CEE","316","147.198","943"
"2023-10-09","A.S. FERROL","109","44.714","354"
"2023-10-09","A.S. LUGO, A MARIÑA E MONFORTE","246","80.007","449"
"2023-10-09","A.S. OURENSE, VERÍN E O BARCO","364","88.841","678"
"2023-10-09","A.S. PONTEVEDRA E O SALNÉS","137","79.776","370"
"2023-10-09","A.S. SANTIAGO E BARBANZA","354","113.933","571"
"2023-10-09","A.S. VIGO","330","155.817","845"
"2023-10-09","SEN A.S. ASIGNADA","0","940","0"
"2023-10-09","GALICIA","1.856","711.226","4.210"
"2023-10-10","A.S. A CORUÑA E CEE","310","147.235","943"
"2023-10-10","A.S. FERROL","103","44.726","354"
"2023-10-10","A.S. LUGO, A MARIÑA E MONFORTE","242","80.030","449"
"2023-10-10","A.S. OURENSE, VERÍN E O BARCO","342","88.909","678"
"2023-10-10","A.S. PONTEVEDRA E O SALNÉS","141","79.786","370"
"2023-10-10","A.S. SANTIAGO E BARBANZA","341","113.975","571"
"2023-10-10","A.S. VIGO","319","155.854","845"
"2023-10-10","SEN A.S. ASIGNADA","0","940","0"
"2023-10-10","GALICIA","1.798","711.455","4.210"
"2023-10-11","A.S. A CORUÑA E CEE","319","147.250","943"
"2023-10-11","A.S. FERROL","105","44.732","354"
"2023-10-11","A.S. LUGO, A MARIÑA E MONFORTE","237","80.058","449"
"2023-10-11","A.S. OURENSE, VERÍN E O BARCO","338","88.938","678"
"2023-10-11","A.S. PONTEVEDRA E O SALNÉS","153","79.799","370"
"2023-10-11","A.S. SANTIAGO E BARBANZA","348","114.004","571"
"2023-10-11","A.S. VIGO","340","155.866","845"
"2023-10-11","SEN A.S. ASIGNADA","0","940","0"
"2023-10-11","GALICIA","1.840","711.587","4.210"
"2023-10-12","A.S. A CORUÑA E CEE","313","147.270","943"
"2023-10-12","A.S. FERROL","104","44.740","354"
"2023-10-12","A.S. LUGO, A MARIÑA E MONFORTE","227","80.073","449"
"2023-10-12","A.S. OURENSE, VERÍN E O BARCO","328","88.966","678"
"2023-10-12","A.S. PONTEVEDRA E O SALNÉS","160","79.810","370"
"2023-10-12","A.S. SANTIAGO E BARBANZA","346","114.018","571"
"2023-10-12","A.S. VIGO","347","155.877","845"
"2023-10-12","SEN A.S. ASIGNADA","0","940","0"
"2023-10-12","GALICIA","1.825","711.694","4.210"
"2023-10-13","A.S. A CORUÑA E CEE","290","147.324","943"
"2023-10-13","A.S. FERROL","95","44.758","354"
"2023-10-13","A.S. LUGO, A MARIÑA E MONFORTE","222","80.104","449"
"2023-10-13","A.S. OURENSE, VERÍN E O BARCO","320","89.008","678"
"2023-10-13","A.S. PONTEVEDRA E O SALNÉS","160","79.821","370"
"2023-10-13","A.S. SANTIAGO E BARBANZA","324","114.067","571"
"2023-10-13","A.S. VIGO","307","155.938","845"
"2023-10-13","SEN A.S. ASIGNADA","0","940","0"
"2023-10-13","GALICIA","1.718","711.960","4.210"
"2023-10-14","A.S. A CORUÑA E CEE","272","147.357","943"
"2023-10-14","A.S. FERROL","85","44.773","354"
"2023-10-14","A.S. LUGO, A MARIÑA E MONFORTE","207","80.130","449"
"2023-10-14","A.S. OURENSE, VERÍN E O BARCO","283","89.055","678"
"2023-10-14","A.S. PONTEVEDRA E O SALNÉS","154","79.840","370"
"2023-10-14","A.S. SANTIAGO E BARBANZA","299","114.110","571"
"2023-10-14","A.S. VIGO","278","155.978","845"
"2023-10-14","SEN A.S. ASIGNADA","0","940","0"
"2023-10-14","GALICIA","1.578","712.183","4.210"
"2023-10-15","A.S. A CORUÑA E CEE","246","147.393","943"
"2023-10-15","A.S. FERROL","74","44.787","354"
"2023-10-15","A.S. LUGO, A MARIÑA E MONFORTE","184","80.160","449"
"2023-10-15","A.S. OURENSE, VERÍN E O BARCO","274","89.076","678"
"2023-10-15","A.S. PONTEVEDRA E O SALNÉS","144","79.857","370"
"2023-10-15","A.S. SANTIAGO E BARBANZA","283","114.142","571"
"2023-10-15","A.S. VIGO","242","156.018","845"
"2023-10-15","SEN A.S. ASIGNADA","0","940","0"
"2023-10-15","GALICIA","1.447","712.373","4.210"
"2023-10-16","A.S. A CORUÑA E CEE","244","147.422","943"
"2023-10-16","A.S. FERROL","78","44.794","354"
"2023-10-16","A.S. LUGO, A MARIÑA E MONFORTE","183","80.184","449"
"2023-10-16","A.S. OURENSE, VERÍN E O BARCO","258","89.122","678"
"2023-10-16","A.S. PONTEVEDRA E O SALNÉS","148","79.868","370"
"2023-10-16","A.S. SANTIAGO E BARBANZA","282","114.172","571"
"2023-10-16","A.S. VIGO","217","156.058","845"
"2023-10-16","SEN A.S. ASIGNADA","0","940","0"
"2023-10-16","GALICIA","1.410","712.560","4.210"
"2023-10-17","A.S. A CORUÑA E CEE","230","147.458","943"
"2023-10-17","A.S. FERROL","80","44.803","354"
"2023-10-17","A.S. LUGO, A MARIÑA E MONFORTE","173","80.215","449"
"2023-10-17","A.S. OURENSE, VERÍN E O BARCO","261","89.148","678"
"2023-10-17","A.S. PONTEVEDRA E O SALNÉS","138","79.884","370"
"2023-10-17","A.S. SANTIAGO E BARBANZA","268","114.206","571"
"2023-10-17","A.S. VIGO","210","156.090","845"
"2023-10-17","SEN A.S. ASIGNADA","0","940","0"
"2023-10-17","GALICIA","1.360","712.744","4.210"
"2023-10-18","A.S. A CORUÑA E CEE","241","147.469","943"
"2023-10-18","A.S. FERROL","80","44.808","354"
"2023-10-18","A.S. LUGO, A MARIÑA E MONFORTE","182","80.229","449"
"2023-10-18","A.S. OURENSE, VERÍN E O BARCO","268","89.163","678"
"2023-10-18","A.S. PONTEVEDRA E O SALNÉS","142","79.893","370"
"2023-10-18","A.S. SANTIAGO E BARBANZA","281","114.227","571"
"2023-10-18","A.S. VIGO","217","156.110","845"
"2023-10-18","SEN A.S. ASIGNADA","0","940","0"
"2023-10-18","GALICIA","1.411","712.839","4.210"
"2023-10-19","A.S. A CORUÑA E CEE","241","147.485","943"
"2023-10-19","A.S. FERROL","81","44.815","354"
"2023-10-19","A.S. LUGO, A MARIÑA E MONFORTE","188","80.237","449"
"2023-10-19","A.S. OURENSE, VERÍN E O BARCO","279","89.174","678"
"2023-10-19","A.S. PONTEVEDRA E O SALNÉS","147","79.897","370"
"2023-10-19","A.S. SANTIAGO E BARBANZA","280","114.247","571"
"2023-10-19","A.S. VIGO","222","156.126","845"
"2023-10-19","SEN A.S. ASIGNADA","0","940","0"
"2023-10-19","GALICIA","1.438","712.921","4.210"
"2023-10-20","A.S. A CORUÑA E CEE","234","147.516","943"
"2023-10-20","A.S. FERROL","76","44.822","354"
"2023-10-20","A.S. LUGO, A MARIÑA E MONFORTE","184","80.260","449"
"2023-10-20","A.S. OURENSE, VERÍN E O BARCO","268","89.209","678"
"2023-10-20","A.S. PONTEVEDRA E O SALNÉS","146","79.913","370"
"2023-10-20","A.S. SANTIAGO E BARBANZA","265","114.281","571"
"2023-10-20","A.S. VIGO","213","156.150","845"
"2023-10-20","SEN A.S. ASIGNADA","0","940","0"
"2023-10-20","GALICIA","1.386","713.091","4.210"
"2023-10-21","A.S. A CORUÑA E CEE","216","147.544","943"
"2023-10-21","A.S. FERROL","71","44.829","354"
"2023-10-21","A.S. LUGO, A MARIÑA E MONFORTE","170","80.277","449"
"2023-10-21","A.S. OURENSE, VERÍN E O BARCO","229","89.256","678"
"2023-10-21","A.S. PONTEVEDRA E O SALNÉS","142","79.926","370"
"2023-10-21","A.S. SANTIAGO E BARBANZA","246","114.311","571"
"2023-10-21","A.S. VIGO","197","156.171","845"
"2023-10-21","SEN A.S. ASIGNADA","0","940","0"
"2023-10-21","GALICIA","1.271","713.254","4.210"
"2023-10-22","A.S. A CORUÑA E CEE","207","147.566","943"
"2023-10-22","A.S. FERROL","65","44.838","354"
"2023-10-22","A.S. LUGO, A MARIÑA E MONFORTE","159","80.299","449"
"2023-10-22","A.S. OURENSE, VERÍN E O BARCO","213","89.279","678"
"2023-10-22","A.S. PONTEVEDRA E O SALNÉS","126","79.950","370"
"2023-10-22","A.S. SANTIAGO E BARBANZA","219","114.347","571"
"2023-10-22","A.S. VIGO","167","156.205","845"
"2023-10-22","SEN A.S. ASIGNADA","0","940","0"
"2023-10-22","GALICIA","1.156","713.424","4.210"
"2023-10-23","A.S. A CORUÑA E CEE","218","147.580","943"
"2023-10-23","A.S. FERROL","62","44.847","354"
"2023-10-23","A.S. LUGO, A MARIÑA E MONFORTE","159","80.307","449"
"2023-10-23","A.S. OURENSE, VERÍN E O BARCO","217","89.296","678"
"2023-10-23","A.S. PONTEVEDRA E O SALNÉS","126","79.968","370"
"2023-10-23","A.S. SANTIAGO E BARBANZA","228","114.362","571"
"2023-10-23","A.S. VIGO","167","156.227","845"
"2023-10-23","SEN A.S. ASIGNADA","0","940","0"
"2023-10-23","GALICIA","1.177","713.527","4.210"
"2023-10-24","A.S. A CORUÑA E CEE","201","147.614","943"
"2023-10-24","A.S. FERROL","60","44.853","354"
"2023-10-24","A.S. LUGO, A MARIÑA E MONFORTE","148","80.330","449"
"2023-10-24","A.S. OURENSE, VERÍN E O BARCO","201","89.325","678"
"2023-10-24","A.S. PONTEVEDRA E O SALNÉS","126","79.978","370"
"2023-10-24","A.S. SANTIAGO E BARBANZA","214","114.391","571"
"2023-10-24","A.S. VIGO","164","156.246","845"
"2023-10-24","SEN A.S. ASIGNADA","0","940","0"
"2023-10-24","GALICIA","1.114","713.677","4.210"
"2023-10-25","A.S. A CORUÑA E CEE","212","147.629","943"
"2023-10-25","A.S. FERROL","60","44.858","354"
"2023-10-25","A.S. LUGO, A MARIÑA E MONFORTE","151","80.343","449"
"2023-10-25","A.S. OURENSE, VERÍN E O BARCO","201","89.336","678"
"2023-10-25","A.S. PONTEVEDRA E O SALNÉS","129","79.989","370"
"2023-10-25","A.S. SANTIAGO E BARBANZA","223","114.409","571"
"2023-10-25","A.S. VIGO","170","156.254","845"
"2023-10-25","SEN A.S. ASIGNADA","0","940","0"
"2023-10-25","GALICIA","1.146","713.758","4.210"
"2023-10-26","A.S. A CORUÑA E CEE","218","147.641","943"
"2023-10-26","A.S. FERROL","62","44.861","354"
"2023-10-26","A.S. LUGO, A MARIÑA E MONFORTE","154","80.352","449"
"2023-10-26","A.S. OURENSE, VERÍN E O BARCO","206","89.348","678"
"2023-10-26","A.S. PONTEVEDRA E O SALNÉS","125","80.000","370"
"2023-10-26","A.S. SANTIAGO E BARBANZA","227","114.421","571"
"2023-10-26","A.S. VIGO","170","156.260","845"
"2023-10-26","SEN A.S. ASIGNADA","0","940","0"
"2023-10-26","GALICIA","1.162","713.823","4.210"
"2023-10-27","A.S. A CORUÑA E CEE","202","147.667","943"
"2023-10-27","A.S. FERROL","58","44.871","354"
"2023-10-27","A.S. LUGO, A MARIÑA E MONFORTE","143","80.375","450"
"2023-10-27","A.S. OURENSE, VERÍN E O BARCO","195","89.380","678"
"2023-10-27","A.S. PONTEVEDRA E O SALNÉS","120","80.012","370"
"2023-10-27","A.S. SANTIAGO E BARBANZA","209","114.451","571"
"2023-10-27","A.S. VIGO","160","156.278","845"
"2023-10-27","SEN A.S. ASIGNADA","0","940","0"
"2023-10-27","GALICIA","1.087","713.974","4.211"
"2023-10-28","A.S. A CORUÑA E CEE","190","147.688","943"
"2023-10-28","A.S. FERROL","51","44.881","354"
"2023-10-28","A.S. LUGO, A MARIÑA E MONFORTE","124","80.400","450"
"2023-10-28","A.S. OURENSE, VERÍN E O BARCO","176","89.409","678"
"2023-10-28","A.S. PONTEVEDRA E O SALNÉS","118","80.019","370"
"2023-10-28","A.S. SANTIAGO E BARBANZA","197","114.472","571"
"2023-10-28","A.S. VIGO","138","156.304","845"
"2023-10-28","SEN A.S. ASIGNADA","0","940","0"
"2023-10-28","GALICIA","994","714.113","4.211"
"2023-10-29","A.S. A CORUÑA E CEE","181","147.711","943"
"2023-10-29","A.S. FERROL","47","44.886","354"
"2023-10-29","A.S. LUGO, A MARIÑA E MONFORTE","107","80.422","450"
"2023-10-29","A.S. OURENSE, VERÍN E O BARCO","162","89.431","678"
"2023-10-29","A.S. PONTEVEDRA E O SALNÉS","114","80.029","370"
"2023-10-29","A.S. SANTIAGO E BARBANZA","177","114.502","571"
"2023-10-29","A.S. VIGO","118","156.328","845"
"2023-10-29","SEN A.S. ASIGNADA","0","940","0"
"2023-10-29","GALICIA","906","714.249","4.211"
"2023-10-30","A.S. A CORUÑA E CEE","188","147.732","943"
"2023-10-30","A.S. FERROL","40","44.896","354"
"2023-10-30","A.S. LUGO, A MARIÑA E MONFORTE","108","80.436","450"
"2023-10-30","A.S. OURENSE, VERÍN E O BARCO","154","89.455","678"
"2023-10-30","A.S. PONTEVEDRA E O SALNÉS","113","80.040","370"
"2023-10-30","A.S. SANTIAGO E BARBANZA","168","114.525","571"
"2023-10-30","A.S. VIGO","114","156.349","845"
"2023-10-30","SEN A.S. ASIGNADA","0","940","0"
"2023-10-30","GALICIA","885","714.373","4.211"
"2023-10-31","A.S. A CORUÑA E CEE","177","147.756","943"
"2023-10-31","A.S. FERROL","42","44.899","354"
"2023-10-31","A.S. LUGO, A MARIÑA E MONFORTE","105","80.451","450"
"2023-10-31","A.S. OURENSE, VERÍN E O BARCO","141","89.482","678"
"2023-10-31","A.S. PONTEVEDRA E O SALNÉS","105","80.057","370"
"2023-10-31","A.S. SANTIAGO E BARBANZA","160","114.541","571"
"2023-10-31","A.S. VIGO","113","156.364","845"
"2023-10-31","SEN A.S. ASIGNADA","0","940","0"
"2023-10-31","GALICIA","843","714.490","4.211"
"2023-11-01","A.S. A CORUÑA E CEE","175","147.619","943"
"2023-11-01","A.S. FERROL","39","44.860","354"
"2023-11-01","A.S. LUGO, A MARIÑA E MONFORTE","104","80.385","450"
"2023-11-01","A.S. OURENSE, VERÍN E O BARCO","134","89.394","678"
"2023-11-01","A.S. PONTEVEDRA E O SALNÉS","92","79.993","370"
"2023-11-01","A.S. SANTIAGO E BARBANZA","154","114.460","571"
"2023-11-01","A.S. VIGO","116","156.292","845"
"2023-11-01","SEN A.S. ASIGNADA","0","938","0"
"2023-11-01","GALICIA","814","713.941","4.211"
"2023-11-02","A.S. A CORUÑA E CEE","172","147.632","943"
"2023-11-02","A.S. FERROL","41","44.864","354"
"2023-11-02","A.S. LUGO, A MARIÑA E MONFORTE","108","80.395","450"
"2023-11-02","A.S. OURENSE, VERÍN E O BARCO","141","89.400","678"
"2023-11-02","A.S. PONTEVEDRA E O SALNÉS","94","80.000","370"
"2023-11-02","A.S. SANTIAGO E BARBANZA","156","114.472","571"
"2023-11-02","A.S. VIGO","119","156.299","845"
"2023-11-02","SEN A.S. ASIGNADA","0","938","0"
"2023-11-02","GALICIA","831","714.000","4.211"
"2023-11-03","A.S. A CORUÑA E CEE","165","147.655","943"
"2023-11-03","A.S. FERROL","40","44.869","354"
"2023-11-03","A.S. LUGO, A MARIÑA E MONFORTE","115","80.402","450"
"2023-11-03","A.S. OURENSE, VERÍN E O BARCO","133","89.419","678"
"2023-11-03","A.S. PONTEVEDRA E O SALNÉS","82","80.019","370"
"2023-11-03","A.S. SANTIAGO E BARBANZA","141","114.496","571"
"2023-11-03","A.S. VIGO","104","156.318","845"
"2023-11-03","SEN A.S. ASIGNADA","0","938","0"
"2023-11-03","GALICIA","780","714.116","4.211"
"2023-11-04","A.S. A CORUÑA E CEE","157","147.672","943"
"2023-11-04","A.S. FERROL","38","44.873","354"
"2023-11-04","A.S. LUGO, A MARIÑA E MONFORTE","113","80.410","450"
"2023-11-04","A.S. OURENSE, VERÍN E O BARCO","131","89.430","678"
"2023-11-04","A.S. PONTEVEDRA E O SALNÉS","76","80.026","370"
"2023-11-04","A.S. SANTIAGO E BARBANZA","132","114.510","571"
"2023-11-04","A.S. VIGO","94","156.334","845"
"2023-11-04","SEN A.S. ASIGNADA","0","938","0"
"2023-11-04","GALICIA","741","714.193","4.211"
"2023-11-05","A.S. A CORUÑA E CEE","134","147.697","943"
"2023-11-05","A.S. FERROL","34","44.878","354"
"2023-11-05","A.S. LUGO, A MARIÑA E MONFORTE","102","80.425","450"
"2023-11-05","A.S. OURENSE, VERÍN E O BARCO","127","89.440","678"
"2023-11-05","A.S. PONTEVEDRA E O SALNÉS","67","80.040","370"
"2023-11-05","A.S. SANTIAGO E BARBANZA","112","114.533","571"
"2023-11-05","A.S. VIGO","88","156.348","845"
"2023-11-05","SEN A.S. ASIGNADA","0","938","0"
"2023-11-05","GALICIA","664","714.299","4.211"
"2023-11-06","A.S. A CORUÑA E CEE","137","147.718","943"
"2023-11-06","A.S. FERROL","33","44.883","354"
"2023-11-06","A.S. LUGO, A MARIÑA E MONFORTE","101","80.436","450"
"2023-11-06","A.S. OURENSE, VERÍN E O BARCO","132","89.458","678"
"2023-11-06","A.S. PONTEVEDRA E O SALNÉS","71","80.047","370"
"2023-11-06","A.S. SANTIAGO E BARBANZA","113","114.550","571"
"2023-11-06","A.S. VIGO","94","156.354","845"
"2023-11-06","SEN A.S. ASIGNADA","0","938","0"
"2023-11-06","GALICIA","681","714.384","4.211"
"2023-11-07","A.S. A CORUÑA E CEE","148","147.730","943"
"2023-11-07","A.S. FERROL","31","44.890","354"
"2023-11-07","A.S. LUGO, A MARIÑA E MONFORTE","95","80.450","450"
"2023-11-07","A.S. OURENSE, VERÍN E O BARCO","127","89.478","678"
"2023-11-07","A.S. PONTEVEDRA E O SALNÉS","74","80.053","370"
"2023-11-07","A.S. SANTIAGO E BARBANZA","110","114.564","571"
"2023-11-07","A.S. VIGO","96","156.362","845"
"2023-11-07","SEN A.S. ASIGNADA","0","938","0"
"2023-11-07","GALICIA","681","714.465","4.211"
"2023-11-08","A.S. A CORUÑA E CEE","154","147.736","943"
"2023-11-08","A.S. FERROL","33","44.892","354"
"2023-11-08","A.S. LUGO, A MARIÑA E MONFORTE","103","80.456","450"
"2023-11-08","A.S. OURENSE, VERÍN E O BARCO","134","89.487","678"
"2023-11-08","A.S. PONTEVEDRA E O SALNÉS","79","80.057","370"
"2023-11-08","A.S. SANTIAGO E BARBANZA","112","114.572","571"
"2023-11-08","A.S. VIGO","100","156.366","845"
"2023-11-08","SEN A.S. ASIGNADA","0","938","0"
"2023-11-08","GALICIA","715","714.504","4.211"
"2023-11-09","A.S. A CORUÑA E CEE","162","147.747","943"
"2023-11-09","A.S. FERROL","35","44.892","354"
"2023-11-09","A.S. LUGO, A MARIÑA E MONFORTE","105","80.462","450"
"2023-11-09","A.S. OURENSE, VERÍN E O BARCO","141","89.494","678"
"2023-11-09","A.S. PONTEVEDRA E O SALNÉS","79","80.060","370"
"2023-11-09","A.S. SANTIAGO E BARBANZA","113","114.583","571"
"2023-11-09","A.S. VIGO","110","156.373","845"
"2023-11-09","SEN A.S. ASIGNADA","0","938","0"
"2023-11-09","GALICIA","745","714.549","4.211"
"2023-11-10","A.S. A CORUÑA E CEE","148","147.774","943"
"2023-11-10","A.S. FERROL","36","44.895","354"
"2023-11-10","A.S. LUGO, A MARIÑA E MONFORTE","98","80.477","450"
"2023-11-10","A.S. OURENSE, VERÍN E O BARCO","138","89.509","678"
"2023-11-10","A.S. PONTEVEDRA E O SALNÉS","73","80.070","370"
"2023-11-10","A.S. SANTIAGO E BARBANZA","109","114.600","571"
"2023-11-10","A.S. VIGO","105","156.388","845"
"2023-11-10","SEN A.S. ASIGNADA","0","938","0"
"2023-11-10","GALICIA","707","714.651","4.211"
"2023-11-11","A.S. A CORUÑA E CEE","147","147.784","943"
"2023-11-11","A.S. FERROL","34","44.900","354"
"2023-11-11","A.S. LUGO, A MARIÑA E MONFORTE","94","80.488","450"
"2023-11-11","A.S. OURENSE, VERÍN E O BARCO","129","89.524","678"
"2023-11-11","A.S. PONTEVEDRA E O SALNÉS","68","80.079","370"
"2023-11-11","A.S. SANTIAGO E BARBANZA","110","114.606","571"
"2023-11-11","A.S. VIGO","95","156.402","845"
"2023-11-11","SEN A.S. ASIGNADA","0","938","0"
"2023-11-11","GALICIA","677","714.721","4.211"
"2023-11-12","A.S. A CORUÑA E CEE","150","147.794","943"
"2023-11-12","A.S. FERROL","40","44.901","354"
"2023-11-12","A.S. LUGO, A MARIÑA E MONFORTE","99","80.490","450"
"2023-11-12","A.S. OURENSE, VERÍN E O BARCO","127","89.530","678"
"2023-11-12","A.S. PONTEVEDRA E O SALNÉS","69","80.083","370"
"2023-11-12","A.S. SANTIAGO E BARBANZA","108","114.612","571"
"2023-11-12","A.S. VIGO","90","156.410","845"
"2023-11-12","SEN A.S. ASIGNADA","0","938","0"
"2023-11-12","GALICIA","683","714.758","4.211"
"2023-11-13","A.S. A CORUÑA E CEE","155","147.805","943"
"2023-11-13","A.S. FERROL","36","44.906","354"
"2023-11-13","A.S. LUGO, A MARIÑA E MONFORTE","99","80.508","450"
"2023-11-13","A.S. OURENSE, VERÍN E O BARCO","123","89.543","678"
"2023-11-13","A.S. PONTEVEDRA E O SALNÉS","71","80.094","370"
"2023-11-13","A.S. SANTIAGO E BARBANZA","104","114.627","571"
"2023-11-13","A.S. VIGO","93","156.420","845"
"2023-11-13","SEN A.S. ASIGNADA","0","938","0"
"2023-11-13","GALICIA","681","714.841","4.211"
"2023-11-14","A.S. A CORUÑA E CEE","156","147.822","943"
"2023-11-14","A.S. FERROL","35","44.911","354"
"2023-11-14","A.S. LUGO, A MARIÑA E MONFORTE","97","80.518","450"
"2023-11-14","A.S. OURENSE, VERÍN E O BARCO","126","89.553","678"
"2023-11-14","A.S. PONTEVEDRA E O SALNÉS","76","80.100","370"
"2023-11-14","A.S. SANTIAGO E BARBANZA","104","114.635","571"
"2023-11-14","A.S. VIGO","108","156.427","845"
"2023-11-14","SEN A.S. ASIGNADA","0","938","0"
"2023-11-14","GALICIA","702","714.904","4.211"
"2023-11-15","A.S. A CORUÑA E CEE","161","147.831","943"
"2023-11-15","A.S. FERROL","38","44.913","354"
"2023-11-15","A.S. LUGO, A MARIÑA E MONFORTE","97","80.526","450"
"2023-11-15","A.S. OURENSE, VERÍN E O BARCO","128","89.563","678"
"2023-11-15","A.S. PONTEVEDRA E O SALNÉS","80","80.101","370"
"2023-11-15","A.S. SANTIAGO E BARBANZA","107","114.641","571"
"2023-11-15","A.S. VIGO","118","156.432","845"
"2023-11-15","SEN A.S. ASIGNADA","0","938","0"
"2023-11-15","GALICIA","729","714.945","4.211"
"2023-11-16","A.S. A CORUÑA E CEE","174","147.835","943"
"2023-11-16","A.S. FERROL","40","44.914","354"
"2023-11-16","A.S. LUGO, A MARIÑA E MONFORTE","100","80.530","450"
"2023-11-16","A.S. OURENSE, VERÍN E O BARCO","132","89.569","678"
"2023-11-16","A.S. PONTEVEDRA E O SALNÉS","86","80.106","370"
"2023-11-16","A.S. SANTIAGO E BARBANZA","117","114.646","571"
"2023-11-16","A.S. VIGO","128","156.439","845"
"2023-11-16","SEN A.S. ASIGNADA","0","938","0"
"2023-11-16","GALICIA","777","714.977","4.211"
"2023-11-17","A.S. A CORUÑA E CEE","172","147.859","943"
"2023-11-17","A.S. FERROL","39","44.919","354"
"2023-11-17","A.S. LUGO, A MARIÑA E MONFORTE","96","80.539","450"
"2023-11-17","A.S. OURENSE, VERÍN E O BARCO","122","89.592","678"
"2023-11-17","A.S. PONTEVEDRA E O SALNÉS","88","80.117","370"
"2023-11-17","A.S. SANTIAGO E BARBANZA","104","114.663","571"
"2023-11-17","A.S. VIGO","127","156.451","845"
"2023-11-17","SEN A.S. ASIGNADA","0","938","0"
"2023-11-17","GALICIA","748","715.078","4.211"
"2023-11-18","A.S. A CORUÑA E CEE","157","147.883","943"
"2023-11-18","A.S. FERROL","41","44.923","354"
"2023-11-18","A.S. LUGO, A MARIÑA E MONFORTE","93","80.546","450"
"2023-11-18","A.S. OURENSE, VERÍN E O BARCO","112","89.608","678"
"2023-11-18","A.S. PONTEVEDRA E O SALNÉS","83","80.127","370"
"2023-11-18","A.S. SANTIAGO E BARBANZA","102","114.673","571"
"2023-11-18","A.S. VIGO","121","156.461","845"
"2023-11-18","SEN A.S. ASIGNADA","0","938","0"
"2023-11-18","GALICIA","709","715.159","4.211"
"2023-11-19","A.S. A CORUÑA E CEE","156","147.894","943"
"2023-11-19","A.S. FERROL","40","44.927","354"
"2023-11-19","A.S. LUGO, A MARIÑA E MONFORTE","84","80.560","450"
"2023-11-19","A.S. OURENSE, VERÍN E O BARCO","102","89.622","678"
"2023-11-19","A.S. PONTEVEDRA E O SALNÉS","81","80.135","370"
"2023-11-19","A.S. SANTIAGO E BARBANZA","92","114.683","571"
"2023-11-19","A.S. VIGO","120","156.469","845"
"2023-11-19","SEN A.S. ASIGNADA","0","938","0"
"2023-11-19","GALICIA","675","715.228","4.211"
"2023-11-20","A.S. A CORUÑA E CEE","159","147.912","943"
"2023-11-20","A.S. FERROL","43","44.930","354"
"2023-11-20","A.S. LUGO, A MARIÑA E MONFORTE","86","80.570","450"
"2023-11-20","A.S. OURENSE, VERÍN E O BARCO","105","89.636","678"
"2023-11-20","A.S. PONTEVEDRA E O SALNÉS","88","80.138","370"
"2023-11-20","A.S. SANTIAGO E BARBANZA","100","114.695","571"
"2023-11-20","A.S. VIGO","116","156.485","845"
"2023-11-20","SEN A.S. ASIGNADA","0","938","0"
"2023-11-20","GALICIA","697","715.304","4.211"
"2023-11-21","A.S. A CORUÑA E CEE","163","147.925","943"
"2023-11-21","A.S. FERROL","43","44.934","354"
"2023-11-21","A.S. LUGO, A MARIÑA E MONFORTE","86","80.579","450"
"2023-11-21","A.S. OURENSE, VERÍN E O BARCO","109","89.647","678"
"2023-11-21","A.S. PONTEVEDRA E O SALNÉS","94","80.142","370"
"2023-11-21","A.S. SANTIAGO E BARBANZA","98","114.709","571"
"2023-11-21","A.S. VIGO","121","156.494","845"
"2023-11-21","SEN A.S. ASIGNADA","0","938","0"
"2023-11-21","GALICIA","714","715.368","4.211"
"2023-11-22","A.S. A CORUÑA E CEE","173","147.934","943"
"2023-11-22","A.S. FERROL","42","44.936","354"
"2023-11-22","A.S. LUGO, A MARIÑA E MONFORTE","86","80.586","450"
"2023-11-22","A.S. OURENSE, VERÍN E O BARCO","106","89.654","678"
"2023-11-22","A.S. PONTEVEDRA E O SALNÉS","99","80.147","370"
"2023-11-22","A.S. SANTIAGO E BARBANZA","98","114.716","571"
"2023-11-22","A.S. VIGO","134","156.498","845"
"2023-11-22","SEN A.S. ASIGNADA","0","938","0"
"2023-11-22","GALICIA","738","715.409","4.211"
"2023-11-23","A.S. A CORUÑA E CEE","174","147.948","943"
"2023-11-23","A.S. FERROL","41","44.942","354"
"2023-11-23","A.S. LUGO, A MARIÑA E MONFORTE","89","80.593","450"
"2023-11-23","A.S. OURENSE, VERÍN E O BARCO","106","89.658","678"
"2023-11-23","A.S. PONTEVEDRA E O SALNÉS","102","80.153","370"
"2023-11-23","A.S. SANTIAGO E BARBANZA","109","114.720","571"
"2023-11-23","A.S. VIGO","144","156.502","845"
"2023-11-23","SEN A.S. ASIGNADA","0","938","0"
"2023-11-23","GALICIA","765","715.454","4.211"
"2023-11-24","A.S. A CORUÑA E CEE","186","147.964","943"
"2023-11-24","A.S. FERROL","45","44.944","354"
"2023-11-24","A.S. LUGO, A MARIÑA E MONFORTE","78","80.608","450"
"2023-11-24","A.S. OURENSE, VERÍN E O BARCO","100","89.668","678"
"2023-11-24","A.S. PONTEVEDRA E O SALNÉS","99","80.165","370"
"2023-11-24","A.S. SANTIAGO E BARBANZA","111","114.731","571"
"2023-11-24","A.S. VIGO","147","156.517","845"
"2023-11-24","SEN A.S. ASIGNADA","0","938","0"
"2023-11-24","GALICIA","766","715.535","4.211"
"2023-11-25","A.S. A CORUÑA E CEE","176","147.981","943"
"2023-11-25","A.S. FERROL","44","44.948","354"
"2023-11-25","A.S. LUGO, A MARIÑA E MONFORTE","75","80.614","450"
"2023-11-25","A.S. OURENSE, VERÍN E O BARCO","90","89.679","678"
"2023-11-25","A.S. PONTEVEDRA E O SALNÉS","91","80.174","370"
"2023-11-25","A.S. SANTIAGO E BARBANZA","110","114.737","571"
"2023-11-25","A.S. VIGO","129","156.538","845"
"2023-11-25","SEN A.S. ASIGNADA","0","938","0"
"2023-11-25","GALICIA","715","715.609","4.211"
"2023-11-26","A.S. A CORUÑA E CEE","171","147.996","943"
"2023-11-26","A.S. FERROL","45","44.952","354"
"2023-11-26","A.S. LUGO, A MARIÑA E MONFORTE","73","80.619","450"
"2023-11-26","A.S. OURENSE, VERÍN E O BARCO","82","89.690","678"
"2023-11-26","A.S. PONTEVEDRA E O SALNÉS","85","80.181","370"
"2023-11-26","A.S. SANTIAGO E BARBANZA","105","114.746","571"
"2023-11-26","A.S. VIGO","119","156.552","845"
"2023-11-26","SEN A.S. ASIGNADA","0","938","0"
"2023-11-26","GALICIA","680","715.674","4.211"
"2023-11-27","A.S. A CORUÑA E CEE","177","148.012","943"
"2023-11-27","A.S. FERROL","50","44.955","354"
"2023-11-27","A.S. LUGO, A MARIÑA E MONFORTE","76","80.621","450"
"2023-11-27","A.S. OURENSE, VERÍN E O BARCO","74","89.700","678"
"2023-11-27","A.S. PONTEVEDRA E O SALNÉS","87","80.190","370"
"2023-11-27","A.S. SANTIAGO E BARBANZA","98","114.762","571"
"2023-11-27","A.S. VIGO","113","156.570","845"
"2023-11-27","SEN A.S. ASIGNADA","0","938","0"
"2023-11-27","GALICIA","675","715.748","4.211"
"2023-11-28","A.S. A CORUÑA E CEE","175","148.032","943"
"2023-11-28","A.S. FERROL","51","44.959","354"
"2023-11-28","A.S. LUGO, A MARIÑA E MONFORTE","66","80.638","450"
"2023-11-28","A.S. OURENSE, VERÍN E O BARCO","69","89.712","678"
"2023-11-28","A.S. PONTEVEDRA E O SALNÉS","86","80.202","370"
"2023-11-28","A.S. SANTIAGO E BARBANZA","104","114.766","571"
"2023-11-28","A.S. VIGO","124","156.582","845"
"2023-11-28","SEN A.S. ASIGNADA","0","938","0"
"2023-11-28","GALICIA","675","715.829","4.211"
"2023-11-29","A.S. A CORUÑA E CEE","190","148.041","943"
"2023-11-29","A.S. FERROL","52","44.966","354"
"2023-11-29","A.S. LUGO, A MARIÑA E MONFORTE","65","80.644","450"
"2023-11-29","A.S. OURENSE, VERÍN E O BARCO","66","89.720","678"
"2023-11-29","A.S. PONTEVEDRA E O SALNÉS","93","80.208","370"
"2023-11-29","A.S. SANTIAGO E BARBANZA","105","114.776","571"
"2023-11-29","A.S. VIGO","148","156.585","845"
"2023-11-29","SEN A.S. ASIGNADA","0","938","0"
"2023-11-29","GALICIA","719","715.878","4.211"
"2023-11-30","A.S. A CORUÑA E CEE","207","148.049","943"
"2023-11-30","A.S. FERROL","54","44.969","354"
"2023-11-30","A.S. LUGO, A MARIÑA E MONFORTE","66","80.647","450"
"2023-11-30","A.S. OURENSE, VERÍN E O BARCO","64","89.725","678"
"2023-11-30","A.S. PONTEVEDRA E O SALNÉS","108","80.215","370"
"2023-11-30","A.S. SANTIAGO E BARBANZA","122","114.776","571"
"2023-11-30","A.S. VIGO","154","156.592","845"
"2023-11-30","SEN A.S. ASIGNADA","0","938","0"
"2023-11-30","GALICIA","775","715.911","4.211"
"2023-12-01","A.S. A CORUÑA E CEE","192","147.836","943"
"2023-12-01","A.S. FERROL","56","44.922","354"
"2023-12-01","A.S. LUGO, A MARIÑA E MONFORTE","67","80.586","450"
"2023-12-01","A.S. OURENSE, VERÍN E O BARCO","51","89.680","678"
"2023-12-01","A.S. PONTEVEDRA E O SALNÉS","103","80.133","370"
"2023-12-01","A.S. SANTIAGO E BARBANZA","110","114.695","571"
"2023-12-01","A.S. VIGO","160","156.438","845"
"2023-12-01","SEN A.S. ASIGNADA","0","935","0"
"2023-12-01","GALICIA","739","715.225","4.211"
"2023-12-02","A.S. A CORUÑA E CEE","193","147.853","943"
"2023-12-02","A.S. FERROL","55","44.927","354"
"2023-12-02","A.S. LUGO, A MARIÑA E MONFORTE","63","80.594","450"
"2023-12-02","A.S. OURENSE, VERÍN E O BARCO","41","89.694","678"
"2023-12-02","A.S. PONTEVEDRA E O SALNÉS","98","80.144","370"
"2023-12-02","A.S. SANTIAGO E BARBANZA","107","114.706","571"
"2023-12-02","A.S. VIGO","147","156.452","845"
"2023-12-02","SEN A.S. ASIGNADA","0","935","0"
"2023-12-02","GALICIA","704","715.305","4.211"
"2023-12-03","A.S. A CORUÑA E CEE","184","147.870","943"
"2023-12-03","A.S. FERROL","60","44.928","354"
"2023-12-03","A.S. LUGO, A MARIÑA E MONFORTE","60","80.601","450"
"2023-12-03","A.S. OURENSE, VERÍN E O BARCO","37","89.698","678"
"2023-12-03","A.S. PONTEVEDRA E O SALNÉS","95","80.154","370"
"2023-12-03","A.S. SANTIAGO E BARBANZA","103","114.712","571"
"2023-12-03","A.S. VIGO","135","156.468","845"
"2023-12-03","SEN A.S. ASIGNADA","0","935","0"
"2023-12-03","GALICIA","674","715.366","4.211"
"2023-12-04","A.S. A CORUÑA E CEE","194","147.884","943"
"2023-12-04","A.S. FERROL","60","44.933","354"
"2023-12-04","A.S. LUGO, A MARIÑA E MONFORTE","54","80.613","450"
"2023-12-04","A.S. OURENSE, VERÍN E O BARCO","40","89.701","678"
"2023-12-04","A.S. PONTEVEDRA E O SALNÉS","96","80.162","370"
"2023-12-04","A.S. SANTIAGO E BARBANZA","100","114.725","571"
"2023-12-04","A.S. VIGO","134","156.482","845"
"2023-12-04","SEN A.S. ASIGNADA","0","935","0"
"2023-12-04","GALICIA","678","715.435","4.211"
"2023-12-05","A.S. A CORUÑA E CEE","184","147.910","943"
"2023-12-05","A.S. FERROL","56","44.939","354"
"2023-12-05","A.S. LUGO, A MARIÑA E MONFORTE","60","80.619","450"
"2023-12-05","A.S. OURENSE, VERÍN E O BARCO","40","89.705","678"
"2023-12-05","A.S. PONTEVEDRA E O SALNÉS","95","80.171","370"
"2023-12-05","A.S. SANTIAGO E BARBANZA","103","114.735","571"
"2023-12-05","A.S. VIGO","134","156.497","845"
"2023-12-05","SEN A.S. ASIGNADA","0","935","0"
"2023-12-05","GALICIA","672","715.511","4.211"
"2023-12-06","A.S. A CORUÑA E CEE","187","147.918","943"
"2023-12-06","A.S. FERROL","59","44.942","354"
"2023-12-06","A.S. LUGO, A MARIÑA E MONFORTE","64","80.624","450"
"2023-12-06","A.S. OURENSE, VERÍN E O BARCO","41","89.705","678"
"2023-12-06","A.S. PONTEVEDRA E O SALNÉS","101","80.172","370"
"2023-12-06","A.S. SANTIAGO E BARBANZA","105","114.740","571"
"2023-12-06","A.S. VIGO","138","156.500","845"
"2023-12-06","SEN A.S. ASIGNADA","0","935","0"
"2023-12-06","GALICIA","695","715.536","4.211"
"2023-12-07","A.S. A CORUÑA E CEE","193","147.933","943"
"2023-12-07","A.S. FERROL","61","44.945","354"
"2023-12-07","A.S. LUGO, A MARIÑA E MONFORTE","68","80.628","450"
"2023-12-07","A.S. OURENSE, VERÍN E O BARCO","41","89.710","678"
"2023-12-07","A.S. PONTEVEDRA E O SALNÉS","108","80.174","370"
"2023-12-07","A.S. SANTIAGO E BARBANZA","114","114.744","571"
"2023-12-07","A.S. VIGO","144","156.505","845"
"2023-12-07","SEN A.S. ASIGNADA","0","935","0"
"2023-12-07","GALICIA","729","715.574","4.211"
"2023-12-08","A.S. A CORUÑA E CEE","193","147.955","943"
"2023-12-08","A.S. FERROL","60","44.952","354"
"2023-12-08","A.S. LUGO, A MARIÑA E MONFORTE","67","80.633","450"
"2023-12-08","A.S. OURENSE, VERÍN E O BARCO","44","89.712","678"
"2023-12-08","A.S. PONTEVEDRA E O SALNÉS","106","80.183","370"
"2023-12-08","A.S. SANTIAGO E BARBANZA","111","114.755","571"
"2023-12-08","A.S. VIGO","136","156.518","845"
"2023-12-08","SEN A.S. ASIGNADA","0","935","0"
"2023-12-08","GALICIA","717","715.643","4.211"
"2023-12-09","A.S. A CORUÑA E CEE","196","147.970","943"
"2023-12-09","A.S. FERROL","59","44.957","354"
"2023-12-09","A.S. LUGO, A MARIÑA E MONFORTE","65","80.640","450"
"2023-12-09","A.S. OURENSE, VERÍN E O BARCO","44","89.716","678"
"2023-12-09","A.S. PONTEVEDRA E O SALNÉS","105","80.194","370"
"2023-12-09","A.S. SANTIAGO E BARBANZA","107","114.763","571"
"2023-12-09","A.S. VIGO","122","156.541","845"
"2023-12-09","SEN A.S. ASIGNADA","0","935","0"
"2023-12-09","GALICIA","698","715.716","4.211"
"2023-12-10","A.S. A CORUÑA E CEE","184","147.993","943"
"2023-12-10","A.S. FERROL","53","44.964","354"
"2023-12-10","A.S. LUGO, A MARIÑA E MONFORTE","62","80.644","450"
"2023-12-10","A.S. OURENSE, VERÍN E O BARCO","44","89.721","678"
"2023-12-10","A.S. PONTEVEDRA E O SALNÉS","96","80.207","370"
"2023-12-10","A.S. SANTIAGO E BARBANZA","104","114.773","571"
"2023-12-10","A.S. VIGO","114","156.564","845"
"2023-12-10","SEN A.S. ASIGNADA","0","935","0"
"2023-12-10","GALICIA","657","715.801","4.211"
"2023-12-11","A.S. A CORUÑA E CEE","190","148.018","943"
"2023-12-11","A.S. FERROL","56","44.969","354"
"2023-12-11","A.S. LUGO, A MARIÑA E MONFORTE","61","80.651","450"
"2023-12-11","A.S. OURENSE, VERÍN E O BARCO","47","89.724","678"
"2023-12-11","A.S. PONTEVEDRA E O SALNÉS","93","80.228","370"
"2023-12-11","A.S. SANTIAGO E BARBANZA","107","114.789","571"
"2023-12-11","A.S. VIGO","118","156.576","845"
"2023-12-11","SEN A.S. ASIGNADA","0","935","0"
"2023-12-11","GALICIA","672","715.890","4.211"
"2023-12-12","A.S. A CORUÑA E CEE","203","148.031","943"
"2023-12-12","A.S. FERROL","56","44.976","354"
"2023-12-12","A.S. LUGO, A MARIÑA E MONFORTE","55","80.661","450"
"2023-12-12","A.S. OURENSE, VERÍN E O BARCO","43","89.733","678"
"2023-12-12","A.S. PONTEVEDRA E O SALNÉS","93","80.236","370"
"2023-12-12","A.S. SANTIAGO E BARBANZA","107","114.801","571"
"2023-12-12","A.S. VIGO","123","156.596","845"
"2023-12-12","SEN A.S. ASIGNADA","0","935","0"
"2023-12-12","GALICIA","680","715.969","4.211"
"2023-12-13","A.S. A CORUÑA E CEE","219","148.046","943"
"2023-12-13","A.S. FERROL","52","44.984","354"
"2023-12-13","A.S. LUGO, A MARIÑA E MONFORTE","58","80.663","450"
"2023-12-13","A.S. OURENSE, VERÍN E O BARCO","49","89.734","678"
"2023-12-13","A.S. PONTEVEDRA E O SALNÉS","95","80.244","370"
"2023-12-13","A.S. SANTIAGO E BARBANZA","108","114.810","571"
"2023-12-13","A.S. VIGO","144","156.599","845"
"2023-12-13","SEN A.S. ASIGNADA","0","935","0"
"2023-12-13","GALICIA","725","716.015","4.211"
"2023-12-14","A.S. A CORUÑA E CEE","239","148.053","943"
"2023-12-14","A.S. FERROL","55","44.989","354"
"2023-12-14","A.S. LUGO, A MARIÑA E MONFORTE","62","80.665","450"
"2023-12-14","A.S. OURENSE, VERÍN E O BARCO","57","89.734","678"
"2023-12-14","A.S. PONTEVEDRA E O SALNÉS","97","80.249","370"
"2023-12-14","A.S. SANTIAGO E BARBANZA","115","114.813","571"
"2023-12-14","A.S. VIGO","158","156.603","845"
"2023-12-14","SEN A.S. ASIGNADA","0","935","0"
"2023-12-14","GALICIA","783","716.041","4.211"
"2023-12-15","A.S. A CORUÑA E CEE","241","148.080","943"
"2023-12-15","A.S. FERROL","51","44.994","354"
"2023-12-15","A.S. LUGO, A MARIÑA E MONFORTE","65","80.670","450"
"2023-12-15","A.S. OURENSE, VERÍN E O BARCO","59","89.739","678"
"2023-12-15","A.S. PONTEVEDRA E O SALNÉS","101","80.258","370"
"2023-12-15","A.S. SANTIAGO E BARBANZA","115","114.824","571"
"2023-12-15","A.S. VIGO","157","156.617","845"
"2023-12-15","SEN A.S. ASIGNADA","0","935","0"
"2023-12-15","GALICIA","789","716.117","4.211"
"2023-12-16","A.S. A CORUÑA E CEE","244","148.098","943"
"2023-12-16","A.S. FERROL","53","44.996","354"
"2023-12-16","A.S. LUGO, A MARIÑA E MONFORTE","52","80.683","450"
"2023-12-16","A.S. OURENSE, VERÍN E O BARCO","60","89.744","678"
"2023-12-16","A.S. PONTEVEDRA E O SALNÉS","93","80.267","370"
"2023-12-16","A.S. SANTIAGO E BARBANZA","104","114.838","571"
"2023-12-16","A.S. VIGO","146","156.632","845"
"2023-12-16","SEN A.S. ASIGNADA","0","935","0"
"2023-12-16","GALICIA","752","716.193","4.211"
"2023-12-17","A.S. A CORUÑA E CEE","247","148.109","943"
"2023-12-17","A.S. FERROL","50","45.002","354"
"2023-12-17","A.S. LUGO, A MARIÑA E MONFORTE","45","80.692","450"
"2023-12-17","A.S. OURENSE, VERÍN E O BARCO","62","89.746","678"
"2023-12-17","A.S. PONTEVEDRA E O SALNÉS","91","80.273","370"
"2023-12-17","A.S. SANTIAGO E BARBANZA","99","114.846","571"
"2023-12-17","A.S. VIGO","149","156.639","845"
"2023-12-17","SEN A.S. ASIGNADA","0","935","0"
"2023-12-17","GALICIA","743","716.242","4.211"
"2023-12-18","A.S. A CORUÑA E CEE","254","148.127","943"
"2023-12-18","A.S. FERROL","53","45.007","354"
"2023-12-18","A.S. LUGO, A MARIÑA E MONFORTE","43","80.699","450"
"2023-12-18","A.S. OURENSE, VERÍN E O BARCO","64","89.752","678"
"2023-12-18","A.S. PONTEVEDRA E O SALNÉS","101","80.283","370"
"2023-12-18","A.S. SANTIAGO E BARBANZA","102","114.855","571"
"2023-12-18","A.S. VIGO","151","156.651","845"
"2023-12-18","SEN A.S. ASIGNADA","0","935","0"
"2023-12-18","GALICIA","768","716.309","4.211"
"2023-12-19","A.S. A CORUÑA E CEE","267","148.148","943"
"2023-12-19","A.S. FERROL","53","45.013","354"
"2023-12-19","A.S. LUGO, A MARIÑA E MONFORTE","52","80.701","450"
"2023-12-19","A.S. OURENSE, VERÍN E O BARCO","63","89.758","678"
"2023-12-19","A.S. PONTEVEDRA E O SALNÉS","105","80.289","370"
"2023-12-19","A.S. SANTIAGO E BARBANZA","108","114.864","571"
"2023-12-19","A.S. VIGO","163","156.657","845"
"2023-12-19","SEN A.S. ASIGNADA","0","935","0"
"2023-12-19","GALICIA","811","716.365","4.211"
"2023-12-20","A.S. A CORUÑA E CEE","281","148.164","943"
"2023-12-20","A.S. FERROL","55","45.018","354"
"2023-12-20","A.S. LUGO, A MARIÑA E MONFORTE","55","80.706","450"
"2023-12-20","A.S. OURENSE, VERÍN E O BARCO","63","89.764","678"
"2023-12-20","A.S. PONTEVEDRA E O SALNÉS","113","80.298","370"
"2023-12-20","A.S. SANTIAGO E BARBANZA","123","114.869","571"
"2023-12-20","A.S. VIGO","181","156.666","845"
"2023-12-20","SEN A.S. ASIGNADA","0","935","0"
"2023-12-20","GALICIA","871","716.420","4.211"
"2023-12-21","A.S. A CORUÑA E CEE","303","148.175","943"
"2023-12-21","A.S. FERROL","57","45.019","354"
"2023-12-21","A.S. LUGO, A MARIÑA E MONFORTE","64","80.707","450"
"2023-12-21","A.S. OURENSE, VERÍN E O BARCO","73","89.769","678"
"2023-12-21","A.S. PONTEVEDRA E O SALNÉS","119","80.304","370"
"2023-12-21","A.S. SANTIAGO E BARBANZA","133","114.876","571"
"2023-12-21","A.S. VIGO","180","156.681","845"
"2023-12-21","SEN A.S. ASIGNADA","0","935","0"
"2023-12-21","GALICIA","929","716.466","4.211"
"2023-12-22","A.S. A CORUÑA E CEE","301","148.209","943"
"2023-12-22","A.S. FERROL","54","45.029","354"
"2023-12-22","A.S. LUGO, A MARIÑA E MONFORTE","66","80.713","450"
"2023-12-22","A.S. OURENSE, VERÍN E O BARCO","82","89.774","678"
"2023-12-22","A.S. PONTEVEDRA E O SALNÉS","118","80.322","370"
"2023-12-22","A.S. SANTIAGO E BARBANZA","134","114.893","571"
"2023-12-22","A.S. VIGO","185","156.697","845"
"2023-12-22","SEN A.S. ASIGNADA","0","935","0"
"2023-12-22","GALICIA","940","716.572","4.211"
"2023-12-23","A.S. A CORUÑA E CEE","294","148.236","943"
"2023-12-23","A.S. FERROL","52","45.036","354"
"2023-12-23","A.S. LUGO, A MARIÑA E MONFORTE","66","80.719","450"
"2023-12-23","A.S. OURENSE, VERÍN E O BARCO","82","89.776","678"
"2023-12-23","A.S. PONTEVEDRA E O SALNÉS","113","80.332","370"
"2023-12-23","A.S. SANTIAGO E BARBANZA","128","114.907","571"
"2023-12-23","A.S. VIGO","175","156.722","845"
"2023-12-23","SEN A.S. ASIGNADA","0","935","0"
"2023-12-23","GALICIA","910","716.663","4.211"
"2023-12-24","A.S. A CORUÑA E CEE","284","148.266","943"
"2023-12-24","A.S. FERROL","52","45.041","354"
"2023-12-24","A.S. LUGO, A MARIÑA E MONFORTE","70","80.725","450"
"2023-12-24","A.S. OURENSE, VERÍN E O BARCO","86","89.782","678"
"2023-12-24","A.S. PONTEVEDRA E O SALNÉS","109","80.341","370"
"2023-12-24","A.S. SANTIAGO E BARBANZA","127","114.917","571"
"2023-12-24","A.S. VIGO","165","156.744","845"
"2023-12-24","SEN A.S. ASIGNADA","0","935","0"
"2023-12-24","GALICIA","893","716.751","4.211"
"2023-12-25","A.S. A CORUÑA E CEE","270","148.292","943"
"2023-12-25","A.S. FERROL","47","45.050","354"
"2023-12-25","A.S. LUGO, A MARIÑA E MONFORTE","71","80.731","450"
"2023-12-25","A.S. OURENSE, VERÍN E O BARCO","83","89.790","678"
"2023-12-25","A.S. PONTEVEDRA E O SALNÉS","109","80.346","370"
"2023-12-25","A.S. SANTIAGO E BARBANZA","123","114.927","571"
"2023-12-25","A.S. VIGO","159","156.761","845"
"2023-12-25","SEN A.S. ASIGNADA","0","935","0"
"2023-12-25","GALICIA","862","716.832","4.211"
"2023-12-26","A.S. A CORUÑA E CEE","274","148.325","943"
"2023-12-26","A.S. FERROL","54","45.050","354"
"2023-12-26","A.S. LUGO, A MARIÑA E MONFORTE","70","80.741","450"
"2023-12-26","A.S. OURENSE, VERÍN E O BARCO","83","89.803","678"
"2023-12-26","A.S. PONTEVEDRA E O SALNÉS","107","80.360","370"
"2023-12-26","A.S. SANTIAGO E BARBANZA","133","114.939","571"
"2023-12-26","A.S. VIGO","174","156.774","845"
"2023-12-26","SEN A.S. ASIGNADA","0","935","0"
"2023-12-26","GALICIA","895","716.927","4.211"
"2023-12-27","A.S. A CORUÑA E CEE","291","148.347","943"
"2023-12-27","A.S. FERROL","58","45.055","354"
"2023-12-27","A.S. LUGO, A MARIÑA E MONFORTE","88","80.742","450"
"2023-12-27","A.S. OURENSE, VERÍN E O BARCO","95","89.809","678"
"2023-12-27","A.S. PONTEVEDRA E O SALNÉS","118","80.360","370"
"2023-12-27","A.S. SANTIAGO E BARBANZA","149","114.942","571"
"2023-12-27","A.S. VIGO","189","156.779","845"
"2023-12-27","SEN A.S. ASIGNADA","0","935","0"
"2023-12-27","GALICIA","988","716.969","4.211"
"2023-12-28","A.S. A CORUÑA E CEE","316","148.365","943"
"2023-12-28","A.S. FERROL","72","45.058","354"
"2023-12-28","A.S. LUGO, A MARIÑA E MONFORTE","99","80.743","450"
"2023-12-28","A.S. OURENSE, VERÍN E O BARCO","106","89.813","678"
"2023-12-28","A.S. PONTEVEDRA E O SALNÉS","122","80.366","370"
"2023-12-28","A.S. SANTIAGO E BARBANZA","163","114.946","571"
"2023-12-28","A.S. VIGO","197","156.791","845"
"2023-12-28","SEN A.S. ASIGNADA","0","935","0"
"2023-12-28","GALICIA","1.075","717.017","4.211"
"2023-12-29","A.S. A CORUÑA E CEE","322","148.389","943"
"2023-12-29","A.S. FERROL","77","45.064","354"
"2023-12-29","A.S. LUGO, A MARIÑA E MONFORTE","107","80.748","450"
"2023-12-29","A.S. OURENSE, VERÍN E O BARCO","110","89.821","678"
"2023-12-29","A.S. PONTEVEDRA E O SALNÉS","118","80.387","370"
"2023-12-29","A.S. SANTIAGO E BARBANZA","167","114.957","571"
"2023-12-29","A.S. VIGO","205","156.803","845"
"2023-12-29","SEN A.S. ASIGNADA","0","935","0"
"2023-12-29","GALICIA","1.106","717.104","4.211"
"2023-12-30","A.S. A CORUÑA E CEE","308","148.421","943"
"2023-12-30","A.S. FERROL","74","45.070","354"
"2023-12-30","A.S. LUGO, A MARIÑA E MONFORTE","106","80.757","450"
"2023-12-30","A.S. OURENSE, VERÍN E O BARCO","111","89.828","678"
"2023-12-30","A.S. PONTEVEDRA E O SALNÉS","114","80.398","370"
"2023-12-30","A.S. SANTIAGO E BARBANZA","160","114.970","571"
"2023-12-30","A.S. VIGO","198","156.823","845"
"2023-12-30","SEN A.S. ASIGNADA","0","935","0"
"2023-12-30","GALICIA","1.071","717.202","4.211"
"2023-12-31","A.S. A CORUÑA E CEE","301","148.450","943"
"2023-12-31","A.S. FERROL","74","45.076","354"
"2023-12-31","A.S. LUGO, A MARIÑA E MONFORTE","104","80.765","450"
"2023-12-31","A.S. OURENSE, VERÍN E O BARCO","113","89.834","678"
"2023-12-31","A.S. PONTEVEDRA E O SALNÉS","105","80.412","370"
"2023-12-31","A.S. SANTIAGO E BARBANZA","148","114.988","571"
"2023-12-31","A.S. VIGO","177","156.853","845"
"2023-12-31","SEN A.S. ASIGNADA","0","935","0"
"2023-12-31","GALICIA","1.022","717.313","4.211"
"2024-01-01","A.S. A CORUÑA E CEE","271","148.363","943"
"2024-01-01","A.S. FERROL","70","45.025","354"
"2024-01-01","A.S. LUGO, A MARIÑA E MONFORTE","104","80.676","450"
"2024-01-01","A.S. OURENSE, VERÍN E O BARCO","102","89.766","678"
"2024-01-01","A.S. PONTEVEDRA E O SALNÉS","95","80.381","370"
"2024-01-01","A.S. SANTIAGO E BARBANZA","131","114.926","571"
"2024-01-01","A.S. VIGO","177","156.798","845"
"2024-01-01","SEN A.S. ASIGNADA","0","933","0"
"2024-01-01","GALICIA","950","716.868","4.211"
"2024-01-02","A.S. A CORUÑA E CEE","266","148.393","943"
"2024-01-02","A.S. FERROL","78","45.031","354"
"2024-01-02","A.S. LUGO, A MARIÑA E MONFORTE","110","80.686","450"
"2024-01-02","A.S. OURENSE, VERÍN E O BARCO","114","89.777","678"
"2024-01-02","A.S. PONTEVEDRA E O SALNÉS","90","80.396","370"
"2024-01-02","A.S. SANTIAGO E BARBANZA","122","114.943","571"
"2024-01-02","A.S. VIGO","175","156.819","845"
"2024-01-02","SEN A.S. ASIGNADA","0","933","0"
"2024-01-02","GALICIA","955","716.978","4.211"
"2024-01-03","A.S. A CORUÑA E CEE","281","148.411","943"
"2024-01-03","A.S. FERROL","85","45.035","354"
"2024-01-03","A.S. LUGO, A MARIÑA E MONFORTE","115","80.695","450"
"2024-01-03","A.S. OURENSE, VERÍN E O BARCO","122","89.781","678"
"2024-01-03","A.S. PONTEVEDRA E O SALNÉS","88","80.402","370"
"2024-01-03","A.S. SANTIAGO E BARBANZA","134","114.951","571"
"2024-01-03","A.S. VIGO","182","156.838","845"
"2024-01-03","SEN A.S. ASIGNADA","0","933","0"
"2024-01-03","GALICIA","1.007","717.046","4.211"
"2024-01-04","A.S. A CORUÑA E CEE","284","148.431","943"
"2024-01-04","A.S. FERROL","90","45.041","354"
"2024-01-04","A.S. LUGO, A MARIÑA E MONFORTE","121","80.705","450"
"2024-01-04","A.S. OURENSE, VERÍN E O BARCO","125","89.794","678"
"2024-01-04","A.S. PONTEVEDRA E O SALNÉS","90","80.410","370"
"2024-01-04","A.S. SANTIAGO E BARBANZA","144","114.958","571"
"2024-01-04","A.S. VIGO","187","156.854","845"
"2024-01-04","SEN A.S. ASIGNADA","0","933","0"
"2024-01-04","GALICIA","1.041","717.126","4.211"
"2024-01-05","A.S. A CORUÑA E CEE","281","148.445","943"
"2024-01-05","A.S. FERROL","97","45.044","354"
"2024-01-05","A.S. LUGO, A MARIÑA E MONFORTE","127","80.711","450"
"2024-01-05","A.S. OURENSE, VERÍN E O BARCO","133","89.798","678"
"2024-01-05","A.S. PONTEVEDRA E O SALNÉS","103","80.413","370"
"2024-01-05","A.S. SANTIAGO E BARBANZA","150","114.964","571"
"2024-01-05","A.S. VIGO","199","156.864","845"
"2024-01-05","SEN A.S. ASIGNADA","0","933","0"
"2024-01-05","GALICIA","1.090","717.172","4.211"
"2024-01-06","A.S. A CORUÑA E CEE","258","148.478","943"
"2024-01-06","A.S. FERROL","93","45.050","354"
"2024-01-06","A.S. LUGO, A MARIÑA E MONFORTE","120","80.721","450"
"2024-01-06","A.S. OURENSE, VERÍN E O BARCO","121","89.813","678"
"2024-01-06","A.S. PONTEVEDRA E O SALNÉS","98","80.424","370"
"2024-01-06","A.S. SANTIAGO E BARBANZA","134","114.986","571"
"2024-01-06","A.S. VIGO","176","156.894","845"
"2024-01-06","SEN A.S. ASIGNADA","0","933","0"
"2024-01-06","GALICIA","1.000","717.299","4.211"
"2024-01-07","A.S. A CORUÑA E CEE","230","148.514","943"
"2024-01-07","A.S. FERROL","86","45.059","354"
"2024-01-07","A.S. LUGO, A MARIÑA E MONFORTE","109","80.739","450"
"2024-01-07","A.S. OURENSE, VERÍN E O BARCO","109","89.828","678"
"2024-01-07","A.S. PONTEVEDRA E O SALNÉS","92","80.437","370"
"2024-01-07","A.S. SANTIAGO E BARBANZA","126","115.003","571"
"2024-01-07","A.S. VIGO","172","156.908","845"
"2024-01-07","SEN A.S. ASIGNADA","0","933","0"
"2024-01-07","GALICIA","924","717.421","4.211"
"2024-01-08","A.S. A CORUÑA E CEE","200","148.554","943"
"2024-01-08","A.S. FERROL","84","45.074","354"
"2024-01-08","A.S. LUGO, A MARIÑA E MONFORTE","100","80.753","450"
"2024-01-08","A.S. OURENSE, VERÍN E O BARCO","103","89.845","678"
"2024-01-08","A.S. PONTEVEDRA E O SALNÉS","89","80.447","370"
"2024-01-08","A.S. SANTIAGO E BARBANZA","116","115.022","571"
"2024-01-08","A.S. VIGO","168","156.926","845"
"2024-01-08","SEN A.S. ASIGNADA","0","933","0"
"2024-01-08","GALICIA","860","717.554","4.211"
"2024-01-09","A.S. A CORUÑA E CEE","197","148.587","943"
"2024-01-09","A.S. FERROL","82","45.084","354"
"2024-01-09","A.S. LUGO, A MARIÑA E MONFORTE","102","80.764","450"
"2024-01-09","A.S. OURENSE, VERÍN E O BARCO","112","89.853","678"
"2024-01-09","A.S. PONTEVEDRA E O SALNÉS","79","80.464","370"
"2024-01-09","A.S. SANTIAGO E BARBANZA","111","115.036","571"
"2024-01-09","A.S. VIGO","157","156.947","845"
"2024-01-09","SEN A.S. ASIGNADA","0","933","0"
"2024-01-09","GALICIA","840","717.668","4.211"
"2024-01-10","A.S. A CORUÑA E CEE","194","148.605","943"
"2024-01-10","A.S. FERROL","82","45.091","354"
"2024-01-10","A.S. LUGO, A MARIÑA E MONFORTE","104","80.771","450"
"2024-01-10","A.S. OURENSE, VERÍN E O BARCO","114","89.864","678"
"2024-01-10","A.S. PONTEVEDRA E O SALNÉS","79","80.469","370"
"2024-01-10","A.S. SANTIAGO E BARBANZA","113","115.045","571"
"2024-01-10","A.S. VIGO","161","156.957","845"
"2024-01-10","SEN A.S. ASIGNADA","0","933","0"
"2024-01-10","GALICIA","847","717.735","4.211"
"2024-01-11","A.S. A CORUÑA E CEE","196","148.627","943"
"2024-01-11","A.S. FERROL","78","45.096","354"
"2024-01-11","A.S. LUGO, A MARIÑA E MONFORTE","104","80.780","450"
"2024-01-11","A.S. OURENSE, VERÍN E O BARCO","114","89.873","678"
"2024-01-11","A.S. PONTEVEDRA E O SALNÉS","82","80.474","370"
"2024-01-11","A.S. SANTIAGO E BARBANZA","120","115.049","571"
"2024-01-11","A.S. VIGO","165","156.965","845"
"2024-01-11","SEN A.S. ASIGNADA","0","933","0"
"2024-01-11","GALICIA","859","717.797","4.211"
"2024-01-12","A.S. A CORUÑA E CEE","204","148.640","943"
"2024-01-12","A.S. FERROL","82","45.097","354"
"2024-01-12","A.S. LUGO, A MARIÑA E MONFORTE","104","80.792","450"
"2024-01-12","A.S. OURENSE, VERÍN E O BARCO","119","89.875","678"
"2024-01-12","A.S. PONTEVEDRA E O SALNÉS","83","80.479","370"
"2024-01-12","A.S. SANTIAGO E BARBANZA","120","115.054","571"
"2024-01-12","A.S. VIGO","163","156.979","845"
"2024-01-12","SEN A.S. ASIGNADA","0","933","0"
"2024-01-12","GALICIA","875","717.849","4.211"
"2024-01-13","A.S. A CORUÑA E CEE","192","148.661","943"
"2024-01-13","A.S. FERROL","77","45.110","354"
"2024-01-13","A.S. LUGO, A MARIÑA E MONFORTE","92","80.805","450"
"2024-01-13","A.S. OURENSE, VERÍN E O BARCO","104","89.892","678"
"2024-01-13","A.S. PONTEVEDRA E O SALNÉS","76","80.490","370"
"2024-01-13","A.S. SANTIAGO E BARBANZA","116","115.063","571"
"2024-01-13","A.S. VIGO","147","156.998","845"
"2024-01-13","SEN A.S. ASIGNADA","0","933","0"
"2024-01-13","GALICIA","804","717.952","4.211"
"2024-01-14","A.S. A CORUÑA E CEE","169","148.694","943"
"2024-01-14","A.S. FERROL","71","45.120","354"
"2024-01-14","A.S. LUGO, A MARIÑA E MONFORTE","88","80.816","450"
"2024-01-14","A.S. OURENSE, VERÍN E O BARCO","95","89.903","678"
"2024-01-14","A.S. PONTEVEDRA E O SALNÉS","75","80.494","370"
"2024-01-14","A.S. SANTIAGO E BARBANZA","99","115.082","571"
"2024-01-14","A.S. VIGO","129","157.024","845"
"2024-01-14","SEN A.S. ASIGNADA","0","933","0"
"2024-01-14","GALICIA","726","718.066","4.211"
"2024-01-15","A.S. A CORUÑA E CEE","164","148.715","943"
"2024-01-15","A.S. FERROL","65","45.133","354"
"2024-01-15","A.S. LUGO, A MARIÑA E MONFORTE","86","80.831","450"
"2024-01-15","A.S. OURENSE, VERÍN E O BARCO","95","89.920","678"
"2024-01-15","A.S. PONTEVEDRA E O SALNÉS","67","80.505","370"
"2024-01-15","A.S. SANTIAGO E BARBANZA","90","115.102","571"
"2024-01-15","A.S. VIGO","122","157.048","845"
"2024-01-15","SEN A.S. ASIGNADA","0","933","0"
"2024-01-15","GALICIA","689","718.187","4.211"
"2024-01-16","A.S. A CORUÑA E CEE","171","148.727","943"
"2024-01-16","A.S. FERROL","58","45.142","354"
"2024-01-16","A.S. LUGO, A MARIÑA E MONFORTE","81","80.844","450"
"2024-01-16","A.S. OURENSE, VERÍN E O BARCO","98","89.935","678"
"2024-01-16","A.S. PONTEVEDRA E O SALNÉS","59","80.519","370"
"2024-01-16","A.S. SANTIAGO E BARBANZA","90","115.114","571"
"2024-01-16","A.S. VIGO","116","157.070","845"
"2024-01-16","SEN A.S. ASIGNADA","0","933","0"
"2024-01-16","GALICIA","673","718.284","4.211"
"2024-01-17","A.S. A CORUÑA E CEE","168","148.741","943"
"2024-01-17","A.S. FERROL","66","45.145","354"
"2024-01-17","A.S. LUGO, A MARIÑA E MONFORTE","86","80.846","450"
"2024-01-17","A.S. OURENSE, VERÍN E O BARCO","102","89.938","678"
"2024-01-17","A.S. PONTEVEDRA E O SALNÉS","61","80.523","370"
"2024-01-17","A.S. SANTIAGO E BARBANZA","95","115.119","571"
"2024-01-17","A.S. VIGO","119","157.081","845"
"2024-01-17","SEN A.S. ASIGNADA","0","933","0"
"2024-01-17","GALICIA","697","718.326","4.211"
"2024-01-18","A.S. A CORUÑA E CEE","166","148.748","943"
"2024-01-18","A.S. FERROL","71","45.147","354"
"2024-01-18","A.S. LUGO, A MARIÑA E MONFORTE","84","80.855","450"
"2024-01-18","A.S. OURENSE, VERÍN E O BARCO","107","89.943","678"
"2024-01-18","A.S. PONTEVEDRA E O SALNÉS","60","80.529","370"
"2024-01-18","A.S. SANTIAGO E BARBANZA","96","115.126","571"
"2024-01-18","A.S. VIGO","117","157.090","845"
"2024-01-18","SEN A.S. ASIGNADA","0","933","0"
"2024-01-18","GALICIA","701","718.371","4.211"
"2024-01-19","A.S. A CORUÑA E CEE","164","148.758","943"
"2024-01-19","A.S. FERROL","63","45.159","354"
"2024-01-19","A.S. LUGO, A MARIÑA E MONFORTE","84","80.861","450"
"2024-01-19","A.S. OURENSE, VERÍN E O BARCO","99","89.956","678"
"2024-01-19","A.S. PONTEVEDRA E O SALNÉS","60","80.535","370"
"2024-01-19","A.S. SANTIAGO E BARBANZA","98","115.135","571"
"2024-01-19","A.S. VIGO","111","157.104","845"
"2024-01-19","SEN A.S. ASIGNADA","0","933","0"
"2024-01-19","GALICIA","679","718.441","4.211"
"2024-01-20","A.S. A CORUÑA E CEE","140","148.784","943"
"2024-01-20","A.S. FERROL","57","45.167","354"
"2024-01-20","A.S. LUGO, A MARIÑA E MONFORTE","77","80.872","450"
"2024-01-20","A.S. OURENSE, VERÍN E O BARCO","92","89.969","678"
"2024-01-20","A.S. PONTEVEDRA E O SALNÉS","57","80.539","370"
"2024-01-20","A.S. SANTIAGO E BARBANZA","89","115.146","571"
"2024-01-20","A.S. VIGO","105","157.114","845"
"2024-01-20","SEN A.S. ASIGNADA","0","933","0"
"2024-01-20","GALICIA","617","718.524","4.211"
"2024-01-21","A.S. A CORUÑA E CEE","131","148.799","943"
"2024-01-21","A.S. FERROL","51","45.175","354"
"2024-01-21","A.S. LUGO, A MARIÑA E MONFORTE","73","80.880","450"
"2024-01-21","A.S. OURENSE, VERÍN E O BARCO","84","89.979","678"
"2024-01-21","A.S. PONTEVEDRA E O SALNÉS","55","80.546","370"
"2024-01-21","A.S. SANTIAGO E BARBANZA","81","115.155","571"
"2024-01-21","A.S. VIGO","100","157.126","845"
"2024-01-21","SEN A.S. ASIGNADA","0","933","0"
"2024-01-21","GALICIA","575","718.593","4.211"
"2024-01-22","A.S. A CORUÑA E CEE","119","148.819","943"
"2024-01-22","A.S. FERROL","52","45.176","354"
"2024-01-22","A.S. LUGO, A MARIÑA E MONFORTE","70","80.891","450"
"2024-01-22","A.S. OURENSE, VERÍN E O BARCO","80","89.989","678"
"2024-01-22","A.S. PONTEVEDRA E O SALNÉS","50","80.556","370"
"2024-01-22","A.S. SANTIAGO E BARBANZA","75","115.166","571"
"2024-01-22","A.S. VIGO","99","157.134","845"
"2024-01-22","SEN A.S. ASIGNADA","0","933","0"
"2024-01-22","GALICIA","545","718.664","4.211"
"2024-01-23","A.S. A CORUÑA E CEE","112","148.836","943"
"2024-01-23","A.S. FERROL","49","45.182","354"
"2024-01-23","A.S. LUGO, A MARIÑA E MONFORTE","63","80.903","450"
"2024-01-23","A.S. OURENSE, VERÍN E O BARCO","81","89.994","678"
"2024-01-23","A.S. PONTEVEDRA E O SALNÉS","44","80.564","370"
"2024-01-23","A.S. SANTIAGO E BARBANZA","75","115.171","571"
"2024-01-23","A.S. VIGO","97","157.142","845"
"2024-01-23","SEN A.S. ASIGNADA","0","933","0"
"2024-01-23","GALICIA","521","718.725","4.211"
"2024-01-24","A.S. A CORUÑA E CEE","115","148.846","943"
"2024-01-24","A.S. FERROL","43","45.189","354"
"2024-01-24","A.S. LUGO, A MARIÑA E MONFORTE","64","80.908","450"
"2024-01-24","A.S. OURENSE, VERÍN E O BARCO","80","89.997","678"
"2024-01-24","A.S. PONTEVEDRA E O SALNÉS","43","80.568","370"
"2024-01-24","A.S. SANTIAGO E BARBANZA","70","115.177","571"
"2024-01-24","A.S. VIGO","96","157.144","845"
"2024-01-24","SEN A.S. ASIGNADA","0","933","0"
"2024-01-24","GALICIA","511","718.762","4.211"
"2024-01-25","A.S. A CORUÑA E CEE","119","148.854","943"
"2024-01-25","A.S. FERROL","44","45.192","354"
"2024-01-25","A.S. LUGO, A MARIÑA E MONFORTE","64","80.914","450"
"2024-01-25","A.S. OURENSE, VERÍN E O BARCO","81","90.002","678"
"2024-01-25","A.S. PONTEVEDRA E O SALNÉS","43","80.571","370"
"2024-01-25","A.S. SANTIAGO E BARBANZA","71","115.180","571"
"2024-01-25","A.S. VIGO","95","157.152","845"
"2024-01-25","SEN A.S. ASIGNADA","0","933","0"
"2024-01-25","GALICIA","517","718.798","4.211"
"2024-01-26","A.S. A CORUÑA E CEE","105","148.875","943"
"2024-01-26","A.S. FERROL","40","45.199","354"
"2024-01-26","A.S. LUGO, A MARIÑA E MONFORTE","58","80.924","450"
"2024-01-26","A.S. OURENSE, VERÍN E O BARCO","68","90.017","678"
"2024-01-26","A.S. PONTEVEDRA E O SALNÉS","41","80.574","370"
"2024-01-26","A.S. SANTIAGO E BARBANZA","65","115.191","571"
"2024-01-26","A.S. VIGO","81","157.170","845"
"2024-01-26","SEN A.S. ASIGNADA","0","933","0"
"2024-01-26","GALICIA","458","718.883","4.211"
"2024-01-27","A.S. A CORUÑA E CEE","90","148.896","943"
"2024-01-27","A.S. FERROL","41","45.201","354"
"2024-01-27","A.S. LUGO, A MARIÑA E MONFORTE","51","80.931","450"
"2024-01-27","A.S. OURENSE, VERÍN E O BARCO","57","90.031","678"
"2024-01-27","A.S. PONTEVEDRA E O SALNÉS","36","80.581","370"
"2024-01-27","A.S. SANTIAGO E BARBANZA","55","115.204","571"
"2024-01-27","A.S. VIGO","73","157.184","845"
"2024-01-27","SEN A.S. ASIGNADA","0","933","0"
"2024-01-27","GALICIA","403","718.961","4.211"
"2024-01-28","A.S. A CORUÑA E CEE","79","148.909","943"
"2024-01-28","A.S. FERROL","31","45.212","354"
"2024-01-28","A.S. LUGO, A MARIÑA E MONFORTE","49","80.935","450"
"2024-01-28","A.S. OURENSE, VERÍN E O BARCO","55","90.036","678"
"2024-01-28","A.S. PONTEVEDRA E O SALNÉS","33","80.585","370"
"2024-01-28","A.S. SANTIAGO E BARBANZA","48","115.213","571"
"2024-01-28","A.S. VIGO","63","157.196","845"
"2024-01-28","SEN A.S. ASIGNADA","0","933","0"
"2024-01-28","GALICIA","358","719.019","4.211"
"2024-01-29","A.S. A CORUÑA E CEE","81","148.917","943"
"2024-01-29","A.S. FERROL","28","45.218","354"
"2024-01-29","A.S. LUGO, A MARIÑA E MONFORTE","47","80.942","450"
"2024-01-29","A.S. OURENSE, VERÍN E O BARCO","48","90.049","678"
"2024-01-29","A.S. PONTEVEDRA E O SALNÉS","32","80.588","370"
"2024-01-29","A.S. SANTIAGO E BARBANZA","47","115.219","571"
"2024-01-29","A.S. VIGO","64","157.203","845"
"2024-01-29","SEN A.S. ASIGNADA","0","933","0"
"2024-01-29","GALICIA","347","719.069","4.211"
"2024-01-30","A.S. A CORUÑA E CEE","83","148.927","943"
"2024-01-30","A.S. FERROL","26","45.223","354"
"2024-01-30","A.S. LUGO, A MARIÑA E MONFORTE","42","80.951","450"
"2024-01-30","A.S. OURENSE, VERÍN E O BARCO","45","90.054","678"
"2024-01-30","A.S. PONTEVEDRA E O SALNÉS","29","80.593","370"
"2024-01-30","A.S. SANTIAGO E BARBANZA","41","115.229","571"
"2024-01-30","A.S. VIGO","55","157.215","845"
"2024-01-30","SEN A.S. ASIGNADA","0","933","0"
"2024-01-30","GALICIA","321","719.125","4.211"
"2024-01-31","A.S. A CORUÑA E CEE","89","148.931","943"
"2024-01-31","A.S. FERROL","33","45.225","354"
"2024-01-31","A.S. LUGO, A MARIÑA E MONFORTE","43","80.953","450"
"2024-01-31","A.S. OURENSE, VERÍN E O BARCO","38","90.063","678"
"2024-01-31","A.S. PONTEVEDRA E O SALNÉS","29","80.594","370"
"2024-01-31","A.S. SANTIAGO E BARBANZA","39","115.233","571"
"2024-01-31","A.S. VIGO","58","157.219","845"
"2024-01-31","SEN A.S. ASIGNADA","0","933","0"
"2024-01-31","GALICIA","329","719.151","4.211"
"2024-02-01","A.S. A CORUÑA E CEE","83","148.909","943"
"2024-02-01","A.S. FERROL","37","45.203","354"
"2024-02-01","A.S. LUGO, A MARIÑA E MONFORTE","38","80.929","450"
"2024-02-01","A.S. OURENSE, VERÍN E O BARCO","37","90.053","678"
"2024-02-01","A.S. PONTEVEDRA E O SALNÉS","22","80.566","370"
"2024-02-01","A.S. SANTIAGO E BARBANZA","37","115.212","571"
"2024-02-01","A.S. VIGO","52","157.217","845"
"2024-02-01","SEN A.S. ASIGNADA","0","933","0"
"2024-02-01","GALICIA","306","719.022","4.211"
"2024-02-02","A.S. A CORUÑA E CEE","83","148.915","943"
"2024-02-02","A.S. FERROL","42","45.205","354"
"2024-02-02","A.S. LUGO, A MARIÑA E MONFORTE","35","80.935","450"
"2024-02-02","A.S. OURENSE, VERÍN E O BARCO","37","90.058","678"
"2024-02-02","A.S. PONTEVEDRA E O SALNÉS","17","80.572","370"
"2024-02-02","A.S. SANTIAGO E BARBANZA","37","115.217","571"
"2024-02-02","A.S. VIGO","44","157.227","845"
"2024-02-02","SEN A.S. ASIGNADA","0","933","0"
"2024-02-02","GALICIA","295","719.062","4.211"
"2024-02-03","A.S. A CORUÑA E CEE","81","148.923","943"
"2024-02-03","A.S. FERROL","40","45.209","354"
"2024-02-03","A.S. LUGO, A MARIÑA E MONFORTE","33","80.939","450"
"2024-02-03","A.S. OURENSE, VERÍN E O BARCO","33","90.064","678"
"2024-02-03","A.S. PONTEVEDRA E O SALNÉS","15","80.575","370"
"2024-02-03","A.S. SANTIAGO E BARBANZA","32","115.223","571"
"2024-02-03","A.S. VIGO","39","157.232","845"
"2024-02-03","SEN A.S. ASIGNADA","0","933","0"
"2024-02-03","GALICIA","273","719.098","4.211"
"2024-02-04","A.S. A CORUÑA E CEE","72","148.936","943"
"2024-02-04","A.S. FERROL","39","45.210","354"
"2024-02-04","A.S. LUGO, A MARIÑA E MONFORTE","30","80.944","450"
"2024-02-04","A.S. OURENSE, VERÍN E O BARCO","33","90.065","678"
"2024-02-04","A.S. PONTEVEDRA E O SALNÉS","14","80.578","370"
"2024-02-04","A.S. SANTIAGO E BARBANZA","35","115.224","571"
"2024-02-04","A.S. VIGO","41","157.233","845"
"2024-02-04","SEN A.S. ASIGNADA","0","933","0"
"2024-02-04","GALICIA","264","719.123","4.211"
"2024-02-05","A.S. A CORUÑA E CEE","67","148.945","943"
"2024-02-05","A.S. FERROL","35","45.215","354"
"2024-02-05","A.S. LUGO, A MARIÑA E MONFORTE","28","80.950","450"
"2024-02-05","A.S. OURENSE, VERÍN E O BARCO","25","90.074","678"
"2024-02-05","A.S. PONTEVEDRA E O SALNÉS","15","80.580","370"
"2024-02-05","A.S. SANTIAGO E BARBANZA","35","115.226","571"
"2024-02-05","A.S. VIGO","42","157.236","845"
"2024-02-05","SEN A.S. ASIGNADA","0","933","0"
"2024-02-05","GALICIA","247","719.159","4.211"
"2024-02-06","A.S. A CORUÑA E CEE","68","148.952","943"
"2024-02-06","A.S. FERROL","34","45.219","354"
"2024-02-06","A.S. LUGO, A MARIÑA E MONFORTE","28","80.952","450"
"2024-02-06","A.S. OURENSE, VERÍN E O BARCO","24","90.076","678"
"2024-02-06","A.S. PONTEVEDRA E O SALNÉS","18","80.580","370"
"2024-02-06","A.S. SANTIAGO E BARBANZA","34","115.230","571"
"2024-02-06","A.S. VIGO","41","157.241","845"
"2024-02-06","SEN A.S. ASIGNADA","0","933","0"
"2024-02-06","GALICIA","247","719.183","4.211"
"2024-02-07","A.S. A CORUÑA E CEE","62","148.960","943"
"2024-02-07","A.S. FERROL","36","45.221","354"
"2024-02-07","A.S. LUGO, A MARIÑA E MONFORTE","27","80.953","450"
"2024-02-07","A.S. OURENSE, VERÍN E O BARCO","25","90.078","678"
"2024-02-07","A.S. PONTEVEDRA E O SALNÉS","18","80.582","370"
"2024-02-07","A.S. SANTIAGO E BARBANZA","35","115.233","571"
"2024-02-07","A.S. VIGO","40","157.246","845"
"2024-02-07","SEN A.S. ASIGNADA","0","933","0"
"2024-02-07","GALICIA","243","719.206","4.211"
"2024-02-08","A.S. A CORUÑA E CEE","62","148.965","943"
"2024-02-08","A.S. FERROL","40","45.221","354"
"2024-02-08","A.S. LUGO, A MARIÑA E MONFORTE","29","80.956","450"
"2024-02-08","A.S. OURENSE, VERÍN E O BARCO","26","90.080","678"
"2024-02-08","A.S. PONTEVEDRA E O SALNÉS","17","80.585","370"
"2024-02-08","A.S. SANTIAGO E BARBANZA","36","115.235","571"
"2024-02-08","A.S. VIGO","43","157.248","845"
"2024-02-08","SEN A.S. ASIGNADA","0","933","0"
"2024-02-08","GALICIA","253","719.223","4.211"
"2024-02-09","A.S. A CORUÑA E CEE","58","148.973","943"
"2024-02-09","A.S. FERROL","40","45.223","354"
"2024-02-09","A.S. LUGO, A MARIÑA E MONFORTE","27","80.959","450"
"2024-02-09","A.S. OURENSE, VERÍN E O BARCO","26","90.083","678"
"2024-02-09","A.S. PONTEVEDRA E O SALNÉS","19","80.586","370"
"2024-02-09","A.S. SANTIAGO E BARBANZA","32","115.240","571"
"2024-02-09","A.S. VIGO","36","157.256","845"
"2024-02-09","SEN A.S. ASIGNADA","0","933","0"
"2024-02-09","GALICIA","238","719.253","4.211"
"2024-02-10","A.S. A CORUÑA E CEE","50","148.982","943"
"2024-02-10","A.S. FERROL","39","45.226","354"
"2024-02-10","A.S. LUGO, A MARIÑA E MONFORTE","23","80.964","450"
"2024-02-10","A.S. OURENSE, VERÍN E O BARCO","25","90.085","678"
"2024-02-10","A.S. PONTEVEDRA E O SALNÉS","19","80.588","370"
"2024-02-10","A.S. SANTIAGO E BARBANZA","28","115.245","571"
"2024-02-10","A.S. VIGO","34","157.259","845"
"2024-02-10","SEN A.S. ASIGNADA","0","933","0"
"2024-02-10","GALICIA","218","719.282","4.211"
"2024-02-11","A.S. A CORUÑA E CEE","43","148.991","943"
"2024-02-11","A.S. FERROL","30","45.236","354"
"2024-02-11","A.S. LUGO, A MARIÑA E MONFORTE","22","80.965","450"
"2024-02-11","A.S. OURENSE, VERÍN E O BARCO","24","90.088","678"
"2024-02-11","A.S. PONTEVEDRA E O SALNÉS","18","80.589","370"
"2024-02-11","A.S. SANTIAGO E BARBANZA","30","115.247","571"
"2024-02-11","A.S. VIGO","29","157.265","845"
"2024-02-11","SEN A.S. ASIGNADA","0","933","0"
"2024-02-11","GALICIA","196","719.314","4.211"
"2024-02-12","A.S. A CORUÑA E CEE","44","148.999","943"
"2024-02-12","A.S. FERROL","25","45.241","354"
"2024-02-12","A.S. LUGO, A MARIÑA E MONFORTE","21","80.968","450"
"2024-02-12","A.S. OURENSE, VERÍN E O BARCO","20","90.094","678"
"2024-02-12","A.S. PONTEVEDRA E O SALNÉS","18","80.589","370"
"2024-02-12","A.S. SANTIAGO E BARBANZA","32","115.249","571"
"2024-02-12","A.S. VIGO","25","157.271","845"
"2024-02-12","SEN A.S. ASIGNADA","0","933","0"
"2024-02-12","GALICIA","185","719.344","4.211"
"2024-02-13","A.S. A CORUÑA E CEE","43","149.004","943"
"2024-02-13","A.S. FERROL","20","45.247","354"
"2024-02-13","A.S. LUGO, A MARIÑA E MONFORTE","16","80.973","450"
"2024-02-13","A.S. OURENSE, VERÍN E O BARCO","17","90.099","678"
"2024-02-13","A.S. PONTEVEDRA E O SALNÉS","17","80.590","370"
"2024-02-13","A.S. SANTIAGO E BARBANZA","28","115.255","571"
"2024-02-13","A.S. VIGO","24","157.275","845"
"2024-02-13","SEN A.S. ASIGNADA","0","933","0"
"2024-02-13","GALICIA","165","719.376","4.211"
"2024-02-14","A.S. A CORUÑA E CEE","50","149.009","943"
"2024-02-14","A.S. FERROL","20","45.249","354"
"2024-02-14","A.S. LUGO, A MARIÑA E MONFORTE","16","80.974","450"
"2024-02-14","A.S. OURENSE, VERÍN E O BARCO","16","90.102","678"
"2024-02-14","A.S. PONTEVEDRA E O SALNÉS","17","80.592","370"
"2024-02-14","A.S. SANTIAGO E BARBANZA","32","115.257","571"
"2024-02-14","A.S. VIGO","26","157.277","845"
"2024-02-14","SEN A.S. ASIGNADA","0","933","0"
"2024-02-14","GALICIA","177","719.393","4.211"
"2024-02-15","A.S. A CORUÑA E CEE","52","149.012","943"
"2024-02-15","A.S. FERROL","20","45.250","354"
"2024-02-15","A.S. LUGO, A MARIÑA E MONFORTE","14","80.977","450"
"2024-02-15","A.S. OURENSE, VERÍN E O BARCO","21","90.102","678"
"2024-02-15","A.S. PONTEVEDRA E O SALNÉS","15","80.594","370"
"2024-02-15","A.S. SANTIAGO E BARBANZA","31","115.261","571"
"2024-02-15","A.S. VIGO","24","157.280","845"
"2024-02-15","SEN A.S. ASIGNADA","0","933","0"
"2024-02-15","GALICIA","177","719.409","4.211"
"2024-02-16","A.S. A CORUÑA E CEE","49","149.017","943"
"2024-02-16","A.S. FERROL","21","45.252","354"
"2024-02-16","A.S. LUGO, A MARIÑA E MONFORTE","15","80.978","450"
"2024-02-16","A.S. OURENSE, VERÍN E O BARCO","22","90.103","678"
"2024-02-16","A.S. PONTEVEDRA E O SALNÉS","16","80.596","370"
"2024-02-16","A.S. SANTIAGO E BARBANZA","31","115.263","571"
"2024-02-16","A.S. VIGO","23","157.282","845"
"2024-02-16","SEN A.S. ASIGNADA","0","933","0"
"2024-02-16","GALICIA","177","719.424","4.211"
"2024-02-17","A.S. A CORUÑA E CEE","44","149.023","943"
"2024-02-17","A.S. FERROL","19","45.255","354"
"2024-02-17","A.S. LUGO, A MARIÑA E MONFORTE","15","80.981","450"
"2024-02-17","A.S. OURENSE, VERÍN E O BARCO","23","90.103","678"
"2024-02-17","A.S. PONTEVEDRA E O SALNÉS","14","80.599","370"
"2024-02-17","A.S. SANTIAGO E BARBANZA","31","115.264","571"
"2024-02-17","A.S. VIGO","22","157.284","845"
"2024-02-17","SEN A.S. ASIGNADA","0","933","0"
"2024-02-17","GALICIA","168","719.442","4.211"
"2024-02-18","A.S. A CORUÑA E CEE","51","149.023","943"
"2024-02-18","A.S. FERROL","19","45.258","354"
"2024-02-18","A.S. LUGO, A MARIÑA E MONFORTE","14","80.982","450"
"2024-02-18","A.S. OURENSE, VERÍN E O BARCO","22","90.104","678"
"2024-02-18","A.S. PONTEVEDRA E O SALNÉS","12","80.601","370"
"2024-02-18","A.S. SANTIAGO E BARBANZA","30","115.268","571"
"2024-02-18","A.S. VIGO","22","157.287","845"
"2024-02-18","SEN A.S. ASIGNADA","0","933","0"
"2024-02-18","GALICIA","170","719.456","4.211"
"2024-02-19","A.S. A CORUÑA E CEE","51","149.027","943"
"2024-02-19","A.S. FERROL","20","45.261","354"
"2024-02-19","A.S. LUGO, A MARIÑA E MONFORTE","17","80.986","450"
"2024-02-19","A.S. OURENSE, VERÍN E O BARCO","23","90.104","678"
"2024-02-19","A.S. PONTEVEDRA E O SALNÉS","12","80.602","370"
"2024-02-19","A.S. SANTIAGO E BARBANZA","33","115.270","571"
"2024-02-19","A.S. VIGO","19","157.292","845"
"2024-02-19","SEN A.S. ASIGNADA","0","933","0"
"2024-02-19","GALICIA","175","719.475","4.211"
"2024-02-20","A.S. A CORUÑA E CEE","53","149.032","943"
"2024-02-20","A.S. FERROL","19","45.263","354"
"2024-02-20","A.S. LUGO, A MARIÑA E MONFORTE","17","80.987","450"
"2024-02-20","A.S. OURENSE, VERÍN E O BARCO","20","90.108","678"
"2024-02-20","A.S. PONTEVEDRA E O SALNÉS","10","80.605","370"
"2024-02-20","A.S. SANTIAGO E BARBANZA","33","115.272","571"
"2024-02-20","A.S. VIGO","19","157.293","845"
"2024-02-20","SEN A.S. ASIGNADA","0","933","0"
"2024-02-20","GALICIA","171","719.493","4.211"
"2024-02-21","A.S. A CORUÑA E CEE","55","149.033","943"
"2024-02-21","A.S. FERROL","19","45.265","354"
"2024-02-21","A.S. LUGO, A MARIÑA E MONFORTE","19","80.987","450"
"2024-02-21","A.S. OURENSE, VERÍN E O BARCO","24","90.109","678"
"2024-02-21","A.S. PONTEVEDRA E O SALNÉS","9","80.608","370"
"2024-02-21","A.S. SANTIAGO E BARBANZA","34","115.273","571"
"2024-02-21","A.S. VIGO","19","157.293","845"
"2024-02-21","SEN A.S. ASIGNADA","0","933","0"
"2024-02-21","GALICIA","179","719.501","4.211"
"2024-02-22","A.S. A CORUÑA E CEE","55","149.036","943"
"2024-02-22","A.S. FERROL","19","45.266","354"
"2024-02-22","A.S. LUGO, A MARIÑA E MONFORTE","18","80.989","450"
"2024-02-22","A.S. OURENSE, VERÍN E O BARCO","24","90.110","678"
"2024-02-22","A.S. PONTEVEDRA E O SALNÉS","9","80.608","370"
"2024-02-22","A.S. SANTIAGO E BARBANZA","32","115.277","571"
"2024-02-22","A.S. VIGO","22","157.295","845"
"2024-02-22","SEN A.S. ASIGNADA","0","933","0"
"2024-02-22","GALICIA","179","719.514","4.211"
"2024-02-23","A.S. A CORUÑA E CEE","55","149.043","943"
"2024-02-23","A.S. FERROL","20","45.267","354"
"2024-02-23","A.S. LUGO, A MARIÑA E MONFORTE","17","80.992","450"
"2024-02-23","A.S. OURENSE, VERÍN E O BARCO","24","90.112","678"
"2024-02-23","A.S. PONTEVEDRA E O SALNÉS","11","80.608","370"
"2024-02-23","A.S. SANTIAGO E BARBANZA","30","115.281","571"
"2024-02-23","A.S. VIGO","21","157.297","845"
"2024-02-23","SEN A.S. ASIGNADA","0","933","0"
"2024-02-23","GALICIA","178","719.533","4.211"
"2024-02-24","A.S. A CORUÑA E CEE","51","149.047","943"
"2024-02-24","A.S. FERROL","20","45.268","354"
"2024-02-24","A.S. LUGO, A MARIÑA E MONFORTE","17","80.993","450"
"2024-02-24","A.S. OURENSE, VERÍN E O BARCO","22","90.114","678"
"2024-02-24","A.S. PONTEVEDRA E O SALNÉS","12","80.608","370"
"2024-02-24","A.S. SANTIAGO E BARBANZA","28","115.284","571"
"2024-02-24","A.S. VIGO","23","157.298","845"
"2024-02-24","SEN A.S. ASIGNADA","0","933","0"
"2024-02-24","GALICIA","173","719.545","4.211"
"2024-02-25","A.S. A CORUÑA E CEE","43","149.056","943"
"2024-02-25","A.S. FERROL","21","45.270","354"
"2024-02-25","A.S. LUGO, A MARIÑA E MONFORTE","16","80.994","450"
"2024-02-25","A.S. OURENSE, VERÍN E O BARCO","21","90.116","678"
"2024-02-25","A.S. PONTEVEDRA E O SALNÉS","11","80.609","370"
"2024-02-25","A.S. SANTIAGO E BARBANZA","25","115.289","571"
"2024-02-25","A.S. VIGO","22","157.302","845"
"2024-02-25","SEN A.S. ASIGNADA","0","933","0"
"2024-02-25","GALICIA","159","719.569","4.211"
"2024-02-26","A.S. A CORUÑA E CEE","43","149.060","943"
"2024-02-26","A.S. FERROL","22","45.271","354"
"2024-02-26","A.S. LUGO, A MARIÑA E MONFORTE","13","80.997","450"
"2024-02-26","A.S. OURENSE, VERÍN E O BARCO","16","90.123","678"
"2024-02-26","A.S. PONTEVEDRA E O SALNÉS","15","80.609","370"
"2024-02-26","A.S. SANTIAGO E BARBANZA","28","115.291","571"
"2024-02-26","A.S. VIGO","23","157.304","845"
"2024-02-26","SEN A.S. ASIGNADA","0","933","0"
"2024-02-26","GALICIA","160","719.588","4.211"
"2024-02-27","A.S. A CORUÑA E CEE","43","149.066","943"
"2024-02-27","A.S. FERROL","23","45.273","354"
"2024-02-27","A.S. LUGO, A MARIÑA E MONFORTE","15","80.999","450"
"2024-02-27","A.S. OURENSE, VERÍN E O BARCO","19","90.124","678"
"2024-02-27","A.S. PONTEVEDRA E O SALNÉS","11","80.613","370"
"2024-02-27","A.S. SANTIAGO E BARBANZA","27","115.293","571"
"2024-02-27","A.S. VIGO","24","157.307","845"
"2024-02-27","SEN A.S. ASIGNADA","0","933","0"
"2024-02-27","GALICIA","162","719.608","4.211"
"2024-02-28","A.S. A CORUÑA E CEE","45","149.067","943"
"2024-02-28","A.S. FERROL","23","45.274","354"
"2024-02-28","A.S. LUGO, A MARIÑA E MONFORTE","15","81.002","450"
"2024-02-28","A.S. OURENSE, VERÍN E O BARCO","17","90.126","678"
"2024-02-28","A.S. PONTEVEDRA E O SALNÉS","12","80.614","370"
"2024-02-28","A.S. SANTIAGO E BARBANZA","28","115.293","571"
"2024-02-28","A.S. VIGO","24","157.308","845"
"2024-02-28","SEN A.S. ASIGNADA","0","933","0"
"2024-02-28","GALICIA","164","719.617","4.211"
"2024-02-29","A.S. A CORUÑA E CEE","41","149.077","943"
"2024-02-29","A.S. FERROL","23","45.277","354"
"2024-02-29","A.S. LUGO, A MARIÑA E MONFORTE","15","81.002","450"
"2024-02-29","A.S. OURENSE, VERÍN E O BARCO","19","90.126","678"
"2024-02-29","A.S. PONTEVEDRA E O SALNÉS","13","80.614","370"
"2024-02-29","A.S. SANTIAGO E BARBANZA","24","115.297","571"
"2024-02-29","A.S. VIGO","23","157.312","845"
"2024-02-29","SEN A.S. ASIGNADA","0","933","0"
"2024-02-29","GALICIA","158","719.638","4.211"
"2024-03-01","A.S. A CORUÑA E CEE","74","298.134","943"
"2024-03-01","A.S. FERROL","40","90.552","354"
"2024-03-01","A.S. LUGO, A MARIÑA E MONFORTE","25","161.933","450"
"2024-03-01","A.S. OURENSE, VERÍN E O BARCO","34","180.186","678"
"2024-03-01","A.S. PONTEVEDRA E O SALNÉS","20","161.212","370"
"2024-03-01","A.S. SANTIAGO E BARBANZA","37","230.528","571"
"2024-03-01","A.S. VIGO","50","314.721","845"
"2024-03-01","SEN A.S. ASIGNADA","0","1.856","0"
"2024-03-01","GALICIA","280","1.439.122","4.211"
"2024-03-02","A.S. A CORUÑA E CEE","72","298.146","943"
"2024-03-02","A.S. FERROL","38","90.554","354"
"2024-03-02","A.S. LUGO, A MARIÑA E MONFORTE","25","161.935","450"
"2024-03-02","A.S. OURENSE, VERÍN E O BARCO","34","180.188","678"
"2024-03-02","A.S. PONTEVEDRA E O SALNÉS","20","161.214","370"
"2024-03-02","A.S. SANTIAGO E BARBANZA","33","230.532","571"
"2024-03-02","A.S. VIGO","50","314.723","845"
"2024-03-02","SEN A.S. ASIGNADA","0","1.856","0"
"2024-03-02","GALICIA","272","1.439.148","4.211"
"2024-03-03","A.S. A CORUÑA E CEE","70","298.152","943"
"2024-03-03","A.S. FERROL","34","90.558","354"
"2024-03-03","A.S. LUGO, A MARIÑA E MONFORTE","25","161.939","450"
"2024-03-03","A.S. OURENSE, VERÍN E O BARCO","34","180.190","678"
"2024-03-03","A.S. PONTEVEDRA E O SALNÉS","18","161.218","370"
"2024-03-03","A.S. SANTIAGO E BARBANZA","29","230.536","571"
"2024-03-03","A.S. VIGO","52","314.723","845"
"2024-03-03","SEN A.S. ASIGNADA","0","1.856","0"
"2024-03-03","GALICIA","262","1.439.172","4.211"
"2024-03-04","A.S. A CORUÑA E CEE","72","298.156","943"
"2024-03-04","A.S. FERROL","28","90.566","354"
"2024-03-04","A.S. LUGO, A MARIÑA E MONFORTE","25","161.943","450"
"2024-03-04","A.S. OURENSE, VERÍN E O BARCO","34","180.196","678"
"2024-03-04","A.S. PONTEVEDRA E O SALNÉS","18","161.218","370"
"2024-03-04","A.S. SANTIAGO E BARBANZA","27","230.538","571"
"2024-03-04","A.S. VIGO","50","314.729","845"
"2024-03-04","SEN A.S. ASIGNADA","0","1.856","0"
"2024-03-04","GALICIA","254","1.439.202","4.211"
"2024-03-05","A.S. A CORUÑA E CEE","56","298.176","943"
"2024-03-05","A.S. FERROL","26","90.568","354"
"2024-03-05","A.S. LUGO, A MARIÑA E MONFORTE","25","161.947","450"
"2024-03-05","A.S. OURENSE, VERÍN E O BARCO","38","180.198","678"
"2024-03-05","A.S. PONTEVEDRA E O SALNÉS","12","161.224","370"
"2024-03-05","A.S. SANTIAGO E BARBANZA","27","230.544","571"
"2024-03-05","A.S. VIGO","50","314.735","845"
"2024-03-05","SEN A.S. ASIGNADA","0","1.856","0"
"2024-03-05","GALICIA","234","1.439.248","4.211"
"2024-03-06","A.S. A CORUÑA E CEE","64","298.178","943"
"2024-03-06","A.S. FERROL","26","90.570","354"
"2024-03-06","A.S. LUGO, A MARIÑA E MONFORTE","29","161.949","450"
"2024-03-06","A.S. OURENSE, VERÍN E O BARCO","40","180.198","678"
"2024-03-06","A.S. PONTEVEDRA E O SALNÉS","16","161.224","370"
"2024-03-06","A.S. SANTIAGO E BARBANZA","29","230.546","571"
"2024-03-06","A.S. VIGO","46","314.739","845"
"2024-03-06","SEN A.S. ASIGNADA","0","1.856","0"
"2024-03-06","GALICIA","250","1.439.260","4.211"
"2024-03-07","A.S. A CORUÑA E CEE","72","298.180","943"
"2024-03-07","A.S. FERROL","28","90.576","354"
"2024-03-07","A.S. LUGO, A MARIÑA E MONFORTE","31","161.949","450"
"2024-03-07","A.S. OURENSE, VERÍN E O BARCO","36","180.202","678"
"2024-03-07","A.S. PONTEVEDRA E O SALNÉS","18","161.224","370"
"2024-03-07","A.S. SANTIAGO E BARBANZA","23","230.552","571"
"2024-03-07","A.S. VIGO","40","314.747","845"
"2024-03-07","SEN A.S. ASIGNADA","0","1.856","0"
"2024-03-07","GALICIA","248","1.439.286","4.211"
"2024-03-08","A.S. A CORUÑA E CEE","74","298.186","943"
"2024-03-08","A.S. FERROL","26","90.578","354"
"2024-03-08","A.S. LUGO, A MARIÑA E MONFORTE","29","161.953","450"
"2024-03-08","A.S. OURENSE, VERÍN E O BARCO","34","180.208","678"
"2024-03-08","A.S. PONTEVEDRA E O SALNÉS","12","161.230","370"
"2024-03-08","A.S. SANTIAGO E BARBANZA","13","230.562","571"
"2024-03-08","A.S. VIGO","34","314.753","845"
"2024-03-08","SEN A.S. ASIGNADA","0","1.856","0"
"2024-03-08","GALICIA","222","1.439.326","4.211"
"2024-03-09","A.S. A CORUÑA E CEE","71","298.196","943"
"2024-03-09","A.S. FERROL","24","90.582","354"
"2024-03-09","A.S. LUGO, A MARIÑA E MONFORTE","28","161.958","450"
"2024-03-09","A.S. OURENSE, VERÍN E O BARCO","28","180.216","678"
"2024-03-09","A.S. PONTEVEDRA E O SALNÉS","14","161.230","370"
"2024-03-09","A.S. SANTIAGO E BARBANZA","12","230.563","571"
"2024-03-09","A.S. VIGO","29","314.761","845"
"2024-03-09","SEN A.S. ASIGNADA","0","1.856","0"
"2024-03-09","GALICIA","206","1.439.362","4.211"
"2024-03-10","A.S. A CORUÑA E CEE","73","298.200","943"
"2024-03-10","A.S. FERROL","28","90.582","354"
"2024-03-10","A.S. LUGO, A MARIÑA E MONFORTE","32","161.960","450"
"2024-03-10","A.S. OURENSE, VERÍN E O BARCO","28","180.216","678"
"2024-03-10","A.S. PONTEVEDRA E O SALNÉS","16","161.232","370"
"2024-03-10","A.S. SANTIAGO E BARBANZA","10","230.565","571"
"2024-03-10","A.S. VIGO","27","314.765","845"
"2024-03-10","SEN A.S. ASIGNADA","0","1.856","0"
"2024-03-10","GALICIA","214","1.439.376","4.211"
"2024-03-11","A.S. A CORUÑA E CEE","57","298.218","943"
"2024-03-11","A.S. FERROL","26","90.586","354"
"2024-03-11","A.S. LUGO, A MARIÑA E MONFORTE","36","161.960","450"
"2024-03-11","A.S. OURENSE, VERÍN E O BARCO","28","180.220","678"
"2024-03-11","A.S. PONTEVEDRA E O SALNÉS","16","161.234","370"
"2024-03-11","A.S. SANTIAGO E BARBANZA","16","230.565","571"
"2024-03-11","A.S. VIGO","23","314.769","845"
"2024-03-11","SEN A.S. ASIGNADA","0","1.856","0"
"2024-03-11","GALICIA","202","1.439.408","4.211"
"2024-03-12","A.S. A CORUÑA E CEE","61","298.224","943"
"2024-03-12","A.S. FERROL","22","90.590","354"
"2024-03-12","A.S. LUGO, A MARIÑA E MONFORTE","38","161.960","450"
"2024-03-12","A.S. OURENSE, VERÍN E O BARCO","30","180.220","678"
"2024-03-12","A.S. PONTEVEDRA E O SALNÉS","18","161.234","370"
"2024-03-12","A.S. SANTIAGO E BARBANZA","20","230.565","571"
"2024-03-12","A.S. VIGO","19","314.775","845"
"2024-03-12","SEN A.S. ASIGNADA","0","1.856","0"
"2024-03-12","GALICIA","208","1.439.424","4.211"
"2024-03-13","A.S. A CORUÑA E CEE","59","298.228","943"
"2024-03-13","A.S. FERROL","22","90.590","354"
"2024-03-13","A.S. LUGO, A MARIÑA E MONFORTE","32","161.966","450"
"2024-03-13","A.S. OURENSE, VERÍN E O BARCO","26","180.224","678"
"2024-03-13","A.S. PONTEVEDRA E O SALNÉS","16","161.238","370"
"2024-03-13","A.S. SANTIAGO E BARBANZA","28","230.565","571"
"2024-03-13","A.S. VIGO","21","314.777","845"
"2024-03-13","SEN A.S. ASIGNADA","0","1.856","0"
"2024-03-13","GALICIA","204","1.439.444","4.211"
"2024-03-14","A.S. A CORUÑA E CEE","57","298.236","943"
"2024-03-14","A.S. FERROL","22","90.592","354"
"2024-03-14","A.S. LUGO, A MARIÑA E MONFORTE","30","161.970","450"
"2024-03-14","A.S. OURENSE, VERÍN E O BARCO","24","180.226","678"
"2024-03-14","A.S. PONTEVEDRA E O SALNÉS","14","161.240","370"
"2024-03-14","A.S. SANTIAGO E BARBANZA","30","230.565","571"
"2024-03-14","A.S. VIGO","27","314.779","845"
"2024-03-14","SEN A.S. ASIGNADA","0","1.856","0"
"2024-03-14","GALICIA","204","1.439.464","4.211"
"2024-03-15","A.S. A CORUÑA E CEE","53","298.244","943"
"2024-03-15","A.S. FERROL","24","90.594","354"
"2024-03-15","A.S. LUGO, A MARIÑA E MONFORTE","26","161.976","450"
"2024-03-15","A.S. OURENSE, VERÍN E O BARCO","20","180.232","678"
"2024-03-15","A.S. PONTEVEDRA E O SALNÉS","18","161.240","370"
"2024-03-15","A.S. SANTIAGO E BARBANZA","30","230.565","571"
"2024-03-15","A.S. VIGO","23","314.783","845"
"2024-03-15","SEN A.S. ASIGNADA","0","1.856","0"
"2024-03-15","GALICIA","194","1.439.490","4.211"
"2024-03-16","A.S. A CORUÑA E CEE","53","298.248","943"
"2024-03-16","A.S. FERROL","28","90.594","354"
"2024-03-16","A.S. LUGO, A MARIÑA E MONFORTE","24","161.978","450"
"2024-03-16","A.S. OURENSE, VERÍN E O BARCO","16","180.236","678"
"2024-03-16","A.S. PONTEVEDRA E O SALNÉS","24","161.240","370"
"2024-03-16","A.S. SANTIAGO E BARBANZA","24","230.571","571"
"2024-03-16","A.S. VIGO","23","314.783","845"
"2024-03-16","SEN A.S. ASIGNADA","0","1.856","0"
"2024-03-16","GALICIA","192","1.439.506","4.211"
"2024-03-17","A.S. A CORUÑA E CEE","53","298.252","943"
"2024-03-17","A.S. FERROL","28","90.596","354"
"2024-03-17","A.S. LUGO, A MARIÑA E MONFORTE","20","161.982","450"
"2024-03-17","A.S. OURENSE, VERÍN E O BARCO","16","180.236","678"
"2024-03-17","A.S. PONTEVEDRA E O SALNÉS","22","161.244","370"
"2024-03-17","A.S. SANTIAGO E BARBANZA","22","230.575","571"
"2024-03-17","A.S. VIGO","25","314.783","845"
"2024-03-17","SEN A.S. ASIGNADA","0","1.856","0"
"2024-03-17","GALICIA","186","1.439.524","4.211"
"2024-03-18","A.S. A CORUÑA E CEE","49","298.262","943"
"2024-03-18","A.S. FERROL","20","90.604","354"
"2024-03-18","A.S. LUGO, A MARIÑA E MONFORTE","18","161.984","450"
"2024-03-18","A.S. OURENSE, VERÍN E O BARCO","14","180.238","678"
"2024-03-18","A.S. PONTEVEDRA E O SALNÉS","20","161.248","370"
"2024-03-18","A.S. SANTIAGO E BARBANZA","22","230.575","571"
"2024-03-18","A.S. VIGO","25","314.785","845"
"2024-03-18","SEN A.S. ASIGNADA","0","1.856","0"
"2024-03-18","GALICIA","168","1.439.552","4.211"
"2024-03-19","A.S. A CORUÑA E CEE","53","298.270","943"
"2024-03-19","A.S. FERROL","22","90.604","354"
"2024-03-19","A.S. LUGO, A MARIÑA E MONFORTE","14","161.988","450"
"2024-03-19","A.S. OURENSE, VERÍN E O BARCO","14","180.242","678"
"2024-03-19","A.S. PONTEVEDRA E O SALNÉS","20","161.248","370"
"2024-03-19","A.S. SANTIAGO E BARBANZA","24","230.575","571"
"2024-03-19","A.S. VIGO","25","314.787","845"
"2024-03-19","SEN A.S. ASIGNADA","0","1.856","0"
"2024-03-19","GALICIA","172","1.439.570","4.211"
"2024-03-20","A.S. A CORUÑA E CEE","49","298.278","943"
"2024-03-20","A.S. FERROL","20","90.606","354"
"2024-03-20","A.S. LUGO, A MARIÑA E MONFORTE","18","161.992","450"
"2024-03-20","A.S. OURENSE, VERÍN E O BARCO","14","180.244","678"
"2024-03-20","A.S. PONTEVEDRA E O SALNÉS","16","161.252","370"
"2024-03-20","A.S. SANTIAGO E BARBANZA","26","230.575","571"
"2024-03-20","A.S. VIGO","23","314.789","845"
"2024-03-20","SEN A.S. ASIGNADA","0","1.856","0"
"2024-03-20","GALICIA","166","1.439.592","4.211"
"2024-03-21","A.S. A CORUÑA E CEE","51","298.282","943"
"2024-03-21","A.S. FERROL","22","90.610","354"
"2024-03-21","A.S. LUGO, A MARIÑA E MONFORTE","14","161.996","450"
"2024-03-21","A.S. OURENSE, VERÍN E O BARCO","14","180.244","678"
"2024-03-21","A.S. PONTEVEDRA E O SALNÉS","16","161.252","370"
"2024-03-21","A.S. SANTIAGO E BARBANZA","32","230.575","571"
"2024-03-21","A.S. VIGO","21","314.791","845"
"2024-03-21","SEN A.S. ASIGNADA","0","1.856","0"
"2024-03-21","GALICIA","170","1.439.606","4.211"
"2024-03-22","A.S. A CORUÑA E CEE","53","298.286","943"
"2024-03-22","A.S. FERROL","26","90.610","354"
"2024-03-22","A.S. LUGO, A MARIÑA E MONFORTE","16","161.998","450"
"2024-03-22","A.S. OURENSE, VERÍN E O BARCO","10","180.248","678"
"2024-03-22","A.S. PONTEVEDRA E O SALNÉS","18","161.254","370"
"2024-03-22","A.S. SANTIAGO E BARBANZA","30","230.579","571"
"2024-03-22","A.S. VIGO","23","314.791","845"
"2024-03-22","SEN A.S. ASIGNADA","0","1.856","0"
"2024-03-22","GALICIA","176","1.439.622","4.211"
"2024-03-23","A.S. A CORUÑA E CEE","54","298.291","943"
"2024-03-23","A.S. FERROL","26","90.610","354"
"2024-03-23","A.S. LUGO, A MARIÑA E MONFORTE","16","161.998","450"
"2024-03-23","A.S. OURENSE, VERÍN E O BARCO","8","180.250","678"
"2024-03-23","A.S. PONTEVEDRA E O SALNÉS","18","161.256","370"
"2024-03-23","A.S. SANTIAGO E BARBANZA","26","230.583","571"
"2024-03-23","A.S. VIGO","26","314.794","845"
"2024-03-23","SEN A.S. ASIGNADA","0","1.856","0"
"2024-03-23","GALICIA","174","1.439.638","4.211"
"2024-03-24","A.S. A CORUÑA E CEE","58","298.293","943"
"2024-03-24","A.S. FERROL","24","90.612","354"
"2024-03-24","A.S. LUGO, A MARIÑA E MONFORTE","18","161.998","450"
"2024-03-24","A.S. OURENSE, VERÍN E O BARCO","8","180.252","678"
"2024-03-24","A.S. PONTEVEDRA E O SALNÉS","18","161.258","370"
"2024-03-24","A.S. SANTIAGO E BARBANZA","20","230.591","571"
"2024-03-24","A.S. VIGO","24","314.798","845"
"2024-03-24","SEN A.S. ASIGNADA","0","1.856","0"
"2024-03-24","GALICIA","170","1.439.658","4.211"
"2024-03-25","A.S. A CORUÑA E CEE","60","298.297","943"
"2024-03-25","A.S. FERROL","20","90.616","354"
"2024-03-25","A.S. LUGO, A MARIÑA E MONFORTE","20","162.000","450"
"2024-03-25","A.S. OURENSE, VERÍN E O BARCO","10","180.252","678"
"2024-03-25","A.S. PONTEVEDRA E O SALNÉS","22","161.258","370"
"2024-03-25","A.S. SANTIAGO E BARBANZA","26","230.595","571"
"2024-03-25","A.S. VIGO","26","314.804","845"
"2024-03-25","SEN A.S. ASIGNADA","0","1.856","0"
"2024-03-25","GALICIA","184","1.439.678","4.211"
"2024-03-26","A.S. A CORUÑA E CEE","70","298.301","943"
"2024-03-26","A.S. FERROL","18","90.618","354"
"2024-03-26","A.S. LUGO, A MARIÑA E MONFORTE","18","162.004","450"
"2024-03-26","A.S. OURENSE, VERÍN E O BARCO","6","180.256","678"
"2024-03-26","A.S. PONTEVEDRA E O SALNÉS","20","161.262","370"
"2024-03-26","A.S. SANTIAGO E BARBANZA","28","230.597","571"
"2024-03-26","A.S. VIGO","30","314.804","845"
"2024-03-26","SEN A.S. ASIGNADA","0","1.856","0"
"2024-03-26","GALICIA","190","1.439.698","4.211"
"2024-03-27","A.S. A CORUÑA E CEE","76","298.303","943"
"2024-03-27","A.S. FERROL","16","90.622","354"
"2024-03-27","A.S. LUGO, A MARIÑA E MONFORTE","18","162.004","450"
"2024-03-27","A.S. OURENSE, VERÍN E O BARCO","10","180.256","678"
"2024-03-27","A.S. PONTEVEDRA E O SALNÉS","20","161.266","370"
"2024-03-27","A.S. SANTIAGO E BARBANZA","30","230.597","571"
"2024-03-27","A.S. VIGO","32","314.806","845"
"2024-03-27","SEN A.S. ASIGNADA","0","1.856","0"
"2024-03-27","GALICIA","202","1.439.710","4.211"
"2024-03-28","A.S. A CORUÑA E CEE","78","298.307","943"
"2024-03-28","A.S. FERROL","14","90.624","354"
"2024-03-28","A.S. LUGO, A MARIÑA E MONFORTE","18","162.004","450"
"2024-03-28","A.S. OURENSE, VERÍN E O BARCO","10","180.256","678"
"2024-03-28","A.S. PONTEVEDRA E O SALNÉS","20","161.266","370"
"2024-03-28","A.S. SANTIAGO E BARBANZA","32","230.599","571"
"2024-03-28","A.S. VIGO","32","314.808","845"
"2024-03-28","SEN A.S. ASIGNADA","0","1.856","0"
"2024-03-28","GALICIA","204","1.439.720","4.211"
"2024-03-29","A.S. A CORUÑA E CEE","80","298.309","943"
"2024-03-29","A.S. FERROL","14","90.624","354"
"2024-03-29","A.S. LUGO, A MARIÑA E MONFORTE","18","162.004","450"
"2024-03-29","A.S. OURENSE, VERÍN E O BARCO","10","180.256","678"
"2024-03-29","A.S. PONTEVEDRA E O SALNÉS","16","161.270","370"
"2024-03-29","A.S. SANTIAGO E BARBANZA","36","230.599","571"
"2024-03-29","A.S. VIGO","30","314.810","845"
"2024-03-29","SEN A.S. ASIGNADA","0","1.856","0"
"2024-03-29","GALICIA","204","1.439.728","4.211"
"2024-03-30","A.S. A CORUÑA E CEE","78","298.317","943"
"2024-03-30","A.S. FERROL","12","90.628","354"
"2024-03-30","A.S. LUGO, A MARIÑA E MONFORTE","22","162.004","450"
"2024-03-30","A.S. OURENSE, VERÍN E O BARCO","8","180.258","678"
"2024-03-30","A.S. PONTEVEDRA E O SALNÉS","16","161.270","370"
"2024-03-30","A.S. SANTIAGO E BARBANZA","34","230.601","571"
"2024-03-30","A.S. VIGO","30","314.812","845"
"2024-03-30","SEN A.S. ASIGNADA","0","1.856","0"
"2024-03-30","GALICIA","200","1.439.746","4.211"
"2024-03-31","A.S. A CORUÑA E CEE","82","298.319","943"
"2024-03-31","A.S. FERROL","12","90.628","354"
"2024-03-31","A.S. LUGO, A MARIÑA E MONFORTE","18","162.012","450"
"2024-03-31","A.S. OURENSE, VERÍN E O BARCO","6","180.260","678"
"2024-03-31","A.S. PONTEVEDRA E O SALNÉS","20","161.270","370"
"2024-03-31","A.S. SANTIAGO E BARBANZA","32","230.603","571"
"2024-03-31","A.S. VIGO","32","314.812","845"
"2024-03-31","SEN A.S. ASIGNADA","0","1.856","0"
"2024-03-31","GALICIA","202","1.439.760","4.211"
"2024-04-01","A.S. A CORUÑA E CEE","0","0","943"
"2024-04-01","A.S. FERROL","0","0","354"
"2024-04-01","A.S. LUGO, A MARIÑA E MONFORTE","0","0","450"
"2024-04-01","A.S. OURENSE, VERÍN E O BARCO","0","0","678"
"2024-04-01","A.S. PONTEVEDRA E O SALNÉS","0","0","370"
"2024-04-01","A.S. SANTIAGO E BARBANZA","0","0","571"
"2024-04-01","A.S. VIGO","0","0","845"
"2024-04-01","SEN A.S. ASIGNADA","0","0","0"
"2024-04-01","GALICIA","0","0","4.211"
"2024-04-02","A.S. A CORUÑA E CEE","0","0","943"
"2024-04-02","A.S. FERROL","0","0","354"
"2024-04-02","A.S. LUGO, A MARIÑA E MONFORTE","0","0","450"
"2024-04-02","A.S. OURENSE, VERÍN E O BARCO","0","0","678"
"2024-04-02","A.S. PONTEVEDRA E O SALNÉS","0","0","370"
"2024-04-02","A.S. SANTIAGO E BARBANZA","0","0","571"
"2024-04-02","A.S. VIGO","0","0","845"
"2024-04-02","SEN A.S. ASIGNADA","0","0","0"
"2024-04-02","GALICIA","0","0","4.211"
"2024-04-03","A.S. A CORUÑA E CEE","0","0","943"
"2024-04-03","A.S. FERROL","0","0","354"
"2024-04-03","A.S. LUGO, A MARIÑA E MONFORTE","0","0","450"
"2024-04-03","A.S. OURENSE, VERÍN E O BARCO","0","0","678"
"2024-04-03","A.S. PONTEVEDRA E O SALNÉS","0","0","370"
"2024-04-03","A.S. SANTIAGO E BARBANZA","0","0","571"
"2024-04-03","A.S. VIGO","0","0","845"
"2024-04-03","SEN A.S. ASIGNADA","0","0","0"
"2024-04-03","GALICIA","0","0","4.211"
"2024-04-04","A.S. A CORUÑA E CEE","0","0","943"
"2024-04-04","A.S. FERROL","0","0","354"
"2024-04-04","A.S. LUGO, A MARIÑA E MONFORTE","0","0","450"
"2024-04-04","A.S. OURENSE, VERÍN E O BARCO","0","0","678"
"2024-04-04","A.S. PONTEVEDRA E O SALNÉS","0","0","370"
"2024-04-04","A.S. SANTIAGO E BARBANZA","0","0","571"
"2024-04-04","A.S. VIGO","0","0","845"
"2024-04-04","SEN A.S. ASIGNADA","0","0","0"
"2024-04-04","GALICIA","0","0","4.211"
"2024-04-05","A.S. A CORUÑA E CEE","0","0","943"
"2024-04-05","A.S. FERROL","0","0","354"
"2024-04-05","A.S. LUGO, A MARIÑA E MONFORTE","0","0","450"
"2024-04-05","A.S. OURENSE, VERÍN E O BARCO","0","0","678"
"2024-04-05","A.S. PONTEVEDRA E O SALNÉS","0","0","370"
"2024-04-05","A.S. SANTIAGO E BARBANZA","0","0","571"
"2024-04-05","A.S. VIGO","0","0","845"
"2024-04-05","SEN A.S. ASIGNADA","0","0","0"
"2024-04-05","GALICIA","0","0","4.211"
"2024-04-06","A.S. A CORUÑA E CEE","0","0","943"
"2024-04-06","A.S. FERROL","0","0","354"
"2024-04-06","A.S. LUGO, A MARIÑA E MONFORTE","0","0","450"
"2024-04-06","A.S. OURENSE, VERÍN E O BARCO","0","0","678"
"2024-04-06","A.S. PONTEVEDRA E O SALNÉS","0","0","370"
"2024-04-06","A.S. SANTIAGO E BARBANZA","0","0","571"
"2024-04-06","A.S. VIGO","0","0","845"
"2024-04-06","SEN A.S. ASIGNADA","0","0","0"
"2024-04-06","GALICIA","0","0","4.211"
"2024-04-07","A.S. A CORUÑA E CEE","0","0","943"
"2024-04-07","A.S. FERROL","0","0","354"
"2024-04-07","A.S. LUGO, A MARIÑA E MONFORTE","0","0","450"
"2024-04-07","A.S. OURENSE, VERÍN E O BARCO","0","0","678"
"2024-04-07","A.S. PONTEVEDRA E O SALNÉS","0","0","370"
"2024-04-07","A.S. SANTIAGO E BARBANZA","0","0","571"
"2024-04-07","A.S. VIGO","0","0","845"
"2024-04-07","SEN A.S. ASIGNADA","0","0","0"
"2024-04-07","GALICIA","0","0","4.211"
"2024-04-08","A.S. A CORUÑA E CEE","0","0","943"
"2024-04-08","A.S. FERROL","0","0","354"
"2024-04-08","A.S. LUGO, A MARIÑA E MONFORTE","0","0","450"
"2024-04-08","A.S. OURENSE, VERÍN E O BARCO","0","0","678"
"2024-04-08","A.S. PONTEVEDRA E O SALNÉS","0","0","370"
"2024-04-08","A.S. SANTIAGO E BARBANZA","0","0","571"
"2024-04-08","A.S. VIGO","0","0","845"
"2024-04-08","SEN A.S. ASIGNADA","0","0","0"
"2024-04-08","GALICIA","0","0","4.211"
"2024-04-09","A.S. A CORUÑA E CEE","0","0","943"
"2024-04-09","A.S. FERROL","0","0","354"
"2024-04-09","A.S. LUGO, A MARIÑA E MONFORTE","0","0","450"
"2024-04-09","A.S. OURENSE, VERÍN E O BARCO","0","0","678"
"2024-04-09","A.S. PONTEVEDRA E O SALNÉS","0","0","370"
"2024-04-09","A.S. SANTIAGO E BARBANZA","0","0","571"
"2024-04-09","A.S. VIGO","0","0","845"
"2024-04-09","SEN A.S. ASIGNADA","0","0","0"
"2024-04-09","GALICIA","0","0","4.211"
"2024-04-10","A.S. A CORUÑA E CEE","0","0","943"
"2024-04-10","A.S. FERROL","0","0","354"
"2024-04-10","A.S. LUGO, A MARIÑA E MONFORTE","0","0","450"
"2024-04-10","A.S. OURENSE, VERÍN E O BARCO","0","0","678"
"2024-04-10","A.S. PONTEVEDRA E O SALNÉS","0","0","370"
"2024-04-10","A.S. SANTIAGO E BARBANZA","0","0","571"
"2024-04-10","A.S. VIGO","0","0","845"
"2024-04-10","SEN A.S. ASIGNADA","0","0","0"
"2024-04-10","GALICIA","0","0","4.211"
"2024-04-11","A.S. A CORUÑA E CEE","0","0","943"
"2024-04-11","A.S. FERROL","0","0","354"
"2024-04-11","A.S. LUGO, A MARIÑA E MONFORTE","0","0","450"
"2024-04-11","A.S. OURENSE, VERÍN E O BARCO","0","0","678"
"2024-04-11","A.S. PONTEVEDRA E O SALNÉS","0","0","370"
"2024-04-11","A.S. SANTIAGO E BARBANZA","0","0","571"
"2024-04-11","A.S. VIGO","0","0","845"
"2024-04-11","SEN A.S. ASIGNADA","0","0","0"
"2024-04-11","GALICIA","0","0","4.211"
"2024-04-12","A.S. A CORUÑA E CEE","0","0","943"
"2024-04-12","A.S. FERROL","0","0","354"
"2024-04-12","A.S. LUGO, A MARIÑA E MONFORTE","0","0","450"
"2024-04-12","A.S. OURENSE, VERÍN E O BARCO","0","0","678"
"2024-04-12","A.S. PONTEVEDRA E O SALNÉS","0","0","370"
"2024-04-12","A.S. SANTIAGO E BARBANZA","0","0","571"
"2024-04-12","A.S. VIGO","0","0","845"
"2024-04-12","SEN A.S. ASIGNADA","0","0","0"
"2024-04-12","GALICIA","0","0","4.211"
"2024-04-13","A.S. A CORUÑA E CEE","0","0","943"
"2024-04-13","A.S. FERROL","0","0","354"
"2024-04-13","A.S. LUGO, A MARIÑA E MONFORTE","0","0","450"
"2024-04-13","A.S. OURENSE, VERÍN E O BARCO","0","0","678"
"2024-04-13","A.S. PONTEVEDRA E O SALNÉS","0","0","370"
"2024-04-13","A.S. SANTIAGO E BARBANZA","0","0","571"
"2024-04-13","A.S. VIGO","0","0","845"
"2024-04-13","SEN A.S. ASIGNADA","0","0","0"
"2024-04-13","GALICIA","0","0","4.211"
"2024-04-14","A.S. A CORUÑA E CEE","0","0","943"
"2024-04-14","A.S. FERROL","0","0","354"
"2024-04-14","A.S. LUGO, A MARIÑA E MONFORTE","0","0","450"
"2024-04-14","A.S. OURENSE, VERÍN E O BARCO","0","0","678"
"2024-04-14","A.S. PONTEVEDRA E O SALNÉS","0","0","370"
"2024-04-14","A.S. SANTIAGO E BARBANZA","0","0","571"
"2024-04-14","A.S. VIGO","0","0","845"
"2024-04-14","SEN A.S. ASIGNADA","0","0","0"
"2024-04-14","GALICIA","0","0","4.211"
"2024-04-15","A.S. A CORUÑA E CEE","0","0","943"
"2024-04-15","A.S. FERROL","0","0","354"
"2024-04-15","A.S. LUGO, A MARIÑA E MONFORTE","0","0","450"
"2024-04-15","A.S. OURENSE, VERÍN E O BARCO","0","0","678"
"2024-04-15","A.S. PONTEVEDRA E O SALNÉS","0","0","370"
"2024-04-15","A.S. SANTIAGO E BARBANZA","0","0","571"
"2024-04-15","A.S. VIGO","0","0","845"
"2024-04-15","SEN A.S. ASIGNADA","0","0","0"
"2024-04-15","GALICIA","0","0","4.211"
"2024-04-16","A.S. A CORUÑA E CEE","0","0","943"
"2024-04-16","A.S. FERROL","0","0","354"
"2024-04-16","A.S. LUGO, A MARIÑA E MONFORTE","0","0","450"
"2024-04-16","A.S. OURENSE, VERÍN E O BARCO","0","0","678"
"2024-04-16","A.S. PONTEVEDRA E O SALNÉS","0","0","370"
"2024-04-16","A.S. SANTIAGO E BARBANZA","0","0","571"
"2024-04-16","A.S. VIGO","0","0","845"
"2024-04-16","SEN A.S. ASIGNADA","0","0","0"
"2024-04-16","GALICIA","0","0","4.211"
"2024-04-17","A.S. A CORUÑA E CEE","0","0","943"
"2024-04-17","A.S. FERROL","0","0","354"
"2024-04-17","A.S. LUGO, A MARIÑA E MONFORTE","0","0","450"
"2024-04-17","A.S. OURENSE, VERÍN E O BARCO","0","0","678"
"2024-04-17","A.S. PONTEVEDRA E O SALNÉS","0","0","370"
"2024-04-17","A.S. SANTIAGO E BARBANZA","0","0","571"
"2024-04-17","A.S. VIGO","0","0","845"
"2024-04-17","SEN A.S. ASIGNADA","0","0","0"
"2024-04-17","GALICIA","0","0","4.211"
"2024-04-18","A.S. A CORUÑA E CEE","0","0","943"
"2024-04-18","A.S. FERROL","0","0","354"
"2024-04-18","A.S. LUGO, A MARIÑA E MONFORTE","0","0","450"
"2024-04-18","A.S. OURENSE, VERÍN E O BARCO","0","0","678"
"2024-04-18","A.S. PONTEVEDRA E O SALNÉS","0","0","370"
"2024-04-18","A.S. SANTIAGO E BARBANZA","0","0","571"
"2024-04-18","A.S. VIGO","0","0","845"
"2024-04-18","SEN A.S. ASIGNADA","0","0","0"
"2024-04-18","GALICIA","0","0","4.211"
"2024-04-19","A.S. A CORUÑA E CEE","0","0","943"
"2024-04-19","A.S. FERROL","0","0","354"
"2024-04-19","A.S. LUGO, A MARIÑA E MONFORTE","0","0","450"
"2024-04-19","A.S. OURENSE, VERÍN E O BARCO","0","0","678"
"2024-04-19","A.S. PONTEVEDRA E O SALNÉS","0","0","370"
"2024-04-19","A.S. SANTIAGO E BARBANZA","0","0","571"
"2024-04-19","A.S. VIGO","0","0","845"
"2024-04-19","SEN A.S. ASIGNADA","0","0","0"
"2024-04-19","GALICIA","0","0","4.211"
"2024-04-20","A.S. A CORUÑA E CEE","0","0","943"
"2024-04-20","A.S. FERROL","0","0","354"
"2024-04-20","A.S. LUGO, A MARIÑA E MONFORTE","0","0","450"
"2024-04-20","A.S. OURENSE, VERÍN E O BARCO","0","0","678"
"2024-04-20","A.S. PONTEVEDRA E O SALNÉS","0","0","370"
"2024-04-20","A.S. SANTIAGO E BARBANZA","0","0","571"
"2024-04-20","A.S. VIGO","0","0","845"
"2024-04-20","SEN A.S. ASIGNADA","0","0","0"
"2024-04-20","GALICIA","0","0","4.211"
"2024-04-21","A.S. A CORUÑA E CEE","0","0","943"
"2024-04-21","A.S. FERROL","0","0","354"
"2024-04-21","A.S. LUGO, A MARIÑA E MONFORTE","0","0","450"
"2024-04-21","A.S. OURENSE, VERÍN E O BARCO","0","0","678"
"2024-04-21","A.S. PONTEVEDRA E O SALNÉS","0","0","370"
"2024-04-21","A.S. SANTIAGO E BARBANZA","0","0","571"
"2024-04-21","A.S. VIGO","0","0","845"
"2024-04-21","SEN A.S. ASIGNADA","0","0","0"
"2024-04-21","GALICIA","0","0","4.211"
"2024-04-22","A.S. A CORUÑA E CEE","0","0","943"
"2024-04-22","A.S. FERROL","0","0","354"
"2024-04-22","A.S. LUGO, A MARIÑA E MONFORTE","0","0","450"
"2024-04-22","A.S. OURENSE, VERÍN E O BARCO","0","0","678"
"2024-04-22","A.S. PONTEVEDRA E O SALNÉS","0","0","370"
"2024-04-22","A.S. SANTIAGO E BARBANZA","0","0","571"
"2024-04-22","A.S. VIGO","0","0","845"
"2024-04-22","SEN A.S. ASIGNADA","0","0","0"
"2024-04-22","GALICIA","0","0","4.211"
"2024-04-23","A.S. A CORUÑA E CEE","0","0","943"
"2024-04-23","A.S. FERROL","0","0","354"
"2024-04-23","A.S. LUGO, A MARIÑA E MONFORTE","0","0","450"
"2024-04-23","A.S. OURENSE, VERÍN E O BARCO","0","0","678"
"2024-04-23","A.S. PONTEVEDRA E O SALNÉS","0","0","370"
"2024-04-23","A.S. SANTIAGO E BARBANZA","0","0","571"
"2024-04-23","A.S. VIGO","0","0","845"
"2024-04-23","SEN A.S. ASIGNADA","0","0","0"
"2024-04-23","GALICIA","0","0","4.211"
"2024-04-24","A.S. A CORUÑA E CEE","0","0","943"
"2024-04-24","A.S. FERROL","0","0","354"
"2024-04-24","A.S. LUGO, A MARIÑA E MONFORTE","0","0","450"
"2024-04-24","A.S. OURENSE, VERÍN E O BARCO","0","0","678"
"2024-04-24","A.S. PONTEVEDRA E O SALNÉS","0","0","370"
"2024-04-24","A.S. SANTIAGO E BARBANZA","0","0","571"
"2024-04-24","A.S. VIGO","0","0","845"
"2024-04-24","SEN A.S. ASIGNADA","0","0","0"
"2024-04-24","GALICIA","0","0","4.211"
"2024-04-25","A.S. A CORUÑA E CEE","0","0","943"
"2024-04-25","A.S. FERROL","0","0","354"
"2024-04-25","A.S. LUGO, A MARIÑA E MONFORTE","0","0","450"
"2024-04-25","A.S. OURENSE, VERÍN E O BARCO","0","0","678"
"2024-04-25","A.S. PONTEVEDRA E O SALNÉS","0","0","370"
"2024-04-25","A.S. SANTIAGO E BARBANZA","0","0","571"
"2024-04-25","A.S. VIGO","0","0","845"
"2024-04-25","SEN A.S. ASIGNADA","0","0","0"
"2024-04-25","GALICIA","0","0","4.211"
"2024-04-26","A.S. A CORUÑA E CEE","0","0","943"
"2024-04-26","A.S. FERROL","0","0","354"
"2024-04-26","A.S. LUGO, A MARIÑA E MONFORTE","0","0","450"
"2024-04-26","A.S. OURENSE, VERÍN E O BARCO","0","0","678"
"2024-04-26","A.S. PONTEVEDRA E O SALNÉS","0","0","370"
"2024-04-26","A.S. SANTIAGO E BARBANZA","0","0","571"
"2024-04-26","A.S. VIGO","0","0","845"
"2024-04-26","SEN A.S. ASIGNADA","0","0","0"
"2024-04-26","GALICIA","0","0","4.211"
"2024-04-27","A.S. A CORUÑA E CEE","0","0","943"
"2024-04-27","A.S. FERROL","0","0","354"
"2024-04-27","A.S. LUGO, A MARIÑA E MONFORTE","0","0","450"
"2024-04-27","A.S. OURENSE, VERÍN E O BARCO","0","0","678"
"2024-04-27","A.S. PONTEVEDRA E O SALNÉS","0","0","370"
"2024-04-27","A.S. SANTIAGO E BARBANZA","0","0","571"
"2024-04-27","A.S. VIGO","0","0","845"
"2024-04-27","SEN A.S. ASIGNADA","0","0","0"
"2024-04-27","GALICIA","0","0","4.211"
"2024-04-28","A.S. A CORUÑA E CEE","0","0","943"
"2024-04-28","A.S. FERROL","0","0","354"
"2024-04-28","A.S. LUGO, A MARIÑA E MONFORTE","0","0","450"
"2024-04-28","A.S. OURENSE, VERÍN E O BARCO","0","0","678"
"2024-04-28","A.S. PONTEVEDRA E O SALNÉS","0","0","370"
"2024-04-28","A.S. SANTIAGO E BARBANZA","0","0","571"
"2024-04-28","A.S. VIGO","0","0","845"
"2024-04-28","SEN A.S. ASIGNADA","0","0","0"
"2024-04-28","GALICIA","0","0","4.211"
"2024-04-29","A.S. A CORUÑA E CEE","0","0","943"
"2024-04-29","A.S. FERROL","0","0","354"
"2024-04-29","A.S. LUGO, A MARIÑA E MONFORTE","0","0","450"
"2024-04-29","A.S. OURENSE, VERÍN E O BARCO","0","0","678"
"2024-04-29","A.S. PONTEVEDRA E O SALNÉS","0","0","370"
"2024-04-29","A.S. SANTIAGO E BARBANZA","0","0","571"
"2024-04-29","A.S. VIGO","0","0","845"
"2024-04-29","SEN A.S. ASIGNADA","0","0","0"
"2024-04-29","GALICIA","0","0","4.211"
"2024-04-30","A.S. A CORUÑA E CEE","0","0","943"
"2024-04-30","A.S. FERROL","0","0","354"
"2024-04-30","A.S. LUGO, A MARIÑA E MONFORTE","0","0","450"
"2024-04-30","A.S. OURENSE, VERÍN E O BARCO","0","0","678"
"2024-04-30","A.S. PONTEVEDRA E O SALNÉS","0","0","370"
"2024-04-30","A.S. SANTIAGO E BARBANZA","0","0","571"
"2024-04-30","A.S. VIGO","0","0","845"
"2024-04-30","SEN A.S. ASIGNADA","0","0","0"
"2024-04-30","GALICIA","0","0","4.211"
"2024-05-01","A.S. A CORUÑA E CEE","35","148.757","943"
"2024-05-01","A.S. FERROL","14","45.177","354"
"2024-05-01","A.S. LUGO, A MARIÑA E MONFORTE","19","80.631","450"
"2024-05-01","A.S. OURENSE, VERÍN E O BARCO","8","89.821","678"
"2024-05-01","A.S. PONTEVEDRA E O SALNÉS","33","80.403","370"
"2024-05-01","A.S. SANTIAGO E BARBANZA","51","115.018","571"
"2024-05-01","A.S. VIGO","17","157.095","845"
"2024-05-01","SEN A.S. ASIGNADA","0","927","0"
"2024-05-01","GALICIA","177","717.829","4.211"
"2024-05-02","A.S. A CORUÑA E CEE","41","148.759","943"
"2024-05-02","A.S. FERROL","17","45.177","354"
"2024-05-02","A.S. LUGO, A MARIÑA E MONFORTE","20","80.633","450"
"2024-05-02","A.S. OURENSE, VERÍN E O BARCO","10","89.822","678"
"2024-05-02","A.S. PONTEVEDRA E O SALNÉS","34","80.406","370"
"2024-05-02","A.S. SANTIAGO E BARBANZA","56","115.022","571"
"2024-05-02","A.S. VIGO","19","157.098","845"
"2024-05-02","SEN A.S. ASIGNADA","0","927","0"
"2024-05-02","GALICIA","197","717.844","4.211"
"2024-05-03","A.S. A CORUÑA E CEE","45","148.762","943"
"2024-05-03","A.S. FERROL","19","45.178","354"
"2024-05-03","A.S. LUGO, A MARIÑA E MONFORTE","20","80.636","450"
"2024-05-03","A.S. OURENSE, VERÍN E O BARCO","15","89.822","678"
"2024-05-03","A.S. PONTEVEDRA E O SALNÉS","30","80.411","370"
"2024-05-03","A.S. SANTIAGO E BARBANZA","57","115.026","571"
"2024-05-03","A.S. VIGO","22","157.098","845"
"2024-05-03","SEN A.S. ASIGNADA","0","927","0"
"2024-05-03","GALICIA","208","717.860","4.211"
"2024-05-04","A.S. A CORUÑA E CEE","42","148.769","943"
"2024-05-04","A.S. FERROL","19","45.180","354"
"2024-05-04","A.S. LUGO, A MARIÑA E MONFORTE","20","80.636","450"
"2024-05-04","A.S. OURENSE, VERÍN E O BARCO","15","89.823","678"
"2024-05-04","A.S. PONTEVEDRA E O SALNÉS","35","80.414","370"
"2024-05-04","A.S. SANTIAGO E BARBANZA","56","115.027","571"
"2024-05-04","A.S. VIGO","21","157.101","845"
"2024-05-04","SEN A.S. ASIGNADA","0","927","0"
"2024-05-04","GALICIA","208","717.877","4.211"
"2024-05-05","A.S. A CORUÑA E CEE","42","148.772","943"
"2024-05-05","A.S. FERROL","21","45.181","354"
"2024-05-05","A.S. LUGO, A MARIÑA E MONFORTE","24","80.638","450"
"2024-05-05","A.S. OURENSE, VERÍN E O BARCO","14","89.824","678"
"2024-05-05","A.S. PONTEVEDRA E O SALNÉS","32","80.417","370"
"2024-05-05","A.S. SANTIAGO E BARBANZA","63","115.031","571"
"2024-05-05","A.S. VIGO","21","157.103","845"
"2024-05-05","SEN A.S. ASIGNADA","0","927","0"
"2024-05-05","GALICIA","217","717.893","4.211"
"2024-05-06","A.S. A CORUÑA E CEE","46","148.774","943"
"2024-05-06","A.S. FERROL","24","45.184","354"
"2024-05-06","A.S. LUGO, A MARIÑA E MONFORTE","31","80.640","450"
"2024-05-06","A.S. OURENSE, VERÍN E O BARCO","18","89.825","678"
"2024-05-06","A.S. PONTEVEDRA E O SALNÉS","32","80.420","370"
"2024-05-06","A.S. SANTIAGO E BARBANZA","70","115.032","571"
"2024-05-06","A.S. VIGO","28","157.104","845"
"2024-05-06","SEN A.S. ASIGNADA","0","927","0"
"2024-05-06","GALICIA","249","717.906","4.211"
"2024-05-07","A.S. A CORUÑA E CEE","49","148.776","943"
"2024-05-07","A.S. FERROL","33","45.184","354"
"2024-05-07","A.S. LUGO, A MARIÑA E MONFORTE","33","80.642","450"
"2024-05-07","A.S. OURENSE, VERÍN E O BARCO","21","89.827","678"
"2024-05-07","A.S. PONTEVEDRA E O SALNÉS","37","80.422","370"
"2024-05-07","A.S. SANTIAGO E BARBANZA","77","115.038","571"
"2024-05-07","A.S. VIGO","32","157.105","845"
"2024-05-07","SEN A.S. ASIGNADA","0","927","0"
"2024-05-07","GALICIA","282","717.921","4.211"
"2024-05-08","A.S. A CORUÑA E CEE","52","148.779","943"
"2024-05-08","A.S. FERROL","38","45.184","354"
"2024-05-08","A.S. LUGO, A MARIÑA E MONFORTE","41","80.646","450"
"2024-05-08","A.S. OURENSE, VERÍN E O BARCO","23","89.827","678"
"2024-05-08","A.S. PONTEVEDRA E O SALNÉS","41","80.423","370"
"2024-05-08","A.S. SANTIAGO E BARBANZA","90","115.042","571"
"2024-05-08","A.S. VIGO","40","157.107","845"
"2024-05-08","SEN A.S. ASIGNADA","0","927","0"
"2024-05-08","GALICIA","325","717.935","4.211"
"2024-05-09","A.S. A CORUÑA E CEE","63","148.782","943"
"2024-05-09","A.S. FERROL","46","45.184","354"
"2024-05-09","A.S. LUGO, A MARIÑA E MONFORTE","57","80.647","450"
"2024-05-09","A.S. OURENSE, VERÍN E O BARCO","25","89.828","678"
"2024-05-09","A.S. PONTEVEDRA E O SALNÉS","45","80.423","370"
"2024-05-09","A.S. SANTIAGO E BARBANZA","95","115.047","571"
"2024-05-09","A.S. VIGO","46","157.108","845"
"2024-05-09","SEN A.S. ASIGNADA","0","927","0"
"2024-05-09","GALICIA","377","717.946","4.211"
"2024-05-10","A.S. A CORUÑA E CEE","77","148.785","943"
"2024-05-10","A.S. FERROL","49","45.187","354"
"2024-05-10","A.S. LUGO, A MARIÑA E MONFORTE","65","80.651","450"
"2024-05-10","A.S. OURENSE, VERÍN E O BARCO","27","89.828","678"
"2024-05-10","A.S. PONTEVEDRA E O SALNÉS","48","80.426","370"
"2024-05-10","A.S. SANTIAGO E BARBANZA","104","115.056","571"
"2024-05-10","A.S. VIGO","46","157.112","845"
"2024-05-10","SEN A.S. ASIGNADA","0","927","0"
"2024-05-10","GALICIA","416","717.972","4.211"
"2024-05-11","A.S. A CORUÑA E CEE","77","148.790","943"
"2024-05-11","A.S. FERROL","50","45.190","354"
"2024-05-11","A.S. LUGO, A MARIÑA E MONFORTE","67","80.653","450"
"2024-05-11","A.S. OURENSE, VERÍN E O BARCO","26","89.829","678"
"2024-05-11","A.S. PONTEVEDRA E O SALNÉS","41","80.435","370"
"2024-05-11","A.S. SANTIAGO E BARBANZA","109","115.061","571"
"2024-05-11","A.S. VIGO","53","157.113","845"
"2024-05-11","SEN A.S. ASIGNADA","0","927","0"
"2024-05-11","GALICIA","423","717.998","4.211"
"2024-05-12","A.S. A CORUÑA E CEE","86","148.794","943"
"2024-05-12","A.S. FERROL","50","45.192","354"
"2024-05-12","A.S. LUGO, A MARIÑA E MONFORTE","77","80.654","450"
"2024-05-12","A.S. OURENSE, VERÍN E O BARCO","28","89.830","678"
"2024-05-12","A.S. PONTEVEDRA E O SALNÉS","42","80.436","370"
"2024-05-12","A.S. SANTIAGO E BARBANZA","110","115.069","571"
"2024-05-12","A.S. VIGO","54","157.114","845"
"2024-05-12","SEN A.S. ASIGNADA","0","927","0"
"2024-05-12","GALICIA","447","718.016","4.211"
"2024-05-13","A.S. A CORUÑA E CEE","87","148.803","943"
"2024-05-13","A.S. FERROL","62","45.196","354"
"2024-05-13","A.S. LUGO, A MARIÑA E MONFORTE","86","80.657","450"
"2024-05-13","A.S. OURENSE, VERÍN E O BARCO","31","89.831","678"
"2024-05-13","A.S. PONTEVEDRA E O SALNÉS","44","80.440","370"
"2024-05-13","A.S. SANTIAGO E BARBANZA","115","115.079","571"
"2024-05-13","A.S. VIGO","58","157.118","845"
"2024-05-13","SEN A.S. ASIGNADA","0","927","0"
"2024-05-13","GALICIA","483","718.051","4.211"
"2024-05-14","A.S. A CORUÑA E CEE","92","148.810","943"
"2024-05-14","A.S. FERROL","69","45.198","354"
"2024-05-14","A.S. LUGO, A MARIÑA E MONFORTE","105","80.662","450"
"2024-05-14","A.S. OURENSE, VERÍN E O BARCO","31","89.836","678"
"2024-05-14","A.S. PONTEVEDRA E O SALNÉS","47","80.443","370"
"2024-05-14","A.S. SANTIAGO E BARBANZA","119","115.083","571"
"2024-05-14","A.S. VIGO","61","157.120","845"
"2024-05-14","SEN A.S. ASIGNADA","0","927","0"
"2024-05-14","GALICIA","524","718.079","4.211"
"2024-05-15","A.S. A CORUÑA E CEE","98","148.814","943"
"2024-05-15","A.S. FERROL","72","45.201","354"
"2024-05-15","A.S. LUGO, A MARIÑA E MONFORTE","125","80.664","450"
"2024-05-15","A.S. OURENSE, VERÍN E O BARCO","34","89.837","678"
"2024-05-15","A.S. PONTEVEDRA E O SALNÉS","49","80.452","370"
"2024-05-15","A.S. SANTIAGO E BARBANZA","129","115.083","571"
"2024-05-15","A.S. VIGO","62","157.123","845"
"2024-05-15","SEN A.S. ASIGNADA","0","927","0"
"2024-05-15","GALICIA","569","718.101","4.211"
"2024-05-16","A.S. A CORUÑA E CEE","116","148.817","943"
"2024-05-16","A.S. FERROL","77","45.204","354"
"2024-05-16","A.S. LUGO, A MARIÑA E MONFORTE","140","80.668","450"
"2024-05-16","A.S. OURENSE, VERÍN E O BARCO","42","89.837","678"
"2024-05-16","A.S. PONTEVEDRA E O SALNÉS","54","80.452","370"
"2024-05-16","A.S. SANTIAGO E BARBANZA","134","115.094","571"
"2024-05-16","A.S. VIGO","67","157.125","845"
"2024-05-16","SEN A.S. ASIGNADA","0","927","0"
"2024-05-16","GALICIA","630","718.124","4.211"
"2024-05-17","A.S. A CORUÑA E CEE","124","148.823","943"
"2024-05-17","A.S. FERROL","77","45.209","354"
"2024-05-17","A.S. LUGO, A MARIÑA E MONFORTE","145","80.677","450"
"2024-05-17","A.S. OURENSE, VERÍN E O BARCO","39","89.842","678"
"2024-05-17","A.S. PONTEVEDRA E O SALNÉS","54","80.455","370"
"2024-05-17","A.S. SANTIAGO E BARBANZA","138","115.100","571"
"2024-05-17","A.S. VIGO","67","157.132","845"
"2024-05-17","SEN A.S. ASIGNADA","0","927","0"
"2024-05-17","GALICIA","644","718.165","4.211"
"2024-05-18","A.S. A CORUÑA E CEE","134","148.827","943"
"2024-05-18","A.S. FERROL","71","45.218","354"
"2024-05-18","A.S. LUGO, A MARIÑA E MONFORTE","160","80.680","450"
"2024-05-18","A.S. OURENSE, VERÍN E O BARCO","35","89.847","678"
"2024-05-18","A.S. PONTEVEDRA E O SALNÉS","55","80.460","370"
"2024-05-18","A.S. SANTIAGO E BARBANZA","134","115.112","571"
"2024-05-18","A.S. VIGO","67","157.137","845"
"2024-05-18","SEN A.S. ASIGNADA","0","927","0"
"2024-05-18","GALICIA","656","718.208","4.211"
"2024-05-19","A.S. A CORUÑA E CEE","141","148.831","943"
"2024-05-19","A.S. FERROL","73","45.224","354"
"2024-05-19","A.S. LUGO, A MARIÑA E MONFORTE","167","80.690","450"
"2024-05-19","A.S. OURENSE, VERÍN E O BARCO","36","89.850","678"
"2024-05-19","A.S. PONTEVEDRA E O SALNÉS","56","80.465","370"
"2024-05-19","A.S. SANTIAGO E BARBANZA","135","115.125","571"
"2024-05-19","A.S. VIGO","62","157.147","845"
"2024-05-19","SEN A.S. ASIGNADA","0","927","0"
"2024-05-19","GALICIA","670","718.259","4.211"
"2024-05-20","A.S. A CORUÑA E CEE","153","148.845","943"
"2024-05-20","A.S. FERROL","74","45.232","354"
"2024-05-20","A.S. LUGO, A MARIÑA E MONFORTE","176","80.710","450"
"2024-05-20","A.S. OURENSE, VERÍN E O BARCO","46","89.852","678"
"2024-05-20","A.S. PONTEVEDRA E O SALNÉS","62","80.469","370"
"2024-05-20","A.S. SANTIAGO E BARBANZA","147","115.137","571"
"2024-05-20","A.S. VIGO","62","157.154","845"
"2024-05-20","SEN A.S. ASIGNADA","0","927","0"
"2024-05-20","GALICIA","720","718.326","4.211"
"2024-05-21","A.S. A CORUÑA E CEE","161","148.862","943"
"2024-05-21","A.S. FERROL","81","45.236","354"
"2024-05-21","A.S. LUGO, A MARIÑA E MONFORTE","192","80.722","450"
"2024-05-21","A.S. OURENSE, VERÍN E O BARCO","52","89.855","678"
"2024-05-21","A.S. PONTEVEDRA E O SALNÉS","63","80.474","370"
"2024-05-21","A.S. SANTIAGO E BARBANZA","148","115.155","571"
"2024-05-21","A.S. VIGO","77","157.158","845"
"2024-05-21","SEN A.S. ASIGNADA","0","927","0"
"2024-05-21","GALICIA","774","718.389","4.211"
"2024-05-22","A.S. A CORUÑA E CEE","179","148.867","943"
"2024-05-22","A.S. FERROL","87","45.239","354"
"2024-05-22","A.S. LUGO, A MARIÑA E MONFORTE","227","80.728","450"
"2024-05-22","A.S. OURENSE, VERÍN E O BARCO","69","89.856","678"
"2024-05-22","A.S. PONTEVEDRA E O SALNÉS","72","80.476","370"
"2024-05-22","A.S. SANTIAGO E BARBANZA","155","115.169","571"
"2024-05-22","A.S. VIGO","87","157.166","845"
"2024-05-22","SEN A.S. ASIGNADA","0","927","0"
"2024-05-22","GALICIA","876","718.428","4.211"
"2024-05-23","A.S. A CORUÑA E CEE","193","148.882","943"
"2024-05-23","A.S. FERROL","98","45.242","354"
"2024-05-23","A.S. LUGO, A MARIÑA E MONFORTE","252","80.739","450"
"2024-05-23","A.S. OURENSE, VERÍN E O BARCO","84","89.858","678"
"2024-05-23","A.S. PONTEVEDRA E O SALNÉS","78","80.479","370"
"2024-05-23","A.S. SANTIAGO E BARBANZA","167","115.179","571"
"2024-05-23","A.S. VIGO","102","157.168","845"
"2024-05-23","SEN A.S. ASIGNADA","0","927","0"
"2024-05-23","GALICIA","974","718.474","4.211"
"2024-05-24","A.S. A CORUÑA E CEE","206","148.892","943"
"2024-05-24","A.S. FERROL","94","45.259","354"
"2024-05-24","A.S. LUGO, A MARIÑA E MONFORTE","278","80.750","450"
"2024-05-24","A.S. OURENSE, VERÍN E O BARCO","93","89.863","678"
"2024-05-24","A.S. PONTEVEDRA E O SALNÉS","86","80.484","370"
"2024-05-24","A.S. SANTIAGO E BARBANZA","171","115.194","571"
"2024-05-24","A.S. VIGO","122","157.177","845"
"2024-05-24","SEN A.S. ASIGNADA","0","927","0"
"2024-05-24","GALICIA","1.050","718.546","4.211"
"2024-05-25","A.S. A CORUÑA E CEE","210","148.904","943"
"2024-05-25","A.S. FERROL","92","45.269","354"
"2024-05-25","A.S. LUGO, A MARIÑA E MONFORTE","277","80.771","450"
"2024-05-25","A.S. OURENSE, VERÍN E O BARCO","93","89.868","678"
"2024-05-25","A.S. PONTEVEDRA E O SALNÉS","82","80.491","370"
"2024-05-25","A.S. SANTIAGO E BARBANZA","173","115.204","571"
"2024-05-25","A.S. VIGO","122","157.182","845"
"2024-05-25","SEN A.S. ASIGNADA","0","927","0"
"2024-05-25","GALICIA","1.049","718.616","4.211"
"2024-05-26","A.S. A CORUÑA E CEE","218","148.915","943"
"2024-05-26","A.S. FERROL","97","45.273","354"
"2024-05-26","A.S. LUGO, A MARIÑA E MONFORTE","280","80.793","450"
"2024-05-26","A.S. OURENSE, VERÍN E O BARCO","94","89.872","678"
"2024-05-26","A.S. PONTEVEDRA E O SALNÉS","77","80.503","370"
"2024-05-26","A.S. SANTIAGO E BARBANZA","175","115.214","571"
"2024-05-26","A.S. VIGO","141","157.186","845"
"2024-05-26","SEN A.S. ASIGNADA","0","927","0"
"2024-05-26","GALICIA","1.082","718.683","4.211"
"2024-05-27","A.S. A CORUÑA E CEE","227","148.936","943"
"2024-05-27","A.S. FERROL","103","45.282","354"
"2024-05-27","A.S. LUGO, A MARIÑA E MONFORTE","302","80.814","450"
"2024-05-27","A.S. OURENSE, VERÍN E O BARCO","118","89.878","678"
"2024-05-27","A.S. PONTEVEDRA E O SALNÉS","88","80.507","370"
"2024-05-27","A.S. SANTIAGO E BARBANZA","188","115.228","571"
"2024-05-27","A.S. VIGO","160","157.193","845"
"2024-05-27","SEN A.S. ASIGNADA","0","927","0"
"2024-05-27","GALICIA","1.186","718.765","4.211"
"2024-05-28","A.S. A CORUÑA E CEE","256","148.951","943"
"2024-05-28","A.S. FERROL","112","45.287","354"
"2024-05-28","A.S. LUGO, A MARIÑA E MONFORTE","337","80.830","450"
"2024-05-28","A.S. OURENSE, VERÍN E O BARCO","139","89.881","678"
"2024-05-28","A.S. PONTEVEDRA E O SALNÉS","102","80.509","370"
"2024-05-28","A.S. SANTIAGO E BARBANZA","205","115.239","571"
"2024-05-28","A.S. VIGO","182","157.201","845"
"2024-05-28","SEN A.S. ASIGNADA","0","927","0"
"2024-05-28","GALICIA","1.333","718.825","4.211"
"2024-05-29","A.S. A CORUÑA E CEE","288","148.965","943"
"2024-05-29","A.S. FERROL","125","45.290","354"
"2024-05-29","A.S. LUGO, A MARIÑA E MONFORTE","365","80.850","450"
"2024-05-29","A.S. OURENSE, VERÍN E O BARCO","164","89.885","678"
"2024-05-29","A.S. PONTEVEDRA E O SALNÉS","112","80.516","370"
"2024-05-29","A.S. SANTIAGO E BARBANZA","231","115.245","571"
"2024-05-29","A.S. VIGO","215","157.206","845"
"2024-05-29","SEN A.S. ASIGNADA","0","927","0"
"2024-05-29","GALICIA","1.500","718.884","4.211"
"2024-05-30","A.S. A CORUÑA E CEE","309","148.977","943"
"2024-05-30","A.S. FERROL","126","45.298","354"
"2024-05-30","A.S. LUGO, A MARIÑA E MONFORTE","387","80.872","450"
"2024-05-30","A.S. OURENSE, VERÍN E O BARCO","191","89.890","678"
"2024-05-30","A.S. PONTEVEDRA E O SALNÉS","135","80.521","370"
"2024-05-30","A.S. SANTIAGO E BARBANZA","247","115.259","571"
"2024-05-30","A.S. VIGO","256","157.211","845"
"2024-05-30","SEN A.S. ASIGNADA","0","927","0"
"2024-05-30","GALICIA","1.651","718.955","4.211"
"2024-05-31","A.S. A CORUÑA E CEE","318","149.002","943"
"2024-05-31","A.S. FERROL","128","45.306","354"
"2024-05-31","A.S. LUGO, A MARIÑA E MONFORTE","416","80.902","450"
"2024-05-31","A.S. OURENSE, VERÍN E O BARCO","201","89.906","678"
"2024-05-31","A.S. PONTEVEDRA E O SALNÉS","152","80.532","370"
"2024-05-31","A.S. SANTIAGO E BARBANZA","240","115.284","571"
"2024-05-31","A.S. VIGO","287","157.221","845"
"2024-05-31","SEN A.S. ASIGNADA","0","927","0"
"2024-05-31","GALICIA","1.742","719.080","4.211"
"2024-06-01","A.S. A CORUÑA E CEE","313","149.026","943"
"2024-06-01","A.S. FERROL","134","45.316","354"
"2024-06-01","A.S. LUGO, A MARIÑA E MONFORTE","405","80.930","450"
"2024-06-01","A.S. OURENSE, VERÍN E O BARCO","202","89.914","678"
"2024-06-01","A.S. PONTEVEDRA E O SALNÉS","163","80.538","370"
"2024-06-01","A.S. SANTIAGO E BARBANZA","231","115.299","571"
"2024-06-01","A.S. VIGO","281","157.240","845"
"2024-06-01","SEN A.S. ASIGNADA","0","927","0"
"2024-06-01","GALICIA","1.729","719.190","4.211"
"2024-06-02","A.S. A CORUÑA E CEE","318","149.046","943"
"2024-06-02","A.S. FERROL","136","45.326","354"
"2024-06-02","A.S. LUGO, A MARIÑA E MONFORTE","390","80.969","450"
"2024-06-02","A.S. OURENSE, VERÍN E O BARCO","204","89.931","678"
"2024-06-02","A.S. PONTEVEDRA E O SALNÉS","168","80.550","370"
"2024-06-02","A.S. SANTIAGO E BARBANZA","227","115.320","571"
"2024-06-02","A.S. VIGO","292","157.256","845"
"2024-06-02","SEN A.S. ASIGNADA","0","927","0"
"2024-06-02","GALICIA","1.735","719.325","4.211"
"2024-06-03","A.S. A CORUÑA E CEE","345","149.075","943"
"2024-06-03","A.S. FERROL","142","45.339","354"
"2024-06-03","A.S. LUGO, A MARIÑA E MONFORTE","416","81.008","450"
"2024-06-03","A.S. OURENSE, VERÍN E O BARCO","231","89.944","678"
"2024-06-03","A.S. PONTEVEDRA E O SALNÉS","188","80.560","370"
"2024-06-03","A.S. SANTIAGO E BARBANZA","242","115.341","571"
"2024-06-03","A.S. VIGO","323","157.277","845"
"2024-06-03","SEN A.S. ASIGNADA","0","927","0"
"2024-06-03","GALICIA","1.887","719.471","4.211"
"2024-06-04","A.S. A CORUÑA E CEE","366","149.100","943"
"2024-06-04","A.S. FERROL","146","45.352","354"
"2024-06-04","A.S. LUGO, A MARIÑA E MONFORTE","417","81.047","450"
"2024-06-04","A.S. OURENSE, VERÍN E O BARCO","254","89.957","678"
"2024-06-04","A.S. PONTEVEDRA E O SALNÉS","204","80.575","370"
"2024-06-04","A.S. SANTIAGO E BARBANZA","261","115.364","571"
"2024-06-04","A.S. VIGO","346","157.305","845"
"2024-06-04","SEN A.S. ASIGNADA","0","927","0"
"2024-06-04","GALICIA","1.994","719.627","4.211"
"2024-06-05","A.S. A CORUÑA E CEE","403","149.113","943"
"2024-06-05","A.S. FERROL","152","45.359","354"
"2024-06-05","A.S. LUGO, A MARIÑA E MONFORTE","443","81.065","450"
"2024-06-05","A.S. OURENSE, VERÍN E O BARCO","275","89.964","678"
"2024-06-05","A.S. PONTEVEDRA E O SALNÉS","218","80.578","370"
"2024-06-05","A.S. SANTIAGO E BARBANZA","290","115.377","571"
"2024-06-05","A.S. VIGO","383","157.311","845"
"2024-06-05","SEN A.S. ASIGNADA","0","927","0"
"2024-06-05","GALICIA","2.164","719.694","4.211"
"2024-06-06","A.S. A CORUÑA E CEE","429","149.137","943"
"2024-06-06","A.S. FERROL","161","45.368","354"
"2024-06-06","A.S. LUGO, A MARIÑA E MONFORTE","457","81.092","450"
"2024-06-06","A.S. OURENSE, VERÍN E O BARCO","309","89.970","678"
"2024-06-06","A.S. PONTEVEDRA E O SALNÉS","243","80.585","370"
"2024-06-06","A.S. SANTIAGO E BARBANZA","317","115.390","571"
"2024-06-06","A.S. VIGO","405","157.334","845"
"2024-06-06","SEN A.S. ASIGNADA","0","927","0"
"2024-06-06","GALICIA","2.321","719.803","4.211"
"2024-06-07","A.S. A CORUÑA E CEE","442","149.168","943"
"2024-06-07","A.S. FERROL","156","45.384","354"
"2024-06-07","A.S. LUGO, A MARIÑA E MONFORTE","464","81.133","450"
"2024-06-07","A.S. OURENSE, VERÍN E O BARCO","305","90.001","678"
"2024-06-07","A.S. PONTEVEDRA E O SALNÉS","255","80.597","370"
"2024-06-07","A.S. SANTIAGO E BARBANZA","326","115.418","571"
"2024-06-07","A.S. VIGO","435","157.359","845"
"2024-06-07","SEN A.S. ASIGNADA","0","927","0"
"2024-06-07","GALICIA","2.383","719.987","4.211"
"2024-06-08","A.S. A CORUÑA E CEE","447","149.210","943"
"2024-06-08","A.S. FERROL","152","45.398","354"
"2024-06-08","A.S. LUGO, A MARIÑA E MONFORTE","450","81.179","450"
"2024-06-08","A.S. OURENSE, VERÍN E O BARCO","299","90.025","678"
"2024-06-08","A.S. PONTEVEDRA E O SALNÉS","266","80.615","370"
"2024-06-08","A.S. SANTIAGO E BARBANZA","311","115.447","571"
"2024-06-08","A.S. VIGO","428","157.393","845"
"2024-06-08","SEN A.S. ASIGNADA","0","927","0"
"2024-06-08","GALICIA","2.353","720.194","4.211"
"2024-06-09","A.S. A CORUÑA E CEE","446","149.254","943"
"2024-06-09","A.S. FERROL","141","45.414","354"
"2024-06-09","A.S. LUGO, A MARIÑA E MONFORTE","428","81.228","450"
"2024-06-09","A.S. OURENSE, VERÍN E O BARCO","284","90.050","678"
"2024-06-09","A.S. PONTEVEDRA E O SALNÉS","264","80.632","370"
"2024-06-09","A.S. SANTIAGO E BARBANZA","296","115.479","571"
"2024-06-09","A.S. VIGO","406","157.429","845"
"2024-06-09","SEN A.S. ASIGNADA","0","927","0"
"2024-06-09","GALICIA","2.265","720.413","4.211"
"2024-06-10","A.S. A CORUÑA E CEE","480","149.291","943"
"2024-06-10","A.S. FERROL","150","45.424","354"
"2024-06-10","A.S. LUGO, A MARIÑA E MONFORTE","430","81.276","450"
"2024-06-10","A.S. OURENSE, VERÍN E O BARCO","289","90.083","678"
"2024-06-10","A.S. PONTEVEDRA E O SALNÉS","264","80.659","370"
"2024-06-10","A.S. SANTIAGO E BARBANZA","312","115.508","571"
"2024-06-10","A.S. VIGO","422","157.470","845"
"2024-06-10","SEN A.S. ASIGNADA","0","927","0"
"2024-06-10","GALICIA","2.347","720.638","4.211"
"2024-06-11","A.S. A CORUÑA E CEE","535","149.323","943"
"2024-06-11","A.S. FERROL","155","45.434","354"
"2024-06-11","A.S. LUGO, A MARIÑA E MONFORTE","413","81.339","450"
"2024-06-11","A.S. OURENSE, VERÍN E O BARCO","288","90.109","678"
"2024-06-11","A.S. PONTEVEDRA E O SALNÉS","265","80.687","370"
"2024-06-11","A.S. SANTIAGO E BARBANZA","317","115.526","571"
"2024-06-11","A.S. VIGO","431","157.509","845"
"2024-06-11","SEN A.S. ASIGNADA","0","927","0"
"2024-06-11","GALICIA","2.404","720.854","4.211"
"2024-06-12","A.S. A CORUÑA E CEE","575","149.345","943"
"2024-06-12","A.S. FERROL","165","45.448","354"
"2024-06-12","A.S. LUGO, A MARIÑA E MONFORTE","441","81.358","450"
"2024-06-12","A.S. OURENSE, VERÍN E O BARCO","312","90.122","678"
"2024-06-12","A.S. PONTEVEDRA E O SALNÉS","290","80.700","370"
"2024-06-12","A.S. SANTIAGO E BARBANZA","346","115.533","571"
"2024-06-12","A.S. VIGO","470","157.524","845"
"2024-06-12","SEN A.S. ASIGNADA","0","927","0"
"2024-06-12","GALICIA","2.599","720.957","4.211"
"2024-06-13","A.S. A CORUÑA E CEE","616","149.368","943"
"2024-06-13","A.S. FERROL","172","45.461","354"
"2024-06-13","A.S. LUGO, A MARIÑA E MONFORTE","463","81.383","450"
"2024-06-13","A.S. OURENSE, VERÍN E O BARCO","327","90.141","678"
"2024-06-13","A.S. PONTEVEDRA E O SALNÉS","303","80.717","370"
"2024-06-13","A.S. SANTIAGO E BARBANZA","363","115.548","571"
"2024-06-13","A.S. VIGO","494","157.552","845"
"2024-06-13","SEN A.S. ASIGNADA","0","927","0"
"2024-06-13","GALICIA","2.738","721.097","4.211"
"2024-06-14","A.S. A CORUÑA E CEE","607","149.424","943"
"2024-06-14","A.S. FERROL","169","45.483","354"
"2024-06-14","A.S. LUGO, A MARIÑA E MONFORTE","441","81.443","450"
"2024-06-14","A.S. OURENSE, VERÍN E O BARCO","340","90.179","678"
"2024-06-14","A.S. PONTEVEDRA E O SALNÉS","305","80.746","370"
"2024-06-14","A.S. SANTIAGO E BARBANZA","357","115.582","571"
"2024-06-14","A.S. VIGO","499","157.603","845"
"2024-06-14","SEN A.S. ASIGNADA","0","927","0"
"2024-06-14","GALICIA","2.718","721.387","4.211"
"2024-06-15","A.S. A CORUÑA E CEE","593","149.472","943"
"2024-06-15","A.S. FERROL","160","45.501","354"
"2024-06-15","A.S. LUGO, A MARIÑA E MONFORTE","420","81.478","450"
"2024-06-15","A.S. OURENSE, VERÍN E O BARCO","325","90.215","678"
"2024-06-15","A.S. PONTEVEDRA E O SALNÉS","284","80.774","370"
"2024-06-15","A.S. SANTIAGO E BARBANZA","342","115.621","571"
"2024-06-15","A.S. VIGO","478","157.649","845"
"2024-06-15","SEN A.S. ASIGNADA","0","927","0"
"2024-06-15","GALICIA","2.602","721.637","4.211"
"2024-06-16","A.S. A CORUÑA E CEE","592","149.523","943"
"2024-06-16","A.S. FERROL","155","45.513","354"
"2024-06-16","A.S. LUGO, A MARIÑA E MONFORTE","394","81.523","450"
"2024-06-16","A.S. OURENSE, VERÍN E O BARCO","313","90.241","678"
"2024-06-16","A.S. PONTEVEDRA E O SALNÉS","287","80.794","370"
"2024-06-16","A.S. SANTIAGO E BARBANZA","324","115.659","571"
"2024-06-16","A.S. VIGO","462","157.694","845"
"2024-06-16","SEN A.S. ASIGNADA","0","927","0"
"2024-06-16","GALICIA","2.527","721.874","4.211"
"2024-06-17","A.S. A CORUÑA E CEE","624","149.573","943"
"2024-06-17","A.S. FERROL","168","45.531","354"
"2024-06-17","A.S. LUGO, A MARIÑA E MONFORTE","390","81.566","450"
"2024-06-17","A.S. OURENSE, VERÍN E O BARCO","326","90.284","678"
"2024-06-17","A.S. PONTEVEDRA E O SALNÉS","302","80.824","370"
"2024-06-17","A.S. SANTIAGO E BARBANZA","320","115.700","571"
"2024-06-17","A.S. VIGO","483","157.744","845"
"2024-06-17","SEN A.S. ASIGNADA","0","927","0"
"2024-06-17","GALICIA","2.613","722.149","4.211"
"2024-06-18","A.S. A CORUÑA E CEE","626","149.615","943"
"2024-06-18","A.S. FERROL","177","45.539","354"
"2024-06-18","A.S. LUGO, A MARIÑA E MONFORTE","375","81.612","450"
"2024-06-18","A.S. OURENSE, VERÍN E O BARCO","362","90.308","678"
"2024-06-18","A.S. PONTEVEDRA E O SALNÉS","307","80.848","370"
"2024-06-18","A.S. SANTIAGO E BARBANZA","309","115.735","571"
"2024-06-18","A.S. VIGO","471","157.798","845"
"2024-06-18","SEN A.S. ASIGNADA","0","927","0"
"2024-06-18","GALICIA","2.627","722.382","4.211"
